1 1665253
2 1665253
3 1665253
4 1665253
5 1665253
6 1665253
7 1665253
8 1665253
9 1665253
10 1665253
11 1665253
12 1665253
13 1665253
14 1665253
15 1665253
16 1665253
17 1665253
18 1665253
19 1665253
20 1665253
21 1665253
22 1665253
23 1665253
24 1665253
25 1665253
26 1665253
27 1665253
28 1665253
29 1665253
30 1665253
31 1665253
32 1665253
33 1665253
34 1665253
35 1665253
36 1665253
37 1665253
38 1665253
39 1665253
40 1665253
41 1665253
42 1665253
43 1665253
44 1665253
45 1665253
46 1665253
47 1665253
48 1665253
49 1665253
50 1665253
51 1665253
52 1665253
53 1665253
54 1665253
55 1665253
56 1665253
57 1665253
58 1665253
59 1665253
60 1665253
61 1665253
62 1665253
63 1665253
64 1665253
65 1665253
66 1665253
67 1665253
68 1665253
69 1665253
70 1665253
71 1665253
72 1665253
73 1665253
74 1665253
75 1665253
76 1665253
77 1665253
78 1665253
79 1665253
80 1665253
81 1665253
82 1665253
83 1665253
84 1665253
85 1665253
86 1665253
87 1665253
88 1665253
89 1665253
90 1665253
91 1665253
92 1665253
93 1665253
94 1665253
95 1665253
96 1665253
97 1665253
98 1665253
99 1665253
100 1665253
101 1665253
102 1665253
103 1665253
104 1665253
105 1665253
106 1665253
107 1665253
108 1665253
109 1665253
110 1665253
111 1665253
112 1665253
113 1665253
114 1665253
115 1665253
116 1665253
117 1665253
118 1665253
119 1665253
120 1665253
121 1665253
122 1665253
123 1665253
124 1665253
125 1665253
126 1665253
127 1665253
128 1665253
129 1665253
130 1665253
131 1665253
132 1665253
133 1665253
134 1665253
135 1665253
136 1665253
137 1665253
138 1665253
139 1665253
140 1665253
141 1665253
142 1665253
143 1665253
144 1665253
145 1665253
146 1665253
147 1665253
148 1665253
149 1665253
150 1665253
151 1665253
152 1665253
153 1665253
154 1665253
155 1665253
156 1665253
157 1665253
158 1665253
159 1665253
160 1665253
161 1665253
162 1665253
163 1665253
164 1665253
165 1665253
166 1665253
167 1665253
