1 2962593
2 2962593
3 2962593
4 2962593
5 2962593
6 2962593
7 2962593
8 2962593
9 2962593
10 2962593
11 2962593
12 2962593
13 2962593
14 2962593
15 2962593
16 2962593
17 2962593
18 2962593
19 2962593
20 2962593
21 2962593
22 2962593
23 2962593
24 2962593
25 2962593
26 2962593
27 2962593
28 2962593
29 2962593
30 2962593
31 2962593
32 2962593
33 2962593
34 2962593
35 2962593
36 2962593
37 2962593
38 2962593
39 2962593
40 2962593
41 2962593
42 2962593
43 2962593
44 2962593
45 2962593
46 2962593
47 2962593
48 2962593
49 2962593
50 2962593
51 2962593
52 2962593
53 2962593
54 2962593
55 2962593
56 2962593
57 2962593
58 2962593
59 2962593
60 2962593
61 2962593
62 2962593
63 2962593
64 2962593
65 2962593
66 2962593
67 2962593
68 2962593
69 2962593
70 2962593
71 2962593
72 2962593
73 2962593
74 2962593
75 2962593
76 2962593
77 2962593
78 2962593
79 2962593
80 2962593
81 2962593
82 2962593
83 2962593
84 2962593
85 2962593
86 2962593
87 2962593
88 2962593
89 2962593
90 2962593
91 2962593
92 2962593
93 2962593
94 2962593
95 2962593
96 2962593
97 2962593
98 2962593
99 2962593
100 2962593
101 2962593
102 2962593
103 2962593
104 2962593
105 2962593
106 2962593
107 2962593
108 2962593
109 2962593
110 2962593
111 2962593
112 2962593
113 2962593
114 2962593
115 2962593
116 2962593
117 2962593
118 2962593
119 2962593
120 2962593
121 2962593
122 2962593
123 2962593
124 2962593
125 2962593
126 2962593
127 2962593
128 2962593
129 2962593
130 2962593
131 2962593
132 2962593
133 2962593
134 2962593
135 2962593
136 2962593
137 2962593
138 2962593
139 2962593
140 2962593
141 2962593
142 2962593
143 2962593
144 2962593
145 2962593
146 2962593
147 2962593
148 2962593
149 2962593
150 2962593
