1 0
2 0
3 0
4 0
5 0
6 0
7 0
8 0
9 0
10 0
11 0
12 0
13 0
14 0
15 0
16 0
17 0
18 0
19 0
20 0
21 0
22 0
23 0
24 0
25 0
26 0
27 0
28 0
29 0
30 0
31 0
32 0
33 0
34 0
35 0
36 0
37 0
38 0
39 0
40 0
41 0
42 0
43 0
44 0
45 0
46 0
47 0
48 0
49 0
50 0
51 0
52 0
53 0
54 0
55 0
56 0
57 0
58 0
59 0
60 0
61 0
62 0
63 0
64 0
65 0
66 0
67 0
68 0
69 0
70 0
71 0
72 0
73 0
74 0
75 0
76 0
77 0
78 0
79 0
80 0
81 0
82 0
83 2
84 2
85 2
86 3
87 5
88 5
89 5
90 6
91 22
92 23
93 67
94 83
95 155
96 155
97 181
98 202
99 205
100 205
101 245
102 257
103 260
104 260
105 266
106 294
107 294
108 294
109 309
110 309
111 309
112 317
113 327
114 338
115 350
116 381
117 400
118 401
119 401
120 401
121 402
122 402
123 402
124 403
125 403
126 406
127 406
128 410
129 412
130 413
131 415
132 416
133 421
134 421
135 421
136 422
137 422
138 422
139 422
140 422
141 422
142 422
143 424
144 424
145 424
146 424
147 424
148 424
149 424
150 424
151 424
152 424
153 425
154 425
155 425
156 425
157 425
158 425
159 425
160 425
161 425
162 426
163 426
164 426
165 426
166 426
167 426
168 426
169 428
170 428
171 428
172 428
173 428
174 428
175 428
176 428
177 428
178 428
179 428
180 428
181 428
182 428
183 428
184 428
185 428
186 428
187 428
188 428
189 428
190 428
191 428
192 428
193 428
194 428
195 428
196 428
197 428
198 428
199 428
200 428
201 428
202 428
203 428
204 428
205 428
206 428
207 428
208 428
209 428
210 428
211 428
212 428
213 428
214 428
215 428
216 428
217 428
218 428
219 428
220 428
221 428
222 428
223 428
224 428
225 428
226 428
227 428
228 428
229 428
230 428
231 428
232 428
233 428
234 428
235 428
236 428
237 428
238 428
239 428
240 428
241 428
242 428
243 428
244 428
245 428
246 428
247 428
248 428
249 428
250 428
251 428
252 428
253 428
254 428
255 428
256 428
257 428
258 428
259 428
260 428
261 428
262 428
263 428
264 428
265 428
266 428
267 428
268 428
269 428
270 428
271 428
272 428
273 428
274 428
275 428
276 428
277 428
278 428
279 428
280 428
281 428
282 428
283 428
284 428
285 428
286 428
287 428
288 428
289 428
290 428
291 428
292 428
293 428
294 428
295 428
296 428
297 428
298 428
