1 16
2 17
3 17
4 18
5 20
6 22
7 23
8 25
9 28
10 29
11 33
12 40
13 43
14 45
15 49
16 52
17 54
18 57
19 59
20 61
21 68
22 70
23 75
24 81
25 87
26 94
27 98
28 109
29 116
30 122
31 132
32 141
33 153
34 153
35 167
36 179
37 198
38 213
39 225
40 241
41 257
42 276
43 291
44 314
45 344
46 379
47 419
48 458
49 498
50 526
51 556
52 598
53 620
54 642
55 665
56 691
57 727
58 773
59 806
60 843
61 885
62 926
63 961
64 993
65 1030
66 1051
67 1079
68 1117
69 1143
70 1166
71 1193
72 1218
73 1250
74 1274
75 1292
76 1315
77 1338
78 1373
79 1404
80 1431
81 1453
82 1472
83 1936
84 1944
85 1966
86 1986
87 2008
88 2029
89 2053
90 2073
91 2092
92 2110
93 2137
94 2154
95 2173
96 2199
97 2224
98 2245
99 2269
100 2287
101 2299
102 2324
103 2347
104 2367
105 2381
106 2405
107 2431
108 2451
109 2475
110 2498
111 2514
112 2534
113 2554
114 2561
115 2578
116 2600
117 2620
118 2635
119 2663
120 2687
121 2709
122 2726
123 2744
124 2767
125 2785
126 2811
127 2823
128 2845
129 2859
130 2875
131 2893
132 2907
133 2918
134 2939
135 2956
136 2973
137 2989
138 3001
139 3010
140 3020
141 3034
142 3043
143 3055
144 3071
145 3088
146 3094
147 3108
148 3125
149 3146
150 3163
151 3176
152 3192
153 3207
154 3225
155 3238
156 3259
157 3271
158 3290
159 3315
160 3333
161 3348
162 3370
163 3393
164 3412
165 3425
166 3438
167 3449
168 3470
169 3488
170 3501
171 3517
172 3536
173 3543
174 3553
175 3566
176 3577
177 3580
178 3589
179 3596
180 3604
181 3613
182 3623
183 3636
184 3648
185 3659
186 3666
187 3674
188 3679
189 3690
190 3703
191 3708
192 3713
193 3723
194 3731
195 3744
196 3750
197 3755
198 3759
199 3762
200 3769
201 3780
202 3785
203 3789
204 3799
205 3805
206 3813
207 3819
208 3826
209 3830
210 3834
211 3835
212 3840
213 3844
214 3847
215 3851
216 3854
217 3860
218 3864
219 3868
220 3872
221 3879
222 3882
223 3890
224 3895
225 3901
226 3907
227 3914
228 3921
229 3926
230 3928
231 3932
232 3932
