1 2549935
2 2549935
3 2549935
4 2549935
5 2549935
6 2549935
7 2549935
8 2549935
9 2549935
10 2549935
11 2549935
12 2549935
13 2549935
14 2549935
15 2549935
16 2549935
17 2549935
18 2549935
19 2549935
20 2549935
21 2549935
22 2549935
23 2549935
24 2549935
25 2549935
26 2549935
27 2549935
28 2549935
29 2549935
30 2549935
31 2549935
32 2549935
33 2549935
34 2549935
35 2549935
36 2549935
37 2549935
38 2549935
39 2549935
40 2549935
41 2549935
42 2549935
43 2549935
44 2549935
45 2549935
46 2549935
47 2549935
48 2549935
49 2549935
50 2549935
51 2549935
52 2549935
53 2549935
54 2549935
55 2549935
56 2549935
57 2549935
58 2549935
59 2549935
60 2549935
61 2549935
62 2549935
63 2549935
64 2549935
65 2549935
66 2549935
67 2549935
68 2549935
69 2549935
70 2549935
71 2549935
72 2549935
73 2549935
74 2549935
75 2549935
76 2549935
77 2549935
78 2549935
79 2549935
80 2549935
81 2549935
82 2549935
83 2549935
84 2549935
85 2549935
86 2549935
87 2549935
88 2549935
89 2549935
90 2549935
91 2549935
92 2549935
93 2549935
94 2549935
95 2549935
96 2549935
97 2549935
98 2549935
99 2549935
100 2549935
101 2549935
102 2549935
103 2549935
104 2549935
105 2549935
106 2549935
107 2549935
108 2549935
109 2549935
110 2549935
111 2549935
112 2549935
113 2549935
114 2549935
115 2549935
116 2549935
117 2549935
118 2549935
