1 1305343
2 1305343
3 1305343
4 1305343
5 1305343
6 1305343
7 1305343
8 1305343
9 1305343
10 1305343
11 1305343
12 1305343
13 1305343
14 1305343
15 1305343
16 1305343
17 1305343
18 1305343
19 1305343
20 1305343
21 1305343
22 1305343
23 1305343
24 1305343
25 1305343
26 1305343
27 1305343
28 1305343
29 1305343
30 1305343
31 1305343
32 1305343
33 1305343
34 1305343
35 1305343
36 1305343
37 1305343
38 1305343
39 1305343
40 1305343
41 1305343
42 1305343
43 1305343
44 1305343
45 1305343
46 1305343
47 1305343
48 1305343
49 1305343
50 1305343
51 1305343
52 1305343
53 1305343
54 1305343
55 1305343
56 1305343
57 1305343
58 1305343
59 1305343
60 1305343
61 1305343
62 1305343
63 1305343
64 1305343
65 1305343
66 1305343
67 1305343
68 1305343
69 1305343
70 1305343
71 1305343
72 1305343
73 1305343
74 1305343
75 1305343
76 1305343
77 1305343
78 1305343
79 1305343
80 1305343
81 1305343
82 1305343
83 1305343
84 1305343
85 1305343
86 1305343
87 1305343
88 1305343
89 1305343
90 1305343
91 1305343
92 1305343
93 1305343
94 1305343
95 1305343
96 1305343
97 1305343
98 1305343
99 1305343
100 1305343
101 1305343
102 1305343
103 1305343
104 1305343
105 1305343
