1 0
2 0
3 0
4 0
5 0
6 0
7 0
8 0
9 0
10 0
11 0
12 0
13 0
14 0
15 0
16 0
17 0
18 0
19 0
20 0
21 0
22 0
23 0
24 0
25 0
26 0
27 0
28 0
29 0
30 0
31 0
32 0
33 0
34 0
35 0
36 0
37 0
38 0
39 0
40 0
41 0
42 0
43 0
44 0
45 0
46 0
47 0
48 0
49 0
50 0
51 0
52 0
53 0
54 0
55 0
56 0
57 0
58 0
59 0
60 0
61 0
62 0
63 0
64 0
65 0
66 0
67 0
68 0
69 0
70 0
71 0
72 30
73 42
74 42
75 42
76 42
77 42
78 42
79 43
80 43
81 49
82 49
83 49
84 50
85 50
86 50
87 50
88 50
89 50
90 50
91 50
92 50
93 50
94 50
95 50
96 50
97 50
98 50
99 50
100 50
101 50
102 50
103 50
104 50
105 50
106 50
107 50
108 50
109 50
110 50
111 50
112 50
113 50
114 50
115 50
116 50
117 50
118 50
119 50
120 50
121 50
122 50
123 50
124 50
125 50
126 51
127 52
128 52
129 52
130 52
131 53
132 53
133 58
134 54
135 54
136 54
137 54
138 54
139 54
140 54
141 54
142 54
143 54
144 54
145 54
146 54
147 59
148 59
149 59
150 59
151 59
152 59
153 59
154 59
155 59
156 59
157 59
158 59
159 59
160 59
161 79
162 79
163 79
164 79
165 85
166 85
167 85
168 85
169 85
170 85
171 85
172 85
173 85
174 85
175 85
176 85
177 85
178 85
179 85
180 85
181 85
182 85
183 85
184 85
185 85
186 85
187 85
188 85
189 85
190 85
191 85
192 85
193 85
194 85
195 85
196 85
197 85
198 85
199 85
200 85
201 85
202 85
203 85
204 85
205 85
206 85
207 85
208 85
209 85
210 85
211 85
212 85
213 85
214 85
215 85
216 85
217 85
218 85
219 85
220 85
221 85
222 85
223 85
224 85
225 85
226 85
227 85
228 85
229 85
230 85
231 85
232 85
233 85
234 85
235 85
236 85
237 85
238 85
239 85
240 85
241 85
242 85
243 85
244 85
245 85
246 85
247 85
248 85
249 85
250 85
251 85
252 85
253 85
254 85
255 85
256 85
257 85
258 85
259 85
260 85
261 85
262 85
263 85
264 85
265 85
266 85
267 85
268 85
269 85
270 85
271 85
272 85
273 85
274 85
275 85
276 85
277 85
278 85
279 85
280 85
281 85
282 85
283 85
284 85
285 85
286 85
287 85
288 85
289 85
290 85
291 85
292 85
293 85
294 85
295 85
296 85
297 85
298 85
