1 620
2 644
3 685
4 711
5 736
6 764
7 799
8 825
9 911
10 937
11 961
12 990
13 1018
14 1061
15 1111
16 1172
17 1201
18 1232
19 1274
20 1303
21 1414
22 1494
23 1543
24 1631
25 1695
26 1835
27 2034
28 2208
29 2302
30 2351
31 2530
32 2658
33 2778
34 2990
35 3225
36 3373
37 3438
38 3551
39 3643
40 3766
41 4033
42 4355
43 4677
44 4913
45 5093
46 5152
47 5205
48 5245
49 5245
50 5318
51 5357
52 5413
53 5454
54 5477
55 5503
56 5563
57 5611
58 5664
59 5754
60 5805
61 5824
62 5840
63 5880
64 5914
65 5941
66 5965
67 6005
68 6060
69 6102
70 6111
71 6155
72 6174
73 6190
74 6202
75 6235
76 6278
77 6292
78 6344
79 6358
80 6389
81 6494
82 6523
83 6552
84 6573
85 6605
86 6621
87 6653
88 6679
89 6691
90 6712
91 6733
92 6762
93 6795
94 6821
95 6916
96 6944
97 6971
98 7003
99 7039
100 7049
101 7061
102 7102
103 7120
104 7154
105 7191
106 7217
107 7227
108 7258
109 7288
110 7382
111 7439
112 7490
113 7532
114 7590
115 7618
116 7653
117 7695
118 7758
119 7853
120 7911
121 7948
122 7997
123 7997
