1 51
2 51
3 53
4 53
5 53
6 56
7 56
8 57
9 58
10 60
11 60
12 60
13 60
14 62
15 65
16 68
17 69
18 74
19 74
20 74
21 77
22 81
23 82
24 83
25 84
26 85
27 86
28 91
29 96
30 97
31 98
32 99
33 100
34 106
35 108
36 109
37 109
38 111
39 111
40 112
41 113
42 113
43 113
44 114
45 114
46 118
47 118
48 119
49 120
50 120
51 121
52 123
53 123
54 123
55 125
56 126
57 127
58 127
59 127
60 127
61 128
62 130
63 131
64 134
65 135
66 136
67 136
68 136
69 136
70 136
71 137
72 138
73 138
74 138
75 138
76 138
77 139
78 139
79 141
80 141
81 141
82 141
83 142
84 142
85 142
86 143
87 143
88 143
89 143
90 145
91 145
92 145
93 146
94 146
95 146
96 146
97 146
98 147
99 151
100 151
101 151
102 151
103 151
104 151
105 151
106 151
107 151
108 151
109 151
110 151
111 151
112 152
113 152
114 152
115 152
116 154
117 154
118 154
119 154
120 155
121 155
122 162
123 162
124 162
125 163
126 165
127 165
128 165
