1 1071
2 1189
3 1430
4 1486
5 1696
6 1803
7 2080
8 2402
9 2925
10 3172
11 3329
12 3549
13 3602
14 3816
15 4204
16 4323
17 4960
18 5637
19 6228
20 6893
21 7468
22 7998
23 8448
24 8806
25 9380
26 9974
27 10567
28 11136
29 11684
30 12245
31 12633
32 13095
33 13608
34 14036
35 14421
36 14963
37 15468
38 15668
39 16240
40 16907
41 17471
42 18034
43 18586
44 19301
45 19859
46 20399
47 20951
48 21511
49 22088
50 22676
51 23318
52 23911
53 24505
54 25103
55 25680
56 26196
57 26790
58 27373
59 27946
60 28427
61 28959
62 29503
63 30029
64 30516
65 30978
66 31424
67 31819
68 32210
69 32597
70 32981
71 33359
72 33803
73 34179
74 34541
75 34853
76 35151
77 35426
78 35677
79 35902
80 36123
81 36252
82 36415
83 36587
84 36775
85 36969
86 37163
87 37324
88 37515
89 37674
90 37825
91 37921
92 38007
93 38098
94 38180
95 38224
96 38317
97 38451
98 38573
99 38699
100 38805
101 38894
102 38953
103 39024
104 39091
105 39161
106 39230
107 39300
108 39374
109 39429
110 39507
111 39592
112 39675
113 39754
114 39832
115 39919
116 39980
117 40042
118 40108
119 40150
120 40192
121 40258
122 40283
123 40295
124 40330
125 40358
126 40376
127 40408
128 40450
129 40473
130 40490
131 40527
132 40545
133 40574
134 40605
135 40634
136 40669
137 40689
138 40698
139 40715
140 40734
141 40742
142 40766
143 40784
144 40787
145 40798
146 40813
147 40820
148 40832
149 40849
150 40862
151 40876
152 40895
153 40912
154 40926
155 40926
