1 1007
2 1021
3 1026
4 1034
5 1055
6 1061
7 1070
8 1083
9 1090
10 1093
11 1098
12 1106
13 1109
14 1115
15 1128
16 1137
17 1149
18 1151
19 1183
20 1197
21 1215
22 1235
23 1250
24 1296
25 1348
26 1370
27 1422
28 1461
29 1492
30 1548
31 1556
32 1557
33 1567
34 1608
35 1628
36 1671
37 1690
38 1742
39 1746
40 1752
41 1811
42 1840
43 1872
44 1901
45 1942
46 1952
47 1964
48 2000
49 2038
50 2106
51 2147
52 2199
53 2237
54 2282
55 2311
56 2350
57 2374
58 2435
59 2471
60 2486
61 2525
62 2538
63 2576
64 2598
65 2598
