1 1846993
2 1846993
3 1846993
4 1846993
5 1846993
6 1846993
7 1846993
8 1846993
9 1846993
10 1846993
11 1846993
12 1846993
13 1846993
14 1846993
15 1846993
16 1846993
17 1846993
18 1846993
19 1846993
20 1846993
21 1846993
22 1846993
23 1846993
24 1846993
25 1846993
26 1846993
27 1846993
28 1846993
29 1846993
30 1846993
31 1846993
32 1846993
33 1846993
34 1846993
35 1846993
36 1846993
37 1846993
38 1846993
39 1846993
40 1846993
41 1846993
42 1846993
43 1846993
44 1846993
45 1846993
46 1846993
47 1846993
48 1846993
49 1846993
50 1846993
51 1846993
52 1846993
53 1846993
54 1846993
55 1846993
56 1846993
57 1846993
58 1846993
59 1846993
60 1846993
61 1846993
62 1846993
63 1846993
64 1846993
65 1846993
66 1846993
67 1846993
68 1846993
69 1846993
70 1846993
71 1846993
72 1846993
73 1846993
74 1846993
75 1846993
76 1846993
77 1846993
78 1846993
79 1846993
80 1846993
81 1846993
82 1846993
83 1846993
84 1846993
85 1846993
86 1846993
87 1846993
88 1846993
89 1846993
90 1846993
91 1846993
92 1846993
93 1846993
94 1846993
95 1846993
96 1846993
97 1846993
98 1846993
99 1846993
100 1846993
101 1846993
102 1846993
103 1846993
104 1846993
105 1846993
106 1846993
107 1846993
108 1846993
109 1846993
110 1846993
111 1846993
112 1846993
113 1846993
114 1846993
115 1846993
116 1846993
117 1846993
118 1846993
119 1846993
120 1846993
121 1846993
122 1846993
123 1846993
124 1846993
125 1846993
126 1846993
127 1846993
128 1846993
129 1846993
130 1846993
131 1846993
132 1846993
133 1846993
134 1846993
135 1846993
136 1846993
137 1846993
138 1846993
139 1846993
140 1846993
141 1846993
142 1846993
143 1846993
144 1846993
145 1846993
146 1846993
147 1846993
148 1846993
149 1846993
150 1846993
151 1846993
152 1846993
153 1846993
154 1846993
155 1846993
156 1846993
157 1846993
158 1846993
159 1846993
160 1846993
