1 530299
2 530299
3 530299
4 530299
5 530299
6 530299
7 530299
8 530299
9 530299
10 530299
11 530299
12 530299
13 530299
14 530299
15 530299
16 530299
17 530299
18 530299
19 530299
20 530299
21 530299
22 530299
23 530299
24 530299
25 530299
26 530299
27 530299
28 530299
29 530299
30 530299
31 530299
32 530299
33 530299
34 530299
35 530299
36 530299
37 530299
38 530299
39 530299
40 530299
41 530299
42 530299
43 530299
44 530299
45 530299
46 530299
47 530299
48 530299
49 530299
50 530299
51 530299
52 530299
53 530299
54 530299
55 530299
56 530299
57 530299
58 530299
59 530299
60 530299
61 530299
62 530299
63 530299
64 530299
65 530299
66 530299
67 530299
68 530299
69 530299
70 530299
71 530299
72 530299
73 530299
74 530299
75 530299
76 530299
77 530299
78 530299
79 530299
80 530299
81 530299
82 530299
83 530299
84 530299
85 530299
86 530299
87 530299
88 530299
89 530299
90 530299
91 530299
92 530299
93 530299
94 530299
95 530299
96 530299
97 530299
98 530299
99 530299
100 530299
101 530299
102 530299
