1 2029339
2 2029339
3 2029339
4 2029339
5 2029339
6 2029339
7 2029339
8 2029339
9 2029339
10 2029339
11 2029339
12 2029339
13 2029339
14 2029339
15 2029339
16 2029339
17 2029339
18 2029339
19 2029339
20 2029339
21 2029339
22 2029339
23 2029339
24 2029339
25 2029339
26 2029339
27 2029339
28 2029339
29 2029339
30 2029339
31 2029339
32 2029339
33 2029339
34 2029339
35 2029339
36 2029339
37 2029339
38 2029339
39 2029339
40 2029339
41 2029339
42 2029339
43 2029339
44 2029339
45 2029339
46 2029339
47 2029339
48 2029339
49 2029339
50 2029339
51 2029339
52 2029339
53 2029339
54 2029339
55 2029339
56 2029339
57 2029339
58 2029339
59 2029339
60 2029339
61 2029339
62 2029339
63 2029339
64 2029339
65 2029339
66 2029339
67 2029339
68 2029339
69 2029339
70 2029339
71 2029339
72 2029339
73 2029339
74 2029339
75 2029339
76 2029339
77 2029339
78 2029339
79 2029339
80 2029339
81 2029339
82 2029339
83 2029339
84 2029339
85 2029339
86 2029339
87 2029339
88 2029339
89 2029339
90 2029339
91 2029339
92 2029339
93 2029339
94 2029339
95 2029339
96 2029339
97 2029339
98 2029339
99 2029339
100 2029339
101 2029339
102 2029339
103 2029339
104 2029339
105 2029339
106 2029339
107 2029339
108 2029339
109 2029339
110 2029339
111 2029339
112 2029339
113 2029339
114 2029339
115 2029339
116 2029339
117 2029339
118 2029339
119 2029339
120 2029339
121 2029339
122 2029339
123 2029339
124 2029339
125 2029339
126 2029339
127 2029339
128 2029339
129 2029339
130 2029339
131 2029339
132 2029339
133 2029339
