1 941522
2 941522
3 941522
4 941522
5 941522
6 941522
7 941522
8 941522
9 941522
10 941522
11 941522
12 941522
13 941522
14 941522
15 941522
16 941522
17 941522
18 941522
19 941522
20 941522
21 941522
22 941522
23 941522
24 941522
25 941522
26 941522
27 941522
28 941522
29 941522
30 941522
31 941522
32 941522
33 941522
34 941522
35 941522
36 941522
37 941522
38 941522
39 941522
40 941522
41 941522
42 941522
43 941522
44 941522
45 941522
46 941522
47 941522
48 941522
49 941522
50 941522
51 941522
52 941522
53 941522
54 941522
55 941522
56 941522
57 941522
58 941522
59 941522
60 941522
61 941522
62 941522
63 941522
64 941522
65 941522
66 941522
67 941522
68 941522
69 941522
70 941522
71 941522
72 941522
73 941522
74 941522
75 941522
76 941522
77 941522
78 941522
79 941522
80 941522
81 941522
82 941522
83 941522
84 941522
85 941522
86 941522
87 941522
88 941522
89 941522
90 941522
91 941522
92 941522
93 941522
94 941522
95 941522
96 941522
97 941522
98 941522
99 941522
100 941522
101 941522
102 941522
103 941522
104 941522
105 941522
106 941522
107 941522
