1 679
2 686
3 751
4 778
5 797
6 873
7 903
8 941
9 959
10 993
11 1044
12 1085
13 1102
14 1146
15 1247
16 1308
17 1322
18 1435
19 1455
20 1504
21 1542
22 1577
23 1636
24 1680
25 1741
26 1786
27 1817
28 1856
29 1878
30 1904
31 1968
32 2002
33 2007
34 2014
35 2035
36 2076
37 2097
38 2115
39 2139
40 2171
41 2176
42 2207
43 2240
44 2286
45 2305
46 2316
47 2334
48 2355
49 2387
50 2393
51 2395
52 2418
53 2434
54 2466
55 2483
56 2498
57 2515
58 2606
59 2606
60 2606
61 2606
62 2606
63 2608
64 2610
65 2610
66 2613
67 2620
68 2625
69 2632
70 2635
71 2642
72 2642
73 2674
74 2675
75 2687
76 2688
77 2690
78 2696
79 2696
80 2698
81 2703
82 2709
83 2709
84 2712
85 2717
86 2720
87 2721
88 2723
89 2723
90 2728
91 2730
92 2730
93 2730
94 2733
95 2733
96 2736
97 2736
98 2738
99 2738
