1 548
2 577
3 656
4 665
5 698
6 758
7 853
8 952
9 1027
10 1085
11 1206
12 1346
13 1446
14 1569
15 1706
16 1823
17 1949
18 2050
19 2138
20 2274
21 2397
22 2492
23 2560
24 2631
25 2633
26 2734
27 2815
28 2913
29 2924
30 2961
31 2981
32 3122
33 3216
34 3217
35 3316
36 3383
37 3451
38 3489
39 3493
40 3616
41 3616
42 3687
43 3800
44 3826
45 3889
46 3944
47 4035
48 4044
49 4112
50 4142
51 4221
52 4354
53 4354
54 4492
55 4527
56 4537
57 4546
58 4606
59 4661
60 4674
61 4751
62 4787
63 4793
64 4814
65 4865
66 4887
67 4913
68 4962
69 4986
70 4992
71 5031
72 5062
73 5080
74 5093
75 5193
76 5235
77 5260
78 5275
79 5279
80 5352
81 5354
82 5381
83 5413
84 5459
85 5494
86 5550
87 5596
88 5626
89 5655
90 5683
91 5694
92 5717
93 5728
94 5742
95 5782
96 5808
97 5822
98 5889
99 5890
100 5925
101 5952
102 5973
103 6011
104 6017
105 6037
106 6038
107 6061
108 6071
109 6089
110 6103
111 6128
112 6142
113 6156
114 6160
115 6179
116 6201
117 6216
118 6224
119 6291
120 6321
121 6329
122 6342
123 6343
124 6386
125 6414
126 6414
127 6452
128 6474
129 6484
130 6486
131 6508
132 6517
133 6519
134 6533
135 6533
