1 463
2 533
3 545
4 602
5 684
6 697
7 715
8 778
9 804
10 916
11 1003
12 1123
13 1232
14 1338
15 1460
16 1664
17 1816
18 1941
19 2119
20 2215
21 2325
22 2413
23 2490
24 2616
25 2676
26 2733
27 2840
28 2900
29 2974
30 3054
31 3084
32 3296
33 3356
34 3457
35 3735
36 3810
37 3893
38 4006
39 4128
40 4227
41 4353
42 4591
43 4745
44 4934
45 5058
46 5249
47 5350
48 5479
49 5707
50 5863
51 6110
52 6438
53 6745
54 6858
55 7224
56 7452
57 7669
58 7884
59 10587
60 10912
61 11371
62 11964
63 15152
64 16664
65 17546
66 17800
67 18235
68 18917
69 19225
70 19600
71 20281
72 21023
73 21235
74 21677
75 22026
76 22392
77 22799
78 23891
79 24317
80 24736
81 25212
82 25853
83 26276
84 26546
85 26866
86 27316
87 27664
88 27978
89 28481
90 28816
91 29293
92 29712
93 30071
94 30439
95 30860
96 31193
97 31381
98 31743
99 31992
100 32209
101 32387
102 32627
103 32771
104 32866
105 33008
106 33147
107 33293
108 33410
109 33554
110 33657
111 33708
112 33807
113 33910
114 34031
115 34231
116 34477
117 34560
118 34761
119 34874
120 34970
121 35048
122 35162
123 35311
124 35654
125 35898
126 36213
127 36445
128 36929
129 37056
130 37176
131 37224
132 37224
133 37497
134 37807
135 38196
136 38289
137 38675
138 39021
139 39161
140 39396
141 39572
142 39765
143 39888
144 39979
145 40031
146 40141
147 40367
148 40524
149 40680
150 40776
151 41003
152 41638
153 42128
154 42506
155 42506
