1 3472578
2 3472578
3 3472578
4 3472578
5 3472578
6 3472578
7 3472578
8 3472578
9 3472578
10 3472578
11 3472578
12 3472578
13 3472578
14 3472578
15 3472578
16 3472578
17 3472578
18 3472578
19 3472578
20 3472578
21 3472578
22 3472578
23 3472578
24 3472578
25 3472578
26 3472578
27 3472578
28 3472578
29 3472578
30 3472578
31 3472578
32 3472578
33 3472578
34 3472578
35 3472578
36 3472578
37 3472578
38 3472578
39 3472578
40 3472578
41 3472578
42 3472578
43 3472578
44 3472578
45 3472578
46 3472578
47 3472578
48 3472578
49 3472578
50 3472578
51 3472578
52 3472578
53 3472578
54 3472578
55 3472578
56 3472578
57 3472578
58 3472578
59 3472578
60 3472578
61 3472578
62 3472578
63 3472578
64 3472578
65 3472578
66 3472578
67 3472578
68 3472578
69 3472578
70 3472578
71 3472578
72 3472578
73 3472578
74 3472578
75 3472578
76 3472578
77 3472578
78 3472578
79 3472578
80 3472578
81 3472578
82 3472578
83 3472578
84 3472578
85 3472578
86 3472578
87 3472578
88 3472578
89 3472578
90 3472578
91 3472578
92 3472578
93 3472578
94 3472578
95 3472578
96 3472578
97 3472578
98 3472578
99 3472578
100 3472578
101 3472578
102 3472578
103 3472578
104 3472578
105 3472578
106 3472578
107 3472578
108 3472578
109 3472578
110 3472578
111 3472578
112 3472578
113 3472578
114 3472578
115 3472578
116 3472578
117 3472578
118 3472578
119 3472578
120 3472578
121 3472578
122 3472578
123 3472578
124 3472578
125 3472578
126 3472578
127 3472578
128 3472578
129 3472578
130 3472578
131 3472578
132 3472578
133 3472578
134 3472578
135 3472578
136 3472578
137 3472578
138 3472578
139 3472578
140 3472578
141 3472578
142 3472578
143 3472578
144 3472578
145 3472578
146 3472578
147 3472578
148 3472578
149 3472578
150 3472578
151 3472578
152 3472578
153 3472578
154 3472578
155 3472578
156 3472578
157 3472578
158 3472578
159 3472578
160 3472578
161 3472578
162 3472578
163 3472578
