1 532
2 546
3 595
4 649
5 685
6 697
7 745
8 790
9 825
10 835
11 848
12 861
13 881
14 893
15 948
16 989
17 1018
18 1038
19 1072
20 1099
21 1126
22 1139
23 1193
24 1209
25 1221
26 1245
27 1262
28 1281
29 1286
30 1334
31 1353
32 1366
33 1386
34 1393
35 1420
36 1449
37 1500
38 1529
39 1529
40 1571
41 1574
42 1610
43 1641
44 1658
45 1673
46 1680
47 1692
48 1709
49 1729
50 1736
51 1745
52 1751
53 1754
54 1766
55 1767
56 1779
57 1793
58 1800
59 1808
60 1813
61 1823
62 1824
63 1831
64 1850
65 1859
66 1883
67 1891
68 1903
69 1903
70 1928
71 1945
72 1949
73 1955
74 1965
75 1968
76 1973
77 1977
78 1980
79 1980
80 1985
81 1995
82 2003
83 2003
84 2003
85 2007
86 2019
87 2024
88 2033
89 2039
90 2041
91 2044
92 2048
93 2052
94 2061
95 2063
96 2065
97 2070
98 2072
99 2073
100 2073
101 2075
102 2075
103 2076
104 2079
105 2085
106 2089
107 2091
108 2092
109 2095
110 2095
111 2121
112 2123
113 2123
