1 1089406
2 1089406
3 1089406
4 1089406
5 1089406
6 1089406
7 1089406
8 1089406
9 1089406
10 1089406
11 1089406
12 1089406
13 1089406
14 1089406
15 1089406
16 1089406
17 1089406
18 1089406
19 1089406
20 1089406
21 1089406
22 1089406
23 1089406
24 1089406
25 1089406
26 1089406
27 1089406
28 1089406
29 1089406
30 1089406
31 1089406
32 1089406
33 1089406
34 1089406
35 1089406
36 1089406
37 1089406
38 1089406
39 1089406
40 1089406
41 1089406
42 1089406
43 1089406
44 1089406
45 1089406
46 1089406
47 1089406
48 1089406
49 1089406
50 1089406
51 1089406
52 1089406
53 1089406
54 1089406
55 1089406
56 1089406
57 1089406
58 1089406
59 1089406
60 1089406
61 1089406
62 1089406
63 1089406
64 1089406
65 1089406
66 1089406
67 1089406
68 1089406
69 1089406
70 1089406
71 1089406
72 1089406
73 1089406
74 1089406
75 1089406
76 1089406
77 1089406
78 1089406
79 1089406
80 1089406
81 1089406
82 1089406
83 1089406
84 1089406
85 1089406
86 1089406
87 1089406
88 1089406
89 1089406
90 1089406
91 1089406
92 1089406
93 1089406
