1 652
2 718
3 784
4 898
5 976
6 1038
7 1075
8 1105
9 1159
10 1300
11 1387
12 1387
13 1387
14 1542
15 1642
16 1746
17 1995
18 2132
19 2318
20 2524
21 2649
22 2946
23 3188
24 3456
25 3697
26 3983
27 4324
28 4619
29 4884
30 5270
31 5541
32 5803
33 6126
34 6431
35 6685
36 6789
37 7017
38 7351
39 7923
40 8292
41 8640
42 9047
43 9375
44 9752
45 9989
46 10308
47 10644
48 11043
49 11324
50 11629
51 11985
52 12396
53 12699
54 13101
55 13352
56 13742
57 14107
58 14645
59 15139
60 16043
61 17160
62 18157
63 19290
64 20436
65 21689
66 22760
67 23821
68 25031
69 26627
70 28055
71 29282
72 30436
73 31181
74 31927
75 32796
76 33561
77 34434
78 35123
79 35904
80 36661
81 38087
82 39557
83 41159
84 42549
85 43633
86 44772
87 45796
88 46670
89 47294
90 47896
91 48524
92 49115
93 49811
94 50377
95 50808
96 51178
97 51675
98 52096
99 52513
100 52886
101 53196
102 53604
103 53946
104 54286
105 54657
106 55044
107 55407
108 55937
109 56356
110 56640
111 56904
112 57301
113 57490
114 57654
115 57816
116 57981
117 58478
118 58786
119 58963
120 59015
121 59025
122 59072
123 59197
124 59293
125 59390
126 59508
127 59578
128 59649
129 59736
130 59802
131 59862
132 59915
133 59977
134 60041
135 60114
136 60175
137 60258
138 60305
139 60356
140 60401
141 60438
142 60469
143 60503
144 60543
145 60566
146 60595
147 60634
148 60680
149 60724
150 60752
151 60789
152 60809
153 60829
154 60869
155 60898
156 60929
157 60952
158 60990
159 61018
160 61052
161 61052
