1 1137753
2 1137753
3 1137753
4 1137753
5 1137753
6 1137753
7 1137753
8 1137753
9 1137753
10 1137753
11 1137753
12 1137753
13 1137753
14 1137753
15 1137753
16 1137753
17 1137753
18 1137753
19 1137753
20 1137753
21 1137753
22 1137753
23 1137753
24 1137753
25 1137753
26 1137753
27 1137753
28 1137753
29 1137753
30 1137753
31 1137753
32 1137753
33 1137753
34 1137753
35 1137753
36 1137753
37 1137753
38 1137753
39 1137753
40 1137753
41 1137753
42 1137753
43 1137753
44 1137753
45 1137753
46 1137753
47 1137753
48 1137753
49 1137753
50 1137753
51 1137753
52 1137753
53 1137753
54 1137753
55 1137753
56 1137753
57 1137753
58 1137753
59 1137753
60 1137753
61 1137753
62 1137753
63 1137753
64 1137753
65 1137753
66 1137753
67 1137753
68 1137753
69 1137753
70 1137753
71 1137753
72 1137753
73 1137753
74 1137753
75 1137753
76 1137753
77 1137753
78 1137753
79 1137753
80 1137753
81 1137753
82 1137753
83 1137753
84 1137753
85 1137753
86 1137753
87 1137753
88 1137753
89 1137753
90 1137753
91 1137753
92 1137753
93 1137753
94 1137753
95 1137753
96 1137753
97 1137753
98 1137753
99 1137753
100 1137753
101 1137753
102 1137753
103 1137753
104 1137753
105 1137753
106 1137753
107 1137753
108 1137753
109 1137753
110 1137753
111 1137753
112 1137753
113 1137753
114 1137753
115 1137753
116 1137753
117 1137753
118 1137753
119 1137753
120 1137753
121 1137753
122 1137753
123 1137753
124 1137753
125 1137753
126 1137753
127 1137753
128 1137753
129 1137753
130 1137753
131 1137753
132 1137753
133 1137753
134 1137753
135 1137753
136 1137753
137 1137753
138 1137753
139 1137753
140 1137753
