1 0
2 0
3 0
4 0
5 0
6 0
7 0
8 0
9 0
10 0
11 0
12 0
13 0
14 0
15 0
16 0
17 0
18 0
19 0
20 0
21 0
22 0
23 0
24 0
25 0
26 0
27 0
28 0
29 0
30 0
31 0
32 0
33 0
34 0
35 0
36 0
37 0
38 0
39 0
40 0
41 0
42 0
43 0
44 0
45 0
46 0
47 0
48 0
49 0
50 0
51 0
52 0
53 0
54 0
55 0
56 0
57 0
58 0
59 0
60 0
61 0
62 0
63 0
64 0
65 0
66 0
67 0
68 0
69 0
70 0
71 0
72 0
73 0
74 0
75 0
76 0
77 0
78 0
79 0
80 0
81 0
82 0
83 0
84 0
85 0
86 0
87 0
88 0
89 0
90 0
91 0
92 0
93 0
94 0
95 0
96 0
97 0
98 0
99 0
100 0
101 0
102 0
103 0
104 0
105 3
106 3
107 3
108 3
109 3
110 3
111 3
112 3
113 3
114 3
115 3
116 3
117 3
118 3
119 3
120 3
121 3
122 3
123 3
124 3
125 3
126 3
127 3
128 3
129 3
130 3
131 3
132 3
133 3
134 3
135 3
136 3
137 3
138 3
139 5
140 5
141 5
142 6
143 6
144 6
145 6
146 6
147 6
148 9
149 9
150 9
151 9
152 9
153 9
154 9
155 9
156 10
157 10
158 12
159 12
160 25
161 25
162 30
163 30
164 31
165 31
166 31
167 31
168 31
169 31
170 31
171 31
172 31
173 31
174 31
175 31
176 31
177 33
178 33
179 33
180 33
181 33
182 33
183 33
184 33
185 33
186 33
187 33
188 33
189 33
190 33
191 33
192 33
193 33
194 33
195 33
196 34
197 34
198 34
199 38
200 38
201 38
202 36
203 36
204 36
205 36
206 36
207 41
208 41
209 41
210 61
211 65
212 65
213 66
214 189
215 232
216 250
217 262
218 268
219 268
220 268
221 277
222 286
223 286
224 286
225 302
226 331
227 346
228 348
229 355
230 360
231 365
232 367
233 375
234 378
235 386
236 396
237 400
238 407
239 412
240 417
241 417
242 423
243 438
244 445
245 446
246 449
247 452
248 454
249 468
250 475
251 475
252 478
253 478
254 480
255 484
256 486
257 489
258 489
259 489
260 489
261 489
262 489
263 498
264 498
265 498
266 514
267 514
268 514
269 532
270 532
271 542
272 543
273 543
274 543
275 543
276 543
277 545
278 545
279 545
280 545
281 545
282 545
283 562
284 562
285 563
286 563
287 569
288 571
289 571
290 578
291 578
292 578
293 578
294 578
295 578
296 578
297 580
298 580
