1 848868
2 848868
3 848868
4 848868
5 848868
6 848868
7 848868
8 848868
9 848868
10 848868
11 848868
12 848868
13 848868
14 848868
15 848868
16 848868
17 848868
18 848868
19 848868
20 848868
21 848868
22 848868
23 848868
24 848868
25 848868
26 848868
27 848868
28 848868
29 848868
30 848868
31 848868
32 848868
33 848868
34 848868
35 848868
36 848868
37 848868
38 848868
39 848868
40 848868
41 848868
42 848868
43 848868
44 848868
45 848868
46 848868
47 848868
48 848868
49 848868
50 848868
51 848868
52 848868
53 848868
54 848868
55 848868
56 848868
57 848868
58 848868
59 848868
60 848868
61 848868
62 848868
63 848868
64 848868
65 848868
66 848868
67 848868
68 848868
69 848868
70 848868
71 848868
72 848868
73 848868
74 848868
75 848868
76 848868
77 848868
78 848868
79 848868
80 848868
81 848868
82 848868
83 848868
84 848868
85 848868
86 848868
87 848868
88 848868
89 848868
90 848868
91 848868
92 848868
93 848868
94 848868
95 848868
96 848868
97 848868
98 848868
99 848868
100 848868
101 848868
102 848868
103 848868
104 848868
105 848868
106 848868
107 848868
108 848868
109 848868
110 848868
111 848868
112 848868
113 848868
114 848868
115 848868
116 848868
