1 1055450
2 1055450
3 1055450
4 1055450
5 1055450
6 1055450
7 1055450
8 1055450
9 1055450
10 1055450
11 1055450
12 1055450
13 1055450
14 1055450
15 1055450
16 1055450
17 1055450
18 1055450
19 1055450
20 1055450
21 1055450
22 1055450
23 1055450
24 1055450
25 1055450
26 1055450
27 1055450
28 1055450
29 1055450
30 1055450
31 1055450
32 1055450
33 1055450
34 1055450
35 1055450
36 1055450
37 1055450
38 1055450
39 1055450
40 1055450
41 1055450
42 1055450
43 1055450
44 1055450
45 1055450
46 1055450
47 1055450
48 1055450
49 1055450
50 1055450
51 1055450
52 1055450
53 1055450
54 1055450
55 1055450
56 1055450
57 1055450
58 1055450
59 1055450
60 1055450
61 1055450
62 1055450
63 1055450
64 1055450
65 1055450
66 1055450
67 1055450
68 1055450
69 1055450
70 1055450
71 1055450
72 1055450
73 1055450
74 1055450
75 1055450
76 1055450
77 1055450
78 1055450
79 1055450
80 1055450
81 1055450
82 1055450
83 1055450
84 1055450
85 1055450
86 1055450
87 1055450
88 1055450
89 1055450
90 1055450
91 1055450
92 1055450
93 1055450
94 1055450
95 1055450
96 1055450
97 1055450
98 1055450
99 1055450
100 1055450
101 1055450
102 1055450
103 1055450
104 1055450
105 1055450
106 1055450
107 1055450
108 1055450
109 1055450
110 1055450
111 1055450
112 1055450
113 1055450
114 1055450
115 1055450
116 1055450
117 1055450
118 1055450
119 1055450
120 1055450
121 1055450
122 1055450
123 1055450
124 1055450
125 1055450
126 1055450
127 1055450
128 1055450
129 1055450
130 1055450
131 1055450
132 1055450
133 1055450
134 1055450
135 1055450
136 1055450
137 1055450
138 1055450
139 1055450
140 1055450
141 1055450
142 1055450
