1 521057
2 521057
3 521057
4 521057
5 521057
6 521057
7 521057
8 521057
9 521057
10 521057
11 521057
12 521057
13 521057
14 521057
15 521057
16 521057
17 521057
18 521057
19 521057
20 521057
21 521057
22 521057
23 521057
24 521057
25 521057
26 521057
27 521057
28 521057
29 521057
30 521057
31 521057
32 521057
33 521057
34 521057
35 521057
36 521057
37 521057
38 521057
39 521057
40 521057
41 521057
42 521057
43 521057
44 521057
45 521057
46 521057
47 521057
48 521057
49 521057
50 521057
51 521057
52 521057
53 521057
54 521057
55 521057
56 521057
57 521057
58 521057
59 521057
60 521057
61 521057
62 521057
63 521057
64 521057
65 521057
66 521057
67 521057
68 521057
69 521057
70 521057
71 521057
72 521057
73 521057
74 521057
75 521057
76 521057
77 521057
78 521057
79 521057
80 521057
81 521057
82 521057
83 521057
84 521057
85 521057
86 521057
87 521057
88 521057
89 521057
90 521057
91 521057
92 521057
