1 504
2 507
3 532
4 574
5 758
6 787
7 833
8 875
9 936
10 993
11 1020
12 1075
13 1214
14 1279
15 1345
16 1434
17 1551
18 1609
19 1692
20 1769
21 1856
22 1923
23 2006
24 2109
25 2164
26 2212
27 2287
28 2387
29 2486
30 2557
31 2624
32 2668
33 2724
34 2802
35 2891
36 2967
37 3022
38 3106
39 3179
40 3271
41 3339
42 3419
43 3481
44 3522
45 3582
46 3660
47 3739
48 3824
49 3908
50 3969
51 4042
52 4099
53 4138
54 4195
55 4271
56 4360
57 4417
58 4502
59 4593
60 4646
61 4724
62 4810
63 4889
64 4964
65 5025
66 5085
67 5161
68 5247
69 5318
70 5415
71 5474
72 5534
73 5592
74 5592
75 5639
76 5717
77 5807
78 5874
79 5959
80 6047
81 6147
82 6249
83 6355
84 6421
85 6488
86 6578
87 6646
88 6697
89 6809
90 6889
91 6951
92 7013
93 7092
94 7173
95 7343
96 7391
97 7391
