1 1458459
2 1458459
3 1458459
4 1458459
5 1458459
6 1458459
7 1458459
8 1458459
9 1458459
10 1458459
11 1458459
12 1458459
13 1458459
14 1458459
15 1458459
16 1458459
17 1458459
18 1458459
19 1458459
20 1458459
21 1458459
22 1458459
23 1458459
24 1458459
25 1458459
26 1458459
27 1458459
28 1458459
29 1458459
30 1458459
31 1458459
32 1458459
33 1458459
34 1458459
35 1458459
36 1458459
37 1458459
38 1458459
39 1458459
40 1458459
41 1458459
42 1458459
43 1458459
44 1458459
45 1458459
46 1458459
47 1458459
48 1458459
49 1458459
50 1458459
51 1458459
52 1458459
53 1458459
54 1458459
55 1458459
56 1458459
57 1458459
58 1458459
59 1458459
60 1458459
61 1458459
62 1458459
63 1458459
64 1458459
65 1458459
66 1458459
67 1458459
68 1458459
69 1458459
70 1458459
71 1458459
72 1458459
73 1458459
