1 3
2 3
3 3
4 3
5 3
6 3
7 3
8 3
9 3
10 4
11 4
12 4
13 4
14 4
15 4
16 4
17 4
18 4
19 4
20 4
21 4
22 5
23 5
24 5
25 7
26 8
27 8
28 8
29 8
30 8
31 8
32 8
33 8
34 8
35 8
36 8
37 8
38 8
39 8
40 8
41 8
42 8
43 8
44 8
45 9
46 11
47 11
48 11
49 11
50 11
51 11
52 11
53 11
54 11
55 11
56 11
57 11
58 11
59 11
60 11
61 11
62 11
63 11
64 11
65 11
66 11
67 11
68 11
69 11
70 11
71 11
72 11
73 11
74 11
75 11
76 11
77 11
78 11
79 11
80 11
81 11
82 11
83 11
84 11
85 11
86 11
87 11
88 11
89 11
90 11
91 11
92 11
93 11
94 11
95 11
96 11
97 11
98 11
99 11
100 11
101 11
102 11
103 11
104 11
105 11
106 11
107 11
108 11
109 11
110 11
111 11
112 11
113 11
114 11
115 11
116 11
117 11
118 11
119 11
120 11
121 11
122 11
123 11
124 11
125 11
126 11
127 11
128 11
129 12
130 12
131 12
132 12
133 12
134 12
135 12
136 12
137 12
138 12
139 12
140 12
141 12
142 12
