1 704
2 728
3 756
4 766
5 798
6 836
7 862
8 872
9 917
10 949
11 949
12 991
13 1013
14 1023
15 1047
16 1096
17 1118
18 1163
19 1191
20 1231
21 1268
22 1299
23 1321
24 1347
25 1378
26 1406
27 1435
28 1447
29 1468
30 1491
31 1512
32 1536
33 1563
34 1572
35 1580
36 1597
37 1614
38 1629
39 1645
40 1650
41 1673
42 1680
43 1693
44 1712
45 1725
46 1729
47 1736
48 1743
49 1747
50 1756
51 1757
52 1762
53 1782
54 1783
55 1796
56 1801
57 1815
58 1820
59 1833
60 1845
61 1856
62 1862
63 1869
64 1894
65 1905
66 1919
67 1933
68 1944
69 1946
70 1954
71 1958
72 1958
73 1965
74 1966
75 1971
76 1977
77 1977
78 1981
79 1992
80 1993
81 1995
82 1999
83 1999
84 2002
85 2006
86 2008
87 2008
88 2008
89 2012
90 2012
91 2012
92 2016
93 2018
94 2020
95 2021
96 2021
97 2022
98 2023
99 2024
100 2024
101 2026
102 2030
103 2030
104 2033
105 2033
106 2033
