1 0
2 0
3 0
4 0
5 0
6 0
7 0
8 0
9 0
10 0
11 0
12 0
13 0
14 0
15 0
16 0
17 0
18 0
19 0
20 0
21 0
22 0
23 0
24 0
25 0
26 0
27 0
28 0
29 0
30 0
31 0
32 0
33 0
34 0
35 0
36 0
37 0
38 0
39 0
40 0
41 0
42 0
43 0
44 0
45 0
46 0
47 0
48 0
49 0
50 0
51 0
52 0
53 0
54 0
55 0
56 0
57 0
58 0
59 0
60 0
61 0
62 0
63 0
64 0
65 0
66 0
67 0
68 0
69 0
70 0
71 0
72 0
73 0
74 0
75 0
76 0
77 0
78 0
79 0
80 0
81 0
82 0
83 0
84 0
85 0
86 0
87 0
88 0
89 0
90 0
91 0
92 0
93 0
94 0
95 0
96 0
97 0
98 0
99 0
100 0
101 0
102 0
103 0
104 0
105 0
106 0
107 0
108 0
109 0
110 0
111 0
112 0
113 0
114 0
115 0
116 0
117 0
118 0
119 0
120 0
121 0
122 0
123 0
124 0
125 0
126 0
127 45
128 45
129 46
130 46
131 46
132 46
133 46
134 46
135 47
136 47
137 47
138 47
139 47
140 47
141 47
142 47
143 47
144 47
145 47
146 47
147 47
148 47
149 47
150 51
151 51
152 51
153 51
154 51
155 51
156 51
157 51
158 51
159 51
160 54
161 53
162 57
163 57
164 57
165 57
166 57
167 57
168 62
169 62
170 69
171 69
172 69
173 69
174 69
175 70
176 70
177 70
178 70
179 85
180 85
181 85
182 87
183 90
184 90
185 90
186 95
187 102
188 102
189 102
190 108
191 108
192 108
193 113
194 114
195 114
196 114
197 114
198 114
199 114
200 115
201 118
202 118
203 118
204 118
205 118
206 118
207 118
208 118
209 119
210 119
211 119
212 119
213 119
214 123
215 123
216 123
217 123
218 124
219 131
220 159
221 160
222 178
223 183
224 183
225 183
226 185
227 188
228 190
229 200
230 200
231 235
232 235
233 244
234 251
235 253
236 253
237 261
238 261
239 261
240 262
241 262
242 262
243 267
244 267
245 267
246 267
247 269
248 269
249 273
250 273
251 273
252 275
253 276
254 278
255 278
256 278
257 278
258 278
259 282
260 282
261 282
262 282
263 282
264 283
265 283
266 283
267 283
268 283
269 283
270 283
271 283
272 283
273 284
274 284
275 284
276 287
277 289
278 296
279 296
280 298
281 308
282 308
283 311
284 311
285 311
286 311
287 316
288 316
289 316
290 316
291 317
292 318
293 318
294 331
295 331
296 332
297 332
298 332
