1 47
2 49
3 51
4 53
5 55
6 56
7 57
8 57
9 60
10 61
11 62
12 63
13 65
14 65
15 67
16 67
17 69
18 71
19 72
20 74
21 74
22 76
23 78
24 80
25 82
26 84
27 86
28 90
29 93
30 96
31 100
32 104
33 106
34 106
35 112
36 116
37 120
38 123
39 128
40 134
41 139
42 142
43 145
44 147
45 150
46 154
47 158
48 163
49 167
50 172
51 176
52 182
53 188
54 191
55 196
56 202
57 206
58 209
59 214
60 219
61 224
62 229
63 234
64 239
65 249
66 258
67 269
68 290
69 309
70 323
71 335
72 346
73 358
74 367
75 379
76 390
77 400
78 411
79 423
80 435
81 446
82 457
83 463
84 472
85 482
86 492
87 501
88 509
89 519
90 524
91 529
92 534
93 543
94 551
95 554
96 561
97 568
98 575
99 580
100 586
101 591
102 596
103 603
104 607
105 612
106 615
107 617
108 622
109 625
110 631
111 637
112 642
113 645
114 651
115 656
116 662
117 668
118 672
119 676
120 681
121 686
122 692
123 695
124 700
125 705
126 711
127 715
128 720
129 725
130 731
131 736
132 740
133 745
134 747
135 750
136 752
137 757
138 761
139 765
140 769
141 771
142 774
143 778
144 783
145 787
146 790
147 792
148 795
149 798
150 801
151 804
152 807
153 810
154 812
155 815
156 817
157 819
158 822
159 824
160 827
161 828
162 830
163 833
164 835
165 836
166 837
167 839
168 841
169 843
170 844
171 845
172 846
173 849
174 851
175 854
176 855
177 856
178 858
179 858
180 859
181 860
182 862
183 863
184 864
185 865
186 866
187 869
188 871
189 873
190 875
191 877
192 879
193 880
194 883
195 885
196 888
197 892
198 894
199 897
200 899
201 901
202 904
203 906
204 908
205 910
206 913
207 916
208 919
209 921
210 924
211 927
212 929
213 932
214 935
215 937
216 939
217 942
218 942
