1 17
2 17
3 18
4 18
5 19
6 21
7 23
8 23
9 23
10 23
11 23
12 23
13 23
14 24
15 24
16 29
17 34
18 39
19 40
20 50
21 51
22 51
23 51
24 52
25 59
26 60
27 60
28 60
29 74
30 79
31 80
32 83
33 83
34 83
35 85
36 86
37 89
38 93
39 93
40 93
41 94
42 94
43 93
44 97
45 99
46 99
47 103
48 105
49 105
50 106
51 107
52 107
53 109
54 109
55 109
56 110
57 113
58 113
59 115
60 115
61 117
62 117
63 117
64 118
65 118
66 119
67 121
68 120
69 120
70 121
71 121
72 121
73 121
74 122
75 124
76 125
77 125
78 125
79 126
80 126
81 127
82 127
83 127
84 127
85 127
86 127
87 128
88 131
89 131
90 131
91 131
92 132
93 132
94 132
95 132
96 133
97 133
98 133
99 135
100 135
101 135
102 135
103 136
104 136
105 136
106 136
107 136
108 136
109 136
110 136
111 136
112 136
113 136
114 136
115 136
116 136
117 136
118 136
119 136
120 136
121 136
122 139
123 139
124 139
