1 433
2 438
3 439
4 462
5 503
6 546
7 588
8 613
9 679
10 776
11 901
12 927
13 992
14 1041
15 1113
16 1190
17 1286
18 1426
19 1534
20 1649
21 1701
22 1773
23 1852
24 1906
25 1978
26 2098
27 2157
28 2219
29 2270
30 2336
31 2413
32 2478
33 2522
34 2581
35 2666
36 2725
37 2778
38 2827
39 2888
40 3013
41 3047
42 3099
43 3152
44 3222
45 3274
46 3322
47 3373
48 3401
49 3445
50 3515
51 3606
52 3644
53 3688
54 3728
55 3749
56 3823
57 3811
58 3848
59 3901
60 3937
61 3972
62 4021
63 4065
64 4120
65 4142
66 4181
67 4222
68 4255
69 4262
70 4288
71 4359
72 4388
73 4418
74 4511
75 4553
76 4572
77 4599
78 4638
79 4675
80 4730
81 4764
82 4821
83 4839
84 4873
85 4899
86 4908
87 4929
88 4940
89 4951
90 4992
91 5068
92 5088
93 5126
94 5141
95 5152
96 5165
97 5182
98 5189
99 5202
100 5208
101 5229
102 5240
103 5244
104 5252
105 5261
106 5285
107 5293
108 5309
109 5317
110 5332
111 5338
112 5352
113 5359
114 5369
115 5375
116 5402
117 5403
118 5409
119 5415
120 5418
121 5428
122 5435
123 5444
124 5451
125 5453
126 5464
127 5469
128 5470
129 5478
130 5479
131 5486
132 5487
133 5544
134 5550
135 5570
136 5576
137 5588
138 5602
139 5621
140 5621
