1 8
2 8
3 9
4 11
5 9
6 9
7 10
8 11
9 11
10 11
11 12
12 12
13 12
14 12
15 12
16 12
17 13
18 13
19 13
20 13
21 13
22 13
23 13
24 13
25 13
26 13
27 15
28 15
29 15
30 15
31 15
32 16
33 16
34 17
35 17
36 19
37 19
38 21
39 21
40 22
41 22
42 23
43 23
44 24
45 24
46 24
47 24
48 24
49 25
50 26
51 27
52 27
53 28
54 28
55 28
56 30
57 31
58 31
59 31
60 31
61 31
62 32
63 32
64 33
65 34
66 35
67 35
68 35
69 35
70 37
71 38
72 39
73 39
74 41
75 41
76 41
77 41
78 42
79 42
80 42
81 42
82 43
83 43
84 43
85 43
86 44
87 44
88 44
89 44
90 45
91 46
92 46
93 46
94 46
95 46
96 46
97 46
98 47
99 47
100 47
101 47
102 47
103 47
104 47
105 47
106 47
107 47
108 47
109 48
110 48
111 48
112 48
113 48
114 48
115 48
116 48
117 48
118 48
119 48
120 48
121 48
122 49
123 49
124 49
125 49
126 49
127 50
128 50
129 50
130 50
131 52
132 52
133 52
134 52
135 52
136 52
137 52
138 52
139 52
