1 23
2 25
3 27
4 28
5 32
6 35
7 37
8 40
9 40
10 40
11 42
12 42
13 46
14 50
15 50
16 53
17 53
18 56
19 60
20 61
21 67
22 67
23 67
24 73
25 74
26 75
27 76
28 76
29 77
30 77
31 79
32 80
33 81
34 82
35 83
36 86
37 87
38 88
39 91
40 91
41 93
42 94
43 95
44 96
45 96
46 97
47 97
48 97
49 98
50 98
51 99
52 99
53 99
54 99
55 99
56 99
57 99
58 99
59 99
60 99
61 99
62 99
63 99
64 100
65 100
66 100
67 101
68 102
69 102
70 102
71 104
72 104
73 104
74 104
75 105
76 105
77 105
78 105
79 105
80 105
81 105
82 105
83 106
84 106
85 106
86 106
87 106
88 106
89 107
90 107
91 108
92 108
93 108
94 108
95 108
96 108
97 109
98 109
99 109
100 109
101 109
102 109
103 110
104 110
105 110
106 110
107 110
108 110
109 110
110 110
111 110
112 110
113 110
