1 1104021
2 1104021
3 1104021
4 1104021
5 1104021
6 1104021
7 1104021
8 1104021
9 1104021
10 1104021
11 1104021
12 1104021
13 1104021
14 1104021
15 1104021
16 1104021
17 1104021
18 1104021
19 1104021
20 1104021
21 1104021
22 1104021
23 1104021
24 1104021
25 1104021
26 1104021
27 1104021
28 1104021
29 1104021
30 1104021
31 1104021
32 1104021
33 1104021
34 1104021
35 1104021
36 1104021
37 1104021
38 1104021
39 1104021
40 1104021
41 1104021
42 1104021
43 1104021
44 1104021
45 1104021
46 1104021
47 1104021
48 1104021
49 1104021
50 1104021
51 1104021
52 1104021
53 1104021
54 1104021
55 1104021
56 1104021
57 1104021
58 1104021
59 1104021
60 1104021
61 1104021
62 1104021
63 1104021
64 1104021
65 1104021
66 1104021
67 1104021
68 1104021
69 1104021
70 1104021
71 1104021
72 1104021
73 1104021
74 1104021
75 1104021
76 1104021
77 1104021
78 1104021
79 1104021
80 1104021
81 1104021
82 1104021
83 1104021
84 1104021
