1 0
2 0
3 0
4 0
5 0
6 0
7 0
8 0
9 0
10 0
11 0
12 0
13 0
14 0
15 0
16 0
17 0
18 0
19 0
20 0
21 0
22 0
23 0
24 0
25 0
26 0
27 0
28 0
29 0
30 0
31 0
32 0
33 0
34 0
35 0
36 0
37 0
38 0
39 0
40 0
41 0
42 0
43 0
44 0
45 0
46 0
47 0
48 0
49 0
50 0
51 0
52 0
53 0
54 0
55 0
56 0
57 0
58 0
59 0
60 0
61 0
62 0
63 0
64 0
65 0
66 0
67 0
68 0
69 0
70 0
71 0
72 0
73 0
74 0
75 0
76 0
77 0
78 0
79 0
80 0
81 0
82 0
83 0
84 0
85 0
86 0
87 0
88 0
89 0
90 0
91 0
92 0
93 0
94 0
95 0
96 0
97 0
98 0
99 0
100 0
101 0
102 0
103 0
104 0
105 0
106 0
107 0
108 0
109 0
110 0
111 0
112 0
113 0
114 0
115 0
116 0
117 0
118 0
119 0
120 0
121 0
122 0
123 0
124 0
125 0
126 0
127 122436
128 122436
129 122436
130 122436
131 122436
132 122436
133 122436
134 122436
135 122436
136 122436
137 122436
138 122436
139 122436
140 122436
141 122436
142 122436
143 122436
144 122436
145 122436
146 122436
147 122436
148 122436
149 122436
150 122436
151 122436
152 122436
153 122436
154 122436
155 122436
156 122436
157 122436
158 122436
159 122436
160 122436
161 122436
162 122436
163 122436
164 122436
165 122436
166 122436
167 122436
168 122436
169 122436
170 122436
171 122436
172 122436
173 122436
174 122436
175 122436
176 122436
177 122436
178 122436
179 122436
180 122436
181 122436
182 122436
183 122436
184 122436
185 122436
186 122436
187 122436
188 122436
189 122436
190 122436
191 122436
192 122436
193 122436
194 122436
195 122436
196 122436
197 122436
198 122436
199 122436
200 122436
201 122436
202 122436
203 122436
204 122436
205 122436
206 122436
207 122436
208 122436
209 122436
210 122436
211 122436
212 122436
213 122436
214 122436
215 122436
216 122436
217 122436
218 122436
219 122436
220 122436
221 122436
222 122436
223 122436
224 122436
225 122436
226 122436
227 122436
228 122436
229 122436
230 122436
231 122436
232 122436
233 122436
234 122436
235 122436
236 122436
237 122436
238 122436
239 122436
240 122436
241 122436
242 122436
243 122436
244 122436
245 122436
246 122436
247 122436
248 122436
249 122436
250 122436
251 122436
252 122436
253 122436
254 122436
255 122436
256 122436
257 122436
258 122436
259 122436
260 122436
261 122436
262 122436
263 122436
264 122436
265 122436
266 122436
267 122436
268 122436
269 122436
270 122436
271 122436
272 122436
273 122436
274 122436
275 122436
276 122436
277 122436
278 122436
279 122436
280 122436
281 122436
282 122436
283 122436
284 122436
285 122436
286 122436
287 122436
288 122436
289 122436
290 122436
291 122436
292 122436
293 122436
294 122436
295 122436
296 122436
297 122436
298 122436
