1 1385659
2 1385659
3 1385659
4 1385659
5 1385659
6 1385659
7 1385659
8 1385659
9 1385659
10 1385659
11 1385659
12 1385659
13 1385659
14 1385659
15 1385659
16 1385659
17 1385659
18 1385659
19 1385659
20 1385659
21 1385659
22 1385659
23 1385659
24 1385659
25 1385659
26 1385659
27 1385659
28 1385659
29 1385659
30 1385659
31 1385659
32 1385659
33 1385659
34 1385659
35 1385659
36 1385659
37 1385659
38 1385659
39 1385659
40 1385659
41 1385659
42 1385659
43 1385659
44 1385659
45 1385659
46 1385659
47 1385659
48 1385659
49 1385659
50 1385659
51 1385659
52 1385659
53 1385659
54 1385659
55 1385659
56 1385659
57 1385659
58 1385659
59 1385659
60 1385659
61 1385659
62 1385659
63 1385659
64 1385659
65 1385659
66 1385659
67 1385659
68 1385659
69 1385659
70 1385659
71 1385659
72 1385659
73 1385659
74 1385659
75 1385659
76 1385659
77 1385659
78 1385659
79 1385659
80 1385659
81 1385659
82 1385659
83 1385659
84 1385659
85 1385659
86 1385659
87 1385659
88 1385659
89 1385659
90 1385659
91 1385659
92 1385659
93 1385659
94 1385659
95 1385659
96 1385659
97 1385659
98 1385659
99 1385659
100 1385659
101 1385659
102 1385659
103 1385659
104 1385659
105 1385659
106 1385659
107 1385659
108 1385659
109 1385659
110 1385659
111 1385659
112 1385659
113 1385659
114 1385659
115 1385659
116 1385659
117 1385659
118 1385659
119 1385659
120 1385659
121 1385659
122 1385659
