1 538
2 561
3 635
4 714
5 731
6 771
7 824
8 1092
9 1136
10 1248
11 1326
12 1403
13 1414
14 1505
15 1626
16 1703
17 1882
18 1935
19 1984
20 2064
21 2113
22 2173
23 2249
24 2350
25 2502
26 2620
27 2829
28 2964
29 3036
30 3187
31 3264
32 3344
33 3386
34 3476
35 3573
36 3762
37 3904
38 3945
39 4106
40 4167
41 4213
42 4312
43 4418
44 4517
45 4582
46 4652
47 4730
48 4777
49 4820
50 4882
51 4950
52 5050
53 5126
54 5184
55 5288
56 5324
57 5394
58 5454
59 5502
60 5578
61 5645
62 5726
63 5794
64 5864
65 5925
66 6001
67 6047
68 6099
69 6131
70 6172
71 6209
72 6248
73 6292
74 6321
75 6361
76 6414
77 6434
78 6478
79 6514
80 6546
81 6595
82 6632
83 6683
84 6707
85 6733
86 6772
87 6790
88 6810
89 6827
90 6888
91 6912
92 6931
93 6955
94 6969
95 6978
96 6996
97 7013
98 7024
99 7040
100 7051
101 7051
