1 539
2 551
3 566
4 603
5 628
6 667
7 738
8 761
9 809
10 833
11 843
12 940
13 970
14 977
15 1072
16 1324
17 1459
18 1747
19 1772
20 1966
21 2101
22 2131
23 2205
24 2279
25 2305
26 2583
27 2679
28 2780
29 2843
30 3242
31 3468
32 3564
33 3623
34 3628
35 3859
36 3930
37 4012
38 4114
39 4168
40 4249
41 4285
42 4345
43 4441
44 4475
45 4564
46 4660
47 4754
48 4855
49 4928
50 5035
51 5118
52 5170
53 5358
54 5438
55 5489
56 5652
57 5708
58 5785
59 5846
60 5917
61 6069
62 6204
63 6264
64 6352
65 6516
66 6555
67 6611
68 6756
69 6832
70 6976
71 7054
72 7449
73 7536
74 7770
75 7840
76 7896
77 8054
78 8151
79 8259
80 8504
81 8620
82 8746
83 8865
84 9404
85 9527
86 9732
87 9882
88 10146
89 10268
90 10391
91 10566
92 11068
93 11223
94 11348
95 11601
96 11718
97 11806
98 12091
99 12179
100 12384
101 12545
102 12930
103 13159
104 13278
105 13421
106 13724
107 14028
108 14223
109 14444
110 14530
111 14682
112 14840
113 15077
114 15151
115 15335
116 15639
117 15845
118 15932
119 16066
120 16200
121 16277
122 16472
123 16637
124 16722
125 16811
126 16915
127 17037
128 17427
129 17494
130 17552
131 17608
132 17659
133 17740
134 17890
135 17951
136 18149
137 18230
138 18327
139 18458
140 18718
141 18763
142 18861
143 18954
144 19054
145 19157
146 19330
147 19421
148 19732
149 19793
150 20026
151 20148
152 20253
153 20329
154 20460
155 20485
156 20836
157 20949
158 21150
159 21327
160 21428
161 21537
162 21945
163 21990
164 22155
165 22311
166 22572
167 22671
168 22828
169 22975
170 23112
171 23180
172 23270
173 23358
174 23698
175 23885
176 24083
177 24167
178 24167
