1 1031
2 1046
3 1085
4 1105
5 1116
6 1131
7 1146
8 1156
9 1163
10 1179
11 1179
12 1183
13 1188
14 1201
15 1211
16 1217
17 1244
18 1282
19 1304
20 1348
21 1392
22 1412
23 1429
24 1457
25 1475
26 1487
27 1502
28 1517
29 1522
30 1526
31 1541
32 1566
33 1596
34 1618
35 1633
36 1638
37 1688
38 1725
39 1761
40 1783
41 1803
42 1817
43 1832
44 1845
45 1855
46 1868
47 1875
48 1891
49 1891
50 1907
51 1907
52 1921
53 1940
54 1981
55 2011
56 2036
57 2058
58 2067
59 2077
60 2091
61 2100
62 2113
63 2131
64 2166
65 2190
66 2196
67 2217
68 2228
69 2236
70 2240
71 2252
72 2268
73 2281
74 2300
75 2303
76 2310
77 2316
78 2325
79 2325
80 2326
81 2331
82 2331
