1 3520151
2 3520151
3 3520151
4 3520151
5 3520151
6 3520151
7 3520151
8 3520151
9 3520151
10 3520151
11 3520151
12 3520151
13 3520151
14 3520151
15 3520151
16 3520151
17 3520151
18 3520151
19 3520151
20 3520151
21 3520151
22 3520151
23 3520151
24 3520151
25 3520151
26 3520151
27 3520151
28 3520151
29 3520151
30 3520151
31 3520151
32 3520151
33 3520151
34 3520151
35 3520151
36 3520151
37 3520151
38 3520151
39 3520151
40 3520151
41 3520151
42 3520151
43 3520151
44 3520151
45 3520151
46 3520151
47 3520151
48 3520151
49 3520151
50 3520151
51 3520151
52 3520151
53 3520151
54 3520151
55 3520151
56 3520151
57 3520151
58 3520151
59 3520151
60 3520151
61 3520151
62 3520151
63 3520151
64 3520151
65 3520151
66 3520151
67 3520151
68 3520151
69 3520151
70 3520151
71 3520151
72 3520151
73 3520151
74 3520151
75 3520151
76 3520151
77 3520151
78 3520151
79 3520151
80 3520151
81 3520151
82 3520151
83 3520151
84 3520151
85 3520151
86 3520151
87 3520151
88 3520151
89 3520151
90 3520151
91 3520151
92 3520151
93 3520151
94 3520151
95 3520151
96 3520151
97 3520151
98 3520151
99 3520151
100 3520151
101 3520151
102 3520151
103 3520151
104 3520151
105 3520151
106 3520151
107 3520151
108 3520151
109 3520151
110 3520151
111 3520151
112 3520151
113 3520151
114 3520151
115 3520151
116 3520151
117 3520151
118 3520151
119 3520151
120 3520151
121 3520151
122 3520151
123 3520151
124 3520151
125 3520151
126 3520151
127 3520151
128 3520151
129 3520151
130 3520151
131 3520151
132 3520151
133 3520151
134 3520151
135 3520151
136 3520151
137 3520151
138 3520151
139 3520151
140 3520151
141 3520151
142 3520151
143 3520151
144 3520151
145 3520151
146 3520151
147 3520151
148 3520151
149 3520151
150 3520151
151 3520151
152 3520151
153 3520151
154 3520151
155 3520151
156 3520151
157 3520151
158 3520151
159 3520151
160 3520151
161 3520151
162 3520151
163 3520151
164 3520151
165 3520151
166 3520151
167 3520151
168 3520151
169 3520151
170 3520151
171 3520151
172 3520151
173 3520151
174 3520151
175 3520151
176 3520151
177 3520151
178 3520151
