1 755
2 782
3 799
4 832
5 841
6 860
7 883
8 919
9 935
10 946
11 958
12 979
13 981
14 988
15 1003
16 1037
17 1077
18 1113
19 1128
20 1142
21 1179
22 1216
23 1232
24 1261
25 1319
26 1380
27 1451
28 1461
29 1492
30 1544
31 1620
32 1680
33 1740
34 1817
35 1841
36 1893
37 1925
38 1947
39 1970
40 2053
41 2104
42 2146
43 2178
44 2235
45 2258
46 2277
47 2294
48 2351
49 2383
50 2422
51 2453
52 2461
53 2474
54 2504
55 2512
56 2534
57 2553
58 2587
59 2600
60 2624
61 2632
62 2649
63 2666
64 2678
65 2693
66 2703
67 2723
68 2731
69 2733
70 2751
71 2764
72 2774
73 2798
74 2826
75 2826
