1 3404004
2 3404004
3 3404004
4 3404004
5 3404004
6 3404004
7 3404004
8 3404004
9 3404004
10 3404004
11 3404004
12 3404004
13 3404004
14 3404004
15 3404004
16 3404004
17 3404004
18 3404004
19 3404004
20 3404004
21 3404004
22 3404004
23 3404004
24 3404004
25 3404004
26 3404004
27 3404004
28 3404004
29 3404004
30 3404004
31 3404004
32 3404004
33 3404004
34 3404004
35 3404004
36 3404004
37 3404004
38 3404004
39 3404004
40 3404004
41 3404004
42 3404004
43 3404004
44 3404004
45 3404004
46 3404004
47 3404004
48 3404004
49 3404004
50 3404004
51 3404004
52 3404004
53 3404004
54 3404004
55 3404004
56 3404004
57 3404004
58 3404004
59 3404004
60 3404004
61 3404004
62 3404004
63 3404004
64 3404004
65 3404004
66 3404004
67 3404004
68 3404004
69 3404004
70 3404004
71 3404004
72 3404004
