1 741
2 751
3 763
4 764
5 778
6 802
7 826
8 884
9 916
10 938
11 1060
12 1182
13 1258
14 1364
15 1423
16 1427
17 1459
18 1489
19 1652
20 1709
21 1772
22 1861
23 1979
24 2090
25 2268
26 2309
27 2400
28 2508
29 2576
30 2754
31 2892
32 2965
33 3226
34 3298
35 3313
36 3391
37 3433
38 3650
39 3736
40 3823
41 3927
42 3995
43 4033
44 4063
45 4160
46 4183
47 4241
48 4275
49 4542
50 4621
51 4741
52 4811
53 4895
54 4959
55 5066
56 5089
57 5244
58 5334
59 5470
60 5580
61 5762
62 5824
63 5952
64 6119
65 6256
66 6324
67 6443
68 6498
69 6731
70 6829
71 6996
72 7112
73 7194
74 7304
75 7358
76 7421
77 7487
78 7608
79 7680
80 7791
81 7868
82 7939
83 8045
84 8130
85 8221
86 8392
87 8546
88 8671
89 8877
90 8991
91 9100
92 9328
93 9540
94 9671
95 9671
