1 1493627
2 1493627
3 1493627
4 1493627
5 1493627
6 1493627
7 1493627
8 1493627
9 1493627
10 1493627
11 1493627
12 1493627
13 1493627
14 1493627
15 1493627
16 1493627
17 1493627
18 1493627
19 1493627
20 1493627
21 1493627
22 1493627
23 1493627
24 1493627
25 1493627
26 1493627
27 1493627
28 1493627
29 1493627
30 1493627
31 1493627
32 1493627
33 1493627
34 1493627
35 1493627
36 1493627
37 1493627
38 1493627
39 1493627
40 1493627
41 1493627
42 1493627
43 1493627
44 1493627
45 1493627
46 1493627
47 1493627
48 1493627
49 1493627
50 1493627
51 1493627
52 1493627
53 1493627
54 1493627
55 1493627
56 1493627
57 1493627
58 1493627
59 1493627
60 1493627
61 1493627
62 1493627
63 1493627
64 1493627
65 1493627
