1 0
2 0
3 0
4 0
5 0
6 0
7 0
8 0
9 0
10 0
11 0
12 0
13 0
14 0
15 0
16 0
17 0
18 0
19 0
20 0
21 0
22 0
23 0
24 0
25 0
26 0
27 0
28 0
29 0
30 0
31 0
32 0
33 0
34 0
35 0
36 0
37 0
38 0
39 0
40 0
41 0
42 0
43 0
44 0
45 0
46 0
47 0
48 0
49 0
50 0
51 0
52 0
53 0
54 0
55 0
56 0
57 0
58 0
59 0
60 0
61 0
62 0
63 0
64 0
65 0
66 0
67 0
68 0
69 0
70 0
71 0
72 0
73 0
74 0
75 0
76 0
77 0
78 0
79 0
80 0
81 0
82 0
83 0
84 0
85 0
86 0
87 0
88 0
89 0
90 0
91 0
92 0
93 0
94 0
95 0
96 0
97 0
98 0
99 0
100 0
101 0
102 0
103 0
104 0
105 0
106 0
107 0
108 52074
109 52074
110 52074
111 52074
112 52074
113 52074
114 52074
115 52074
116 52074
117 52074
118 52074
119 52074
120 52074
121 52074
122 52074
123 52074
124 52074
125 52074
126 52074
127 52074
128 52074
129 52074
130 52074
131 52074
132 52074
133 52074
134 52074
135 52074
136 52074
137 52074
138 52074
139 52074
140 52074
141 52074
142 52074
143 52074
144 52074
145 52074
146 52074
147 52074
148 52074
149 52074
150 52074
151 52074
152 52074
153 52074
154 52074
155 52074
156 52074
157 52074
158 52074
159 52074
160 52074
161 52074
162 52074
163 52074
164 52074
165 52074
166 52074
167 52074
168 52074
169 52074
170 52074
171 52074
172 52074
173 52074
174 52074
175 52074
176 52074
177 52074
178 52074
179 52074
180 52074
181 52074
182 52074
183 52074
184 52074
185 52074
186 52074
187 52074
188 52074
189 52074
190 52074
191 52074
192 52074
193 52074
194 52074
195 52074
196 52074
197 52074
198 52074
199 52074
200 52074
201 52074
202 52074
203 52074
204 52074
205 52074
206 52074
207 52074
208 52074
209 52074
210 52074
211 52074
212 52074
213 52074
214 52074
215 52074
216 52074
217 52074
218 52074
219 52074
220 52074
221 52074
222 52074
223 52074
224 52074
225 52074
226 52074
227 52074
228 52074
229 52074
230 52074
231 52074
232 52074
233 52074
234 52074
235 52074
236 52074
237 52074
238 52074
239 52074
240 52074
241 52074
242 52074
243 52074
244 52074
