1 0
2 0
3 0
4 0
5 0
6 0
7 0
8 0
9 0
10 0
11 0
12 0
13 0
14 0
15 0
16 0
17 0
18 0
19 0
20 0
21 0
22 0
23 0
24 0
25 0
26 0
27 0
28 0
29 0
30 0
31 0
32 0
33 0
34 0
35 0
36 0
37 0
38 0
39 0
40 0
41 0
42 0
43 0
44 0
45 0
46 0
47 0
48 0
49 0
50 0
51 0
52 0
53 0
54 0
55 0
56 0
57 0
58 0
59 0
60 2
61 2
62 2
63 2
64 2
65 2
66 2
67 2
68 2
69 2
70 2
71 2
72 2
73 2
74 2
75 2
76 2
77 3
78 3
79 3
80 3
81 3
82 3
83 3
84 3
85 3
86 3
87 3
88 3
89 3
90 3
91 3
92 3
93 4
94 4
95 4
96 11
97 11
98 11
99 12
100 12
101 12
102 12
103 13
104 13
105 13
106 13
107 13
108 13
109 13
110 13
111 13
112 13
113 13
114 13
115 13
116 13
117 13
118 13
119 13
120 13
121 13
122 13
123 13
124 13
125 13
126 13
127 13
128 13
129 13
130 14
131 14
132 14
133 14
134 14
135 14
136 15
137 15
138 15
139 104
140 104
141 104
142 111
143 112
144 112
145 113
146 132
147 138
148 144
149 144
150 144
151 149
152 149
153 152
154 152
155 152
156 152
157 152
158 160
159 160
160 161
161 161
162 161
163 161
164 161
165 172
166 172
167 172
168 172
169 172
170 182
171 182
172 182
173 187
174 191
175 192
176 192
177 192
178 192
179 192
180 203
181 203
182 203
183 254
184 254
185 254
186 254
187 254
188 254
189 280
190 280
191 300
192 300
193 310
194 320
195 333
196 350
197 370
198 400
199 410
200 430
201 462
202 481
203 492
204 510
205 522
206 530
207 560
208 574
209 581
210 592
211 633
212 670
213 679
214 689
215 691
216 695
217 699
218 711
219 731
220 735
221 739
222 741
223 743
224 745
225 749
226 765
227 772
228 778
229 785
230 798
231 804
232 813
233 817
234 819
235 823
236 831
237 836
238 837
239 839
240 842
241 847
242 851
243 855
244 855
