1 546
2 579
3 656
4 692
5 728
6 761
7 824
8 896
9 948
10 1002
11 1057
12 1101
13 1144
14 1173
15 1201
16 1237
17 1265
18 1303
19 1320
20 1347
21 1383
22 1409
23 1427
24 1444
25 1470
26 1501
27 1504
28 1508
29 1544
30 1564
31 1592
32 1625
33 1651
34 1673
35 1707
36 1732
37 1748
38 1781
39 1781
40 1827
41 1858
42 1872
43 1887
44 1909
45 1931
46 1956
47 1980
48 1991
49 2023
50 2050
51 2069
52 2104
53 2136
54 2179
55 2208
56 2243
57 2280
58 2319
59 2371
60 2401
61 2444
62 2474
63 2497
64 2541
65 2567
66 2590
67 2627
68 2658
69 2669
70 2690
71 2715
72 2732
73 2745
74 2763
75 2772
76 2786
77 2801
78 2824
79 2843
80 2864
81 2864
