1 1936319
2 1936319
3 1936319
4 1936319
5 1936319
6 1936319
7 1936319
8 1936319
9 1936319
10 1936319
11 1936319
12 1936319
13 1936319
14 1936319
15 1936319
16 1936319
17 1936319
18 1936319
19 1936319
20 1936319
21 1936319
22 1936319
23 1936319
24 1936319
25 1936319
26 1936319
27 1936319
28 1936319
29 1936319
30 1936319
31 1936319
32 1936319
33 1936319
34 1936319
35 1936319
36 1936319
37 1936319
38 1936319
39 1936319
40 1936319
41 1936319
42 1936319
43 1936319
44 1936319
45 1936319
46 1936319
47 1936319
48 1936319
49 1936319
50 1936319
51 1936319
52 1936319
53 1936319
54 1936319
55 1936319
56 1936319
57 1936319
58 1936319
59 1936319
60 1936319
61 1936319
62 1936319
63 1936319
64 1936319
65 1936319
66 1936319
67 1936319
68 1936319
69 1936319
70 1936319
71 1936319
72 1936319
