1 886
2 894
3 905
4 931
5 938
6 953
7 959
8 1022
9 1028
10 1047
11 1073
12 1113
13 1145
14 1158
15 1176
16 1212
17 1241
18 1279
19 1325
20 1368
21 1394
22 1465
23 1504
24 1546
25 1571
26 1627
27 1699
28 1721
29 1766
30 1795
31 1838
32 1898
33 1965
34 2005
35 2067
36 2135
37 2180
38 2235
39 2309
40 2371
41 2406
42 2442
43 2466
44 2534
45 2555
46 2573
47 2615
48 2634
49 2687
50 2728
51 2743
52 2827
53 2860
54 2872
55 2915
56 2933
57 2975
58 2999
59 3039
60 3070
61 3087
62 3120
63 3144
64 3177
65 3197
66 3234
67 3266
68 3307
69 3332
70 3332
