1 1013
2 1026
3 1042
4 1047
5 1059
6 1069
7 1075
8 1081
9 1084
10 1093
11 1096
12 1098
13 1106
14 1113
15 1118
16 1126
17 1139
18 1157
19 1178
20 1198
21 1205
22 1227
23 1241
24 1261
25 1282
26 1317
27 1332
28 1345
29 1369
30 1391
31 1410
32 1429
33 1448
34 1466
35 1485
36 1487
37 1500
38 1512
39 1532
40 1559
41 1571
42 1593
43 1613
44 1641
45 1660
46 1694
47 1723
48 1750
49 1774
50 1795
51 1816
52 1842
53 1864
54 1883
55 1901
56 1911
57 1935
58 1958
59 1979
60 1994
61 2013
62 2032
63 2055
64 2073
65 2092
66 2112
67 2133
68 2148
69 2178
70 2198
71 2224
72 2245
73 2267
74 2276
75 2298
76 2298
