1 579499
2 579499
3 579499
4 579499
5 579499
6 579499
7 579499
8 579499
9 579499
10 579499
11 579499
12 579499
13 579499
14 579499
15 579499
16 579499
17 579499
18 579499
19 579499
20 579499
21 579499
22 579499
23 579499
24 579499
25 579499
26 579499
27 579499
28 579499
29 579499
30 579499
31 579499
32 579499
33 579499
34 579499
35 579499
36 579499
37 579499
38 579499
39 579499
40 579499
41 579499
42 579499
43 579499
44 579499
45 579499
46 579499
47 579499
48 579499
49 579499
50 579499
51 579499
52 579499
53 579499
54 579499
55 579499
56 579499
57 579499
58 579499
59 579499
60 579499
61 579499
62 579499
