1 548
2 553
3 568
4 627
5 643
6 677
7 691
8 750
9 883
10 953
11 1008
12 1035
13 1101
14 1127
15 1171
16 1257
17 1290
18 1348
19 1397
20 1495
21 1533
22 1680
23 1749
24 1841
25 1907
26 1948
27 2039
28 2107
29 2136
30 2195
31 2269
32 2307
33 2336
34 2356
35 2396
36 2453
37 2507
38 2550
39 2611
40 2650
41 2708
42 2750
43 2793
44 2820
45 2867
46 2896
47 2923
48 2975
49 3032
50 3074
51 3093
52 3118
53 3186
54 3212
55 3228
56 3275
57 3302
58 3329
59 3364
60 3437
61 3470
62 3490
63 3520
64 3557
65 3582
66 3610
67 3652
68 3675
69 3687
70 3709
71 3727
72 3737
73 3757
74 3781
75 3793
76 3810
77 3816
78 3836
79 3846
80 3890
81 3917
82 3973
83 3988
84 4010
85 4038
86 4044
87 4072
88 4083
89 4097
90 4113
91 4113
