1 2175102
2 2175102
3 2175102
4 2175102
5 2175102
6 2175102
7 2175102
8 2175102
9 2175102
10 2175102
11 2175102
12 2175102
13 2175102
14 2175102
15 2175102
16 2175102
17 2175102
18 2175102
19 2175102
20 2175102
21 2175102
22 2175102
23 2175102
24 2175102
25 2175102
26 2175102
27 2175102
28 2175102
29 2175102
30 2175102
31 2175102
32 2175102
33 2175102
34 2175102
35 2175102
36 2175102
37 2175102
38 2175102
39 2175102
40 2175102
41 2175102
42 2175102
43 2175102
44 2175102
45 2175102
46 2175102
47 2175102
48 2175102
49 2175102
50 2175102
51 2175102
52 2175102
53 2175102
54 2175102
55 2175102
56 2175102
57 2175102
58 2175102
59 2175102
60 2175102
61 2175102
62 2175102
63 2175102
64 2175102
65 2175102
66 2175102
67 2175102
68 2175102
69 2175102
70 2175102
71 2175102
72 2175102
73 2175102
74 2175102
75 2175102
76 2175102
77 2175102
78 2175102
79 2175102
80 2175102
81 2175102
82 2175102
83 2175102
84 2175102
85 2175102
86 2175102
87 2175102
88 2175102
89 2175102
90 2175102
91 2175102
92 2175102
93 2175102
94 2175102
95 2175102
96 2175102
97 2175102
98 2175102
99 2175102
100 2175102
101 2175102
102 2175102
103 2175102
104 2175102
