1 831
2 911
3 946
4 998
5 1006
6 1052
7 1095
8 1149
9 1182
10 1215
11 1302
12 1360
13 1398
14 1432
15 1495
16 1527
17 1600
18 1648
19 1697
20 1740
21 1810
22 1860
23 1962
24 2050
25 2125
26 2207
27 2267
28 2341
29 2402
30 2457
31 2528
32 2600
33 2647
34 2720
35 2815
36 2880
37 2955
38 3028
39 3137
40 3205
41 3250
42 3297
43 3403
44 3479
45 3549
46 3652
47 3754
48 3844
49 3951
50 4069
51 4209
52 4319
53 4432
54 4534
55 4767
56 4872
57 5016
58 5185
59 5324
60 5464
61 5554
62 5684
63 5876
64 6013
65 6118
66 6372
67 6495
68 6625
69 6749
70 6840
71 7115
72 7226
73 7321
74 7435
75 7560
76 7645
77 7740
78 7839
79 7908
80 7978
81 8044
82 8094
83 8129
84 8179
85 8224
86 8254
87 8287
88 8319
89 8344
90 8365
91 8390
92 8421
93 8449
94 8486
95 8509
96 8534
97 8560
98 8560
