1 185
2 196
3 250
4 285
5 298
6 352
7 352
8 359
9 359
10 369
11 578
12 578
13 578
14 630
15 671
16 766
17 813
18 872
19 1066
20 1103
21 1172
22 1229
23 1532
24 1592
25 1929
26 2137
27 2224
28 2300
29 2729
30 2973
31 3400
32 3637
33 3732
34 3992
35 4179
36 4445
37 4686
38 4836
39 5081
40 5218
41 5706
42 6234
43 6645
44 6818
45 6871
46 7890
47 8363
48 8591
49 8988
50 9284
51 9284
52 9575
53 10102
54 10766
55 11778
56 12424
57 13094
58 13802
59 14335
60 14656
61 15042
62 15621
63 16443
64 17227
65 17851
66 18156
67 18672
68 19459
69 21252
70 22821
71 24624
72 25829
73 26489
74 27642
75 29548
76 30820
77 32742
78 32912
79 34017
80 34686
81 36676
82 39816
83 41584
84 42657
85 43777
86 45874
87 47837
88 50932
89 53384
90 55250
91 57335
92 58836
93 59991
94 61516
95 62448
96 64850
97 66333
98 70983
99 74579
100 77737
101 81095
102 81888
103 83161
104 85427
105 86923
106 88638
107 89795
108 90326
109 91726
110 92981
111 93778
112 95175
113 96677
114 97491
115 98693
116 100570
117 101715
118 102374
119 103463
120 104627
121 105842
122 106598
123 107455
124 109132
125 110746
126 112232
127 112952
128 113785
129 114272
130 115210
131 116359
132 117055
133 118240
134 120127
135 122091
136 123222
137 124330
138 127082
139 129517
140 131216
141 132611
142 134702
143 136485
144 137934
145 140141
146 141631
147 143117
148 145140
149 146520
150 147831
151 149755
152 151385
153 152984
154 154314
155 155308
156 156807
157 159538
158 159738
159 160577
160 161616
161 162641
162 164710
163 166471
164 167165
165 168313
166 169754
167 171560
168 173598
169 174836
170 176344
171 178071
172 179764
173 180953
174 182763
175 185937
176 188761
177 190375
178 191861
179 193474
180 193474
