1 875564
2 875564
3 875564
4 875564
5 875564
6 875564
7 875564
8 875564
9 875564
10 875564
11 875564
12 875564
13 875564
14 875564
15 875564
16 875564
17 875564
18 875564
19 875564
20 875564
21 875564
22 875564
23 875564
24 875564
25 875564
26 875564
27 875564
28 875564
29 875564
30 875564
31 875564
32 875564
33 875564
34 875564
35 875564
36 875564
37 875564
38 875564
39 875564
40 875564
41 875564
42 875564
43 875564
44 875564
45 875564
46 875564
47 875564
48 875564
49 875564
50 875564
51 875564
52 875564
53 875564
54 875564
55 875564
56 875564
57 875564
58 875564
59 875564
60 875564
61 875564
62 875564
63 875564
64 875564
65 875564
66 875564
67 875564
68 875564
69 875564
70 875564
71 875564
72 875564
73 875564
74 875564
75 875564
76 875564
77 875564
78 875564
79 875564
80 875564
81 875564
82 875564
83 875564
84 875564
85 875564
86 875564
87 875564
88 875564
89 875564
90 875564
91 875564
92 875564
93 875564
94 875564
95 875564
96 875564
97 875564
