1 1339832
2 1339832
3 1339832
4 1339832
5 1339832
6 1339832
7 1339832
8 1339832
9 1339832
10 1339832
11 1339832
12 1339832
13 1339832
14 1339832
15 1339832
16 1339832
17 1339832
18 1339832
19 1339832
20 1339832
21 1339832
22 1339832
23 1339832
24 1339832
25 1339832
26 1339832
27 1339832
28 1339832
29 1339832
30 1339832
31 1339832
32 1339832
33 1339832
34 1339832
35 1339832
36 1339832
37 1339832
38 1339832
39 1339832
40 1339832
41 1339832
42 1339832
43 1339832
44 1339832
45 1339832
46 1339832
47 1339832
48 1339832
49 1339832
