1 817668
2 817668
3 817668
4 817668
5 817668
6 817668
7 817668
8 817668
9 817668
10 817668
11 817668
12 817668
13 817668
14 817668
15 817668
16 817668
17 817668
18 817668
19 817668
20 817668
21 817668
22 817668
23 817668
24 817668
25 817668
26 817668
27 817668
28 817668
29 817668
30 817668
31 817668
32 817668
33 817668
34 817668
35 817668
36 817668
37 817668
38 817668
39 817668
40 817668
41 817668
42 817668
43 817668
44 817668
45 817668
46 817668
47 817668
48 817668
49 817668
50 817668
51 817668
52 817668
53 817668
54 817668
55 817668
56 817668
57 817668
58 817668
59 817668
60 817668
61 817668
62 817668
63 817668
