1 734
2 756
3 772
4 794
5 868
6 887
7 912
8 955
9 969
10 1008
11 1058
12 1220
13 1250
14 1285
15 1376
16 1437
17 1512
18 1592
19 1607
20 1738
21 1804
22 1983
23 2042
24 2086
25 2150
26 2238
27 2313
28 2397
29 2529
30 2674
31 2813
32 2960
33 3116
34 3245
35 3314
36 3414
37 3503
38 3626
39 3745
40 3857
41 4018
42 4142
43 4284
44 4390
45 4497
46 4620
47 4726
48 4825
49 4913
50 5011
51 5133
52 5264
53 5378
54 5480
55 5616
56 5766
57 5899
58 5975
59 6043
60 6138
61 6208
62 6279
63 6351
64 6415
65 6499
66 6571
67 6651
68 6651
