1 921680
2 921680
3 921680
4 921680
5 921680
6 921680
7 921680
8 921680
9 921680
10 921680
11 921680
12 921680
13 921680
14 921680
15 921680
16 921680
17 921680
18 921680
19 921680
20 921680
21 921680
22 921680
23 921680
24 921680
25 921680
26 921680
27 921680
28 921680
29 921680
30 921680
31 921680
32 921680
33 921680
34 921680
35 921680
36 921680
37 921680
38 921680
39 921680
40 921680
41 921680
42 921680
43 921680
44 921680
45 921680
46 921680
47 921680
48 921680
49 921680
50 921680
51 921680
52 921680
53 921680
54 921680
55 921680
56 921680
57 921680
58 921680
59 921680
60 921680
61 921680
62 921680
63 921680
64 921680
65 921680
66 921680
67 921680
68 921680
69 921680
70 921680
71 921680
72 921680
73 921680
74 921680
75 921680
76 921680
77 921680
