1 3712738
2 3712738
3 3712738
4 3712738
5 3712738
6 3712738
7 3712738
8 3712738
9 3712738
10 3712738
11 3712738
12 3712738
13 3712738
14 3712738
15 3712738
16 3712738
17 3712738
18 3712738
19 3712738
20 3712738
21 3712738
22 3712738
23 3712738
24 3712738
25 3712738
26 3712738
27 3712738
28 3712738
29 3712738
30 3712738
31 3712738
32 3712738
33 3712738
34 3712738
35 3712738
36 3712738
37 3712738
38 3712738
39 3712738
40 3712738
41 3712738
42 3712738
43 3712738
44 3712738
45 3712738
46 3712738
47 3712738
48 3712738
49 3712738
50 3712738
51 3712738
52 3712738
53 3712738
54 3712738
55 3712738
56 3712738
57 3712738
58 3712738
59 3712738
60 3712738
61 3712738
62 3712738
63 3712738
64 3712738
65 3712738
66 3712738
67 3712738
68 3712738
