1 1302253
2 1302253
3 1302253
4 1302253
5 1302253
6 1302253
7 1302253
8 1302253
9 1302253
10 1302253
11 1302253
12 1302253
13 1302253
14 1302253
15 1302253
16 1302253
17 1302253
18 1302253
19 1302253
20 1302253
21 1302253
22 1302253
23 1302253
24 1302253
25 1302253
26 1302253
27 1302253
28 1302253
29 1302253
30 1302253
31 1302253
32 1302253
33 1302253
34 1302253
35 1302253
36 1302253
37 1302253
38 1302253
39 1302253
40 1302253
41 1302253
42 1302253
43 1302253
44 1302253
45 1302253
46 1302253
47 1302253
48 1302253
49 1302253
50 1302253
51 1302253
52 1302253
53 1302253
