1 9
2 11
3 13
4 20
5 25
6 29
7 32
8 39
9 43
10 51
11 57
12 62
13 69
14 77
15 86
16 95
17 101
18 111
19 116
20 120
21 124
22 129
23 134
24 138
25 147
26 155
27 160
28 167
29 174
30 183
31 193
32 202
33 210
34 216
35 222
36 231
37 233
38 237
39 247
40 253
41 257
42 261
43 267
44 276
45 278
46 282
47 288
48 293
49 297
50 303
51 308
52 309
53 315
54 321
55 324
56 327
57 329
58 330
59 331
60 332
61 335
62 338
63 340
64 341
65 345
66 350
67 354
68 357
69 358
70 358
71 360
72 360
73 364
74 364
75 366
76 367
77 368
78 369
79 369
80 371
81 371
82 375
83 372
84 374
85 374
86 377
87 377
88 377
89 378
90 379
91 380
92 380
93 381
94 383
95 385
96 386
97 387
98 389
99 389
100 389
101 391
102 391
103 393
104 394
105 394
106 393
107 395
108 396
109 397
110 398
111 398
112 399
113 402
114 402
115 402
116 404
117 405
118 409
119 410
120 412
121 413
122 413
123 414
124 414
125 415
126 415
