1 2090313
2 2090313
3 2090313
4 2090313
5 2090313
6 2090313
7 2090313
8 2090313
9 2090313
10 2090313
11 2090313
12 2090313
13 2090313
14 2090313
15 2090313
16 2090313
17 2090313
18 2090313
19 2090313
20 2090313
21 2090313
22 2090313
23 2090313
24 2090313
25 2090313
26 2090313
27 2090313
28 2090313
29 2090313
30 2090313
31 2090313
32 2090313
33 2090313
34 2090313
35 2090313
36 2090313
37 2090313
38 2090313
39 2090313
40 2090313
41 2090313
42 2090313
43 2090313
44 2090313
45 2090313
46 2090313
47 2090313
48 2090313
49 2090313
50 2090313
51 2090313
52 2090313
53 2090313
54 2090313
55 2090313
56 2090313
57 2090313
58 2090313
59 2090313
60 2090313
61 2090313
62 2090313
63 2090313
64 2090313
65 2090313
66 2090313
67 2090313
68 2090313
69 2090313
