1 520
2 522
3 529
4 561
5 589
6 655
7 745
8 798
9 858
10 984
11 1112
12 1279
13 1418
14 1563
15 1662
16 1765
17 1855
18 2043
19 2198
20 2310
21 2471
22 2609
23 2728
24 2937
25 3034
26 3164
27 3259
28 3368
29 3603
30 3733
31 3923
32 4110
33 4235
34 4364
35 4427
36 4509
37 4608
38 4708
39 4777
40 4967
41 5265
42 5632
43 5919
44 6024
45 6152
46 6358
47 6493
48 6627
49 6715
50 6897
51 7133
52 7264
53 7384
54 7563
55 7851
56 8357
57 8490
58 8532
59 8707
60 8824
61 8897
62 9021
63 9122
64 9207
65 9362
66 9598
67 9709
68 10139
69 10351
70 10583
71 10721
72 10817
73 11187
74 11359
75 11428
76 11528
77 11643
78 11926
79 12113
80 12418
81 12575
82 12751
83 12839
84 13067
85 13136
86 13177
87 13308
88 13308
