1 726
2 738
3 761
4 796
5 850
6 891
7 954
8 993
9 1050
10 1123
11 1166
12 1203
13 1248
14 1305
15 1398
16 1476
17 1587
18 1674
19 1765
20 1822
21 1895
22 1953
23 2010
24 2053
25 2115
26 2213
27 2295
28 2384
29 2467
30 2563
31 2641
32 2731
33 2813
34 2915
35 2987
36 3056
37 3119
38 3173
39 3229
40 3289
41 3333
42 3365
43 3418
44 3455
45 3507
46 3540
47 3540
48 3642
49 3694
50 3744
51 3789
52 3812
53 3840
54 3875
55 3921
56 3950
57 3976
58 4001
59 4032
60 4056
61 4093
62 4125
63 4151
64 4172
65 4191
66 4191
