1 961959
2 961959
3 961959
4 961959
5 961959
6 961959
7 961959
8 961959
9 961959
10 961959
11 961959
12 961959
13 961959
14 961959
15 961959
16 961959
17 961959
18 961959
19 961959
20 961959
21 961959
22 961959
23 961959
24 961959
25 961959
26 961959
27 961959
28 961959
29 961959
30 961959
31 961959
32 961959
33 961959
34 961959
35 961959
36 961959
37 961959
38 961959
39 961959
40 961959
41 961959
42 961959
43 961959
44 961959
45 961959
46 961959
47 961959
48 961959
49 961959
50 961959
51 961959
52 961959
53 961959
54 961959
55 961959
56 961959
57 961959
58 961959
59 961959
60 961959
61 961959
62 961959
63 961959
64 961959
65 961959
66 961959
67 961959
68 961959
69 961959
70 961959
71 961959
72 961959
73 961959
74 961959
75 961959
76 961959
77 961959
78 961959
79 961959
80 961959
81 961959
82 961959
83 961959
84 961959
85 961959
86 961959
87 961959
