1 558890
2 558890
3 558890
4 558890
5 558890
6 558890
7 558890
8 558890
9 558890
10 558890
11 558890
12 558890
13 558890
14 558890
15 558890
16 558890
17 558890
18 558890
19 558890
20 558890
21 558890
22 558890
23 558890
24 558890
25 558890
26 558890
27 558890
28 558890
29 558890
30 558890
31 558890
32 558890
33 558890
34 558890
35 558890
36 558890
37 558890
38 558890
39 558890
40 558890
41 558890
42 558890
43 558890
44 558890
45 558890
46 558890
47 558890
48 558890
49 558890
50 558890
51 558890
52 558890
53 558890
54 558890
55 558890
56 558890
57 558890
58 558890
59 558890
60 558890
61 558890
62 558890
63 558890
64 558890
65 558890
66 558890
67 558890
68 558890
69 558890
70 558890
71 558890
72 558890
73 558890
74 558890
75 558890
76 558890
77 558890
78 558890
