1 0
2 0
3 0
4 0
5 0
6 0
7 0
8 0
9 0
10 0
11 0
12 0
13 0
14 0
15 0
16 0
17 0
18 0
19 0
20 0
21 0
22 0
23 0
24 0
25 0
26 0
27 0
28 0
29 0
30 0
31 0
32 0
33 0
34 0
35 0
36 0
37 0
38 0
39 0
40 0
41 0
42 0
43 0
44 0
45 0
46 0
47 0
48 0
49 0
50 0
51 0
52 0
53 0
54 0
55 0
56 0
57 0
58 0
59 0
60 0
61 0
62 0
63 0
64 0
65 0
66 0
67 0
68 0
69 0
70 0
71 0
72 0
73 0
74 0
75 0
76 0
77 0
78 0
79 0
80 0
81 0
82 0
83 0
84 0
85 0
86 0
87 0
88 0
89 0
90 0
91 0
92 0
93 0
94 0
95 0
96 0
97 0
98 0
99 0
100 0
101 0
102 0
103 56366
104 56366
105 56366
106 56366
107 56366
108 56366
109 56366
110 56366
111 56366
112 56366
113 56366
114 56366
115 56366
116 56366
117 56366
118 56366
119 56366
120 56366
121 56366
122 56366
123 56366
124 56366
125 56366
126 56366
127 56366
128 56366
129 56366
130 56366
131 56366
132 56366
133 56366
134 56366
135 56366
136 56366
137 56366
138 56366
139 56366
140 56366
141 56366
142 56366
143 56366
144 56366
145 56366
146 56366
147 56366
148 56366
149 56366
150 56366
151 56366
152 56366
153 56366
154 56366
155 56366
156 56366
157 56366
158 56366
159 56366
160 56366
161 56366
162 56366
163 56366
164 56366
165 56366
166 56366
167 56366
168 56366
169 56366
170 56366
171 56366
172 56366
173 56366
174 56366
175 56366
176 56366
177 56366
178 56366
179 56366
180 56366
181 56366
182 56366
183 56366
184 56366
185 56366
186 56366
187 56366
188 56366
189 56366
190 56366
191 56366
192 56366
193 56366
194 56366
195 56366
196 56366
197 56366
198 56366
199 56366
200 56366
201 56366
202 56366
203 56366
204 56366
205 56366
206 56366
207 56366
208 56366
209 56366
210 56366
211 56366
212 56366
213 56366
214 56366
215 56366
216 56366
217 56366
218 56366
219 56366
220 56366
221 56366
222 56366
223 56366
224 56366
225 56366
226 56366
227 56366
228 56366
229 56366
230 56366
231 56366
232 56366
233 56366
234 56366
235 56366
236 56366
237 56366
238 56366
239 56366
240 56366
241 56366
242 56366
243 56366
244 56366
