1 1005
2 1026
3 1028
4 1035
5 1039
6 1039
7 1050
8 1063
9 1063
10 1077
11 1088
12 1102
13 1116
14 1125
15 1139
16 1179
17 1197
18 1206
19 1228
20 1242
21 1258
22 1276
23 1321
24 1361
25 1389
26 1420
27 1442
28 1476
29 1566
30 1609
31 1662
32 1735
33 1787
34 1900
35 1980
36 2089
37 2223
38 2321
39 2405
40 2686
41 2846
42 3036
43 3218
44 3387
45 3612
46 3721
47 3894
48 4142
49 4355
50 4491
51 4673
52 4799
53 4969
54 5142
55 5359
56 5605
57 5918
58 6200
59 6290
60 6509
61 6772
62 7174
63 7496
64 7737
65 7974
66 8242
67 8663
68 9038
69 9389
70 9667
71 10015
72 10132
73 10236
74 10453
75 10704
76 10913
77 11089
78 11261
79 11515
80 11598
81 11759
82 11928
83 12156
84 12343
85 12518
86 12735
87 12848
88 13098
89 13356
90 13583
91 13751
92 13920
93 14046
94 14086
95 14087
96 14278
97 14398
98 14891
99 15106
100 15401
101 15632
102 15738
103 15840
104 15914
105 15977
106 16034
107 16354
108 16686
109 17005
110 17144
111 17419
112 17631
113 17789
114 18020
115 18138
116 18362
117 18571
118 18810
119 18987
120 19224
121 19395
122 19712
123 19880
124 20079
125 20258
126 20469
127 20679
128 20808
129 20909
130 21012
131 21129
132 21270
133 21320
134 21401
135 21518
136 21562
137 21562
