1 1943309
2 1943309
3 1943309
4 1943309
5 1943309
6 1943309
7 1943309
8 1943309
9 1943309
10 1943309
11 1943309
12 1943309
13 1943309
14 1943309
15 1943309
16 1943309
17 1943309
18 1943309
19 1943309
20 1943309
21 1943309
22 1943309
23 1943309
24 1943309
25 1943309
26 1943309
27 1943309
28 1943309
29 1943309
30 1943309
31 1943309
32 1943309
33 1943309
34 1943309
35 1943309
36 1943309
37 1943309
38 1943309
39 1943309
40 1943309
41 1943309
42 1943309
43 1943309
44 1943309
45 1943309
46 1943309
47 1943309
48 1943309
49 1943309
50 1943309
51 1943309
52 1943309
53 1943309
54 1943309
55 1943309
56 1943309
57 1943309
58 1943309
59 1943309
60 1943309
61 1943309
62 1943309
63 1943309
64 1943309
65 1943309
66 1943309
67 1943309
68 1943309
69 1943309
70 1943309
71 1943309
72 1943309
73 1943309
74 1943309
75 1943309
76 1943309
77 1943309
78 1943309
79 1943309
80 1943309
81 1943309
82 1943309
83 1943309
84 1943309
85 1943309
86 1943309
87 1943309
88 1943309
89 1943309
90 1943309
91 1943309
92 1943309
93 1943309
94 1943309
95 1943309
96 1943309
97 1943309
98 1943309
99 1943309
100 1943309
101 1943309
102 1943309
103 1943309
104 1943309
105 1943309
106 1943309
107 1943309
108 1943309
109 1943309
110 1943309
111 1943309
112 1943309
113 1943309
