1 2378295
2 2378295
3 2378295
4 2378295
5 2378295
6 2378295
7 2378295
8 2378295
9 2378295
10 2378295
11 2378295
12 2378295
13 2378295
14 2378295
15 2378295
16 2378295
17 2378295
18 2378295
19 2378295
20 2378295
21 2378295
22 2378295
23 2378295
24 2378295
25 2378295
26 2378295
27 2378295
28 2378295
29 2378295
30 2378295
31 2378295
32 2378295
33 2378295
34 2378295
35 2378295
36 2378295
37 2378295
38 2378295
39 2378295
40 2378295
41 2378295
42 2378295
43 2378295
44 2378295
45 2378295
46 2378295
47 2378295
48 2378295
49 2378295
50 2378295
51 2378295
52 2378295
53 2378295
54 2378295
55 2378295
56 2378295
57 2378295
58 2378295
59 2378295
60 2378295
61 2378295
62 2378295
63 2378295
64 2378295
