1 0
2 0
3 0
4 0
5 0
6 0
7 0
8 0
9 0
10 0
11 0
12 0
13 0
14 0
15 0
16 0
17 0
18 0
19 0
20 0
21 0
22 0
23 0
24 0
25 0
26 0
27 0
28 0
29 0
30 0
31 0
32 0
33 0
34 0
35 0
36 0
37 0
38 0
39 0
40 0
41 0
42 0
43 0
44 0
45 0
46 0
47 0
48 0
49 0
50 0
51 0
52 0
53 0
54 0
55 0
56 0
57 0
58 0
59 0
60 0
61 0
62 0
63 0
64 0
65 0
66 0
67 0
68 0
69 0
70 0
71 0
72 0
73 0
74 0
75 0
76 0
77 0
78 0
79 0
80 2
81 2
82 2
83 2
84 2
85 4
86 4
87 11
88 11
89 11
90 11
91 11
92 11
93 11
94 11
95 11
96 11
97 11
98 11
99 11
100 11
101 11
102 11
103 11
104 11
105 12
106 12
107 12
108 12
109 13
110 14
111 14
112 14
113 14
114 14
115 14
116 14
117 14
118 14
119 15
120 15
121 15
122 15
123 15
124 15
125 15
126 16
127 16
128 16
129 16
130 18
131 18
132 18
133 18
134 21
135 21
136 21
137 22
138 22
139 23
140 23
141 23
142 23
143 24
144 24
145 25
146 25
147 25
148 26
149 26
150 26
151 26
152 26
153 28
154 31
155 31
156 33
157 33
158 37
159 41
160 43
161 45
162 47
163 48
164 52
165 52
166 52
167 56
168 56
169 69
170 69
171 69
172 69
173 69
174 74
175 74
176 74
177 74
178 74
179 74
180 74
181 74
182 91
183 91
184 91
185 91
186 126
187 128
188 133
189 188
190 204
191 222
192 230
193 250
194 254
195 259
196 259
197 311
198 329
199 340
200 379
201 396
202 411
203 429
204 429
205 429
206 429
207 429
208 429
209 429
210 429
211 429
212 429
213 429
214 429
215 447
216 447
217 447
218 457
219 457
220 457
221 467
222 478
223 478
224 478
225 478
226 478
227 488
228 499
229 512
230 527
231 541
232 548
233 558
234 558
235 558
236 573
237 585
238 597
239 597
240 610
241 610
242 610
243 630
244 630
