1 3356566
2 3356566
3 3356566
4 3356566
5 3356566
6 3356566
7 3356566
8 3356566
9 3356566
10 3356566
11 3356566
12 3356566
13 3356566
14 3356566
15 3356566
16 3356566
17 3356566
18 3356566
19 3356566
20 3356566
21 3356566
22 3356566
23 3356566
24 3356566
25 3356566
26 3356566
27 3356566
28 3356566
29 3356566
30 3356566
31 3356566
32 3356566
33 3356566
34 3356566
35 3356566
36 3356566
37 3356566
38 3356566
39 3356566
40 3356566
41 3356566
42 3356566
43 3356566
44 3356566
45 3356566
46 3356566
47 3356566
48 3356566
49 3356566
50 3356566
51 3356566
52 3356566
53 3356566
54 3356566
55 3356566
56 3356566
57 3356566
58 3356566
59 3356566
60 3356566
61 3356566
62 3356566
63 3356566
64 3356566
65 3356566
66 3356566
67 3356566
68 3356566
69 3356566
70 3356566
71 3356566
72 3356566
73 3356566
74 3356566
75 3356566
76 3356566
77 3356566
78 3356566
79 3356566
80 3356566
81 3356566
82 3356566
83 3356566
84 3356566
85 3356566
86 3356566
87 3356566
88 3356566
89 3356566
90 3356566
91 3356566
92 3356566
93 3356566
94 3356566
95 3356566
96 3356566
97 3356566
