1 2291032
2 2291032
3 2291032
4 2291032
5 2291032
6 2291032
7 2291032
8 2291032
9 2291032
10 2291032
11 2291032
12 2291032
13 2291032
14 2291032
15 2291032
16 2291032
17 2291032
18 2291032
19 2291032
20 2291032
21 2291032
22 2291032
23 2291032
24 2291032
25 2291032
26 2291032
27 2291032
28 2291032
29 2291032
30 2291032
31 2291032
32 2291032
33 2291032
34 2291032
35 2291032
36 2291032
37 2291032
38 2291032
39 2291032
40 2291032
41 2291032
42 2291032
43 2291032
44 2291032
45 2291032
46 2291032
47 2291032
48 2291032
49 2291032
50 2291032
51 2291032
52 2291032
53 2291032
54 2291032
55 2291032
56 2291032
57 2291032
58 2291032
59 2291032
60 2291032
61 2291032
62 2291032
63 2291032
64 2291032
65 2291032
66 2291032
67 2291032
68 2291032
69 2291032
70 2291032
71 2291032
72 2291032
73 2291032
74 2291032
75 2291032
76 2291032
77 2291032
78 2291032
79 2291032
80 2291032
81 2291032
82 2291032
83 2291032
84 2291032
85 2291032
86 2291032
87 2291032
88 2291032
89 2291032
90 2291032
91 2291032
92 2291032
93 2291032
94 2291032
95 2291032
96 2291032
97 2291032
98 2291032
