1 1507223
2 1507223
3 1507223
4 1507223
5 1507223
6 1507223
7 1507223
8 1507223
9 1507223
10 1507223
11 1507223
12 1507223
13 1507223
14 1507223
15 1507223
16 1507223
17 1507223
18 1507223
19 1507223
20 1507223
21 1507223
22 1507223
23 1507223
24 1507223
25 1507223
26 1507223
27 1507223
28 1507223
29 1507223
30 1507223
31 1507223
32 1507223
33 1507223
34 1507223
35 1507223
36 1507223
37 1507223
38 1507223
39 1507223
40 1507223
41 1507223
42 1507223
43 1507223
44 1507223
45 1507223
46 1507223
47 1507223
48 1507223
49 1507223
50 1507223
51 1507223
52 1507223
53 1507223
54 1507223
