1 0
2 0
3 0
4 0
5 0
6 0
7 0
8 0
9 0
10 0
11 0
12 0
13 0
14 0
15 0
16 0
17 0
18 0
19 0
20 0
21 0
22 0
23 0
24 0
25 0
26 0
27 0
28 0
29 0
30 0
31 0
32 0
33 0
34 0
35 0
36 0
37 0
38 0
39 0
40 0
41 0
42 0
43 0
44 0
45 0
46 0
47 0
48 0
49 0
50 0
51 0
52 0
53 0
54 0
55 0
56 0
57 0
58 0
59 0
60 0
61 0
62 0
63 0
64 0
65 0
66 0
67 0
68 0
69 0
70 0
71 0
72 0
73 0
74 0
75 0
76 0
77 0
78 0
79 0
80 0
81 0
82 0
83 0
84 0
85 0
86 0
87 0
88 0
89 0
90 0
91 0
92 0
93 0
94 0
95 0
96 0
97 0
98 270352
99 270352
100 270352
101 270352
102 270352
103 270352
104 270352
105 270352
106 270352
107 270352
108 270352
109 270352
110 270352
111 270352
112 270352
113 270352
114 270352
115 270352
116 270352
117 270352
118 270352
119 270352
120 270352
121 270352
122 270352
123 270352
124 270352
125 270352
126 270352
127 270352
128 270352
129 270352
130 270352
131 270352
132 270352
133 270352
134 270352
135 270352
136 270352
137 270352
138 270352
139 270352
140 270352
141 270352
142 270352
143 270352
144 270352
145 270352
146 270352
147 270352
148 270352
149 270352
150 270352
151 270352
152 270352
153 270352
154 270352
155 270352
156 270352
157 270352
158 270352
159 270352
160 270352
161 270352
162 270352
163 270352
164 270352
165 270352
166 270352
167 270352
168 270352
169 270352
170 270352
171 270352
172 270352
173 270352
174 270352
175 270352
176 270352
177 270352
178 270352
179 270352
180 270352
181 270352
182 270352
183 270352
184 270352
185 270352
186 270352
187 270352
188 270352
189 270352
190 270352
191 270352
192 270352
193 270352
194 270352
195 270352
196 270352
197 270352
198 270352
199 270352
200 270352
201 270352
202 270352
203 270352
204 270352
205 270352
206 270352
207 270352
208 270352
209 270352
210 270352
211 270352
212 270352
213 270352
214 270352
215 270352
216 270352
217 270352
218 270352
219 270352
220 270352
221 270352
222 270352
223 270352
224 270352
225 270352
226 270352
227 270352
228 270352
229 270352
230 270352
231 270352
232 270352
233 270352
234 270352
235 270352
236 270352
237 270352
238 270352
239 270352
240 270352
241 270352
242 270352
243 270352
244 270352
