1 0
2 0
3 0
4 0
5 0
6 0
7 0
8 0
9 0
10 0
11 0
12 0
13 0
14 0
15 0
16 0
17 0
18 0
19 0
20 0
21 0
22 0
23 0
24 0
25 0
26 0
27 0
28 0
29 0
30 0
31 0
32 0
33 0
34 0
35 0
36 0
37 0
38 0
39 0
40 0
41 0
42 0
43 0
44 0
45 0
46 0
47 0
48 0
49 0
50 0
51 0
52 0
53 0
54 0
55 0
56 0
57 0
58 0
59 0
60 0
61 0
62 0
63 0
64 0
65 0
66 0
67 0
68 0
69 0
70 0
71 0
72 0
73 0
74 0
75 0
76 0
77 0
78 0
79 0
80 0
81 0
82 0
83 0
84 0
85 0
86 0
87 0
88 0
89 0
90 0
91 0
92 0
93 0
94 0
95 0
96 0
97 0
98 0
99 0
100 0
101 0
102 0
103 0
104 0
105 0
106 0
107 0
108 0
109 0
110 0
111 0
112 0
113 0
114 0
115 0
116 0
117 0
118 0
119 0
120 0
121 0
122 0
123 0
124 0
125 0
126 0
127 0
128 0
129 0
130 0
131 0
132 0
133 0
134 0
135 0
136 0
137 0
138 0
139 2
140 2
141 2
142 2
143 2
144 2
145 2
146 2
147 3
148 3
149 3
150 3
151 5
152 5
153 13
154 13
155 13
156 14
157 14
158 14
159 15
160 15
161 17
162 17
163 17
164 19
165 19
166 21
167 25
168 31
169 37
170 37
171 37
172 40
173 46
174 49
175 51
176 56
177 60
178 69
179 69
180 69
181 69
182 69
183 69
184 74
185 78
186 81
187 81
188 82
189 84
190 89
191 91
192 92
193 102
194 106
195 118
196 122
197 123
198 123
199 123
200 124
201 124
202 125
203 131
204 136
205 136
206 136
207 140
208 140
209 142
210 145
211 145
212 145
213 145
214 153
215 153
216 158
217 170
218 172
219 173
220 173
221 178
222 182
223 198
224 214
225 223
226 229
227 243
228 245
229 248
230 249
231 256
232 259
233 262
234 262
235 265
236 267
237 267
238 268
239 268
240 268
241 268
242 269
243 269
244 269
