1 1537520
2 1537520
3 1537520
4 1537520
5 1537520
6 1537520
7 1537520
8 1537520
9 1537520
10 1537520
11 1537520
12 1537520
13 1537520
14 1537520
15 1537520
16 1537520
17 1537520
18 1537520
19 1537520
20 1537520
21 1537520
22 1537520
23 1537520
24 1537520
25 1537520
26 1537520
27 1537520
28 1537520
29 1537520
30 1537520
31 1537520
32 1537520
33 1537520
34 1537520
35 1537520
36 1537520
37 1537520
38 1537520
39 1537520
40 1537520
41 1537520
42 1537520
43 1537520
44 1537520
45 1537520
46 1537520
47 1537520
48 1537520
49 1537520
50 1537520
51 1537520
52 1537520
53 1537520
54 1537520
55 1537520
56 1537520
57 1537520
58 1537520
59 1537520
60 1537520
61 1537520
62 1537520
63 1537520
64 1537520
65 1537520
66 1537520
67 1537520
68 1537520
69 1537520
70 1537520
71 1537520
72 1537520
73 1537520
74 1537520
75 1537520
76 1537520
77 1537520
