1 327391
2 327391
3 327391
4 327391
5 327391
6 327391
7 327391
8 327391
9 327391
10 327391
11 327391
12 327391
13 327391
14 327391
15 327391
16 327391
17 327391
18 327391
19 327391
20 327391
21 327391
22 327391
23 327391
24 327391
25 327391
26 327391
27 327391
28 327391
29 327391
30 327391
31 327391
32 327391
33 327391
34 327391
35 327391
36 327391
37 327391
38 327391
39 327391
40 327391
41 327391
42 327391
43 327391
44 327391
45 327391
46 327391
47 327391
48 327391
49 327391
50 327391
51 327391
52 327391
53 327391
54 327391
55 327391
56 327391
