1 3997970
2 3997970
3 3997970
4 3997970
5 3997970
6 3997970
7 3997970
8 3997970
9 3997970
10 3997970
11 3997970
12 3997970
13 3997970
14 3997970
15 3997970
16 3997970
17 3997970
18 3997970
19 3997970
20 3997970
21 3997970
22 3997970
23 3997970
24 3997970
25 3997970
26 3997970
27 3997970
28 3997970
29 3997970
30 3997970
31 3997970
32 3997970
33 3997970
34 3997970
35 3997970
36 3997970
37 3997970
38 3997970
39 3997970
40 3997970
41 3997970
42 3997970
43 3997970
44 3997970
45 3997970
46 3997970
47 3997970
48 3997970
49 3997970
50 3997970
51 3997970
52 3997970
53 3997970
54 3997970
55 3997970
56 3997970
57 3997970
58 3997970
59 3997970
60 3997970
61 3997970
62 3997970
63 3997970
64 3997970
65 3997970
66 3997970
67 3997970
68 3997970
69 3997970
70 3997970
71 3997970
72 3997970
73 3997970
74 3997970
75 3997970
76 3997970
77 3997970
78 3997970
79 3997970
80 3997970
81 3997970
82 3997970
83 3997970
84 3997970
85 3997970
86 3997970
87 3997970
88 3997970
89 3997970
90 3997970
91 3997970
92 3997970
93 3997970
94 3997970
95 3997970
96 3997970
97 3997970
98 3997970
99 3997970
100 3997970
101 3997970
102 3997970
103 3997970
104 3997970
105 3997970
106 3997970
107 3997970
108 3997970
109 3997970
110 3997970
111 3997970
