1 446
2 452
3 463
4 474
5 477
6 481
7 771
8 777
9 792
10 798
11 938
12 951
13 974
14 986
15 1092
16 1094
17 1098
18 1114
19 1122
20 1128
21 1134
22 1142
23 1160
24 1181
25 1199
26 1301
27 1302
28 1338
29 1345
30 1349
31 1429
32 1446
33 1447
34 1452
35 1471
36 1473
37 1482
38 1484
39 1544
40 1554
41 1561
42 1561
43 1571
44 1571
45 1585
46 1632
47 1635
48 1637
49 1637
50 1638
51 1638
52 1674
53 1674
54 1682
55 1682
56 1710
57 1712
58 1719
59 1719
60 1719
61 1724
62 1725
63 1725
64 1758
65 1785
66 1785
67 1797
68 1798
69 1799
70 1801
71 1801
72 1801
73 1803
74 1803
75 1817
76 1826
77 1839
78 1839
79 1849
80 1855
81 1855
82 1862
83 1862
84 1863
85 1863
86 1863
87 1863
88 1868
89 1869
90 1869
91 1873
92 1873
93 1888
94 1888
95 1888
96 1889
97 1889
98 1889
99 1890
100 1891
101 1891
102 1902
103 1902
104 1902
105 1903
106 1903
107 1903
