1 0
2 0
3 0
4 0
5 0
6 0
7 0
8 0
9 0
10 0
11 0
12 0
13 0
14 0
15 0
16 0
17 0
18 0
19 0
20 0
21 0
22 0
23 0
24 0
25 0
26 0
27 0
28 0
29 0
30 0
31 0
32 0
33 0
34 0
35 0
36 0
37 0
38 0
39 0
40 0
41 0
42 0
43 0
44 0
45 0
46 0
47 0
48 0
49 0
50 0
51 0
52 0
53 0
54 0
55 0
56 0
57 0
58 0
59 0
60 3
61 3
62 3
63 3
64 3
65 3
66 3
67 3
68 3
69 3
70 3
71 3
72 3
73 3
74 3
75 3
76 3
77 3
78 4
79 4
80 4
81 5
82 5
83 5
84 5
85 5
86 5
87 6
88 6
89 7
90 7
91 8
92 8
93 8
94 9
95 10
96 12
97 12
98 12
99 12
100 12
101 12
102 12
103 12
104 12
105 14
106 14
107 14
108 14
109 14
110 14
111 14
112 14
113 14
114 14
115 14
116 14
117 14
118 14
119 14
120 14
121 14
122 14
123 16
124 16
125 19
126 19
127 20
128 21
129 21
130 21
131 21
132 21
133 21
134 22
135 23
136 24
137 24
138 28
139 30
140 30
141 30
142 30
143 30
144 31
145 32
146 34
147 34
148 35
149 36
150 39
151 41
152 44
153 48
154 62
155 64
156 73
157 83
158 90
159 94
160 97
161 114
162 115
163 124
164 129
165 136
166 161
167 165
168 168
169 173
170 177
171 187
172 197
173 205
174 214
175 224
176 237
177 245
178 255
179 264
180 275
181 283
182 295
183 300
184 305
185 310
186 312
187 321
188 329
189 332
190 333
191 333
192 335
193 338
194 344
195 347
196 354
197 362
198 364
199 370
200 375
201 377
202 382
203 385
204 390
205 397
206 402
207 408
208 417
209 422
210 429
211 438
212 442
213 447
214 450
215 453
216 457
217 464
218 469
219 476
220 478
221 483
222 494
223 496
224 500
225 505
226 506
227 509
228 511
229 512
230 513
231 519
232 521
233 524
234 530
235 531
236 531
237 536
238 540
239 545
240 546
241 549
242 550
243 551
244 551
