1 0
2 0
3 0
4 0
5 0
6 0
7 0
8 0
9 0
10 0
11 0
12 0
13 0
14 0
15 0
16 0
17 0
18 0
19 0
20 0
21 0
22 0
23 0
24 0
25 0
26 0
27 0
28 0
29 0
30 0
31 0
32 0
33 0
34 0
35 0
36 0
37 0
38 0
39 0
40 0
41 0
42 0
43 0
44 0
45 0
46 0
47 0
48 0
49 0
50 0
51 0
52 0
53 0
54 0
55 0
56 0
57 0
58 0
59 0
60 0
61 0
62 0
63 0
64 0
65 0
66 0
67 0
68 0
69 0
70 0
71 0
72 0
73 0
74 0
75 0
76 0
77 0
78 0
79 0
80 0
81 0
82 0
83 0
84 0
85 0
86 0
87 0
88 0
89 0
90 0
91 0
92 0
93 0
94 0
95 0
96 0
97 0
98 0
99 0
100 0
101 0
102 0
103 0
104 83054
105 83054
106 83054
107 83054
108 83054
109 83054
110 83054
111 83054
112 83054
113 83054
114 83054
115 83054
116 83054
117 83054
118 83054
119 83054
120 83054
121 83054
122 83054
123 83054
124 83054
125 83054
126 83054
127 83054
128 83054
129 83054
130 83054
131 83054
132 83054
133 83054
134 83054
135 83054
136 83054
137 83054
138 83054
139 83054
140 83054
141 83054
142 83054
143 83054
144 83054
145 83054
146 83054
147 83054
148 83054
149 83054
150 83054
151 83054
152 83054
153 83054
154 83054
155 83054
156 83054
157 83054
158 83054
159 83054
160 83054
161 83054
162 83054
163 83054
164 83054
165 83054
166 83054
167 83054
168 83054
169 83054
170 83054
171 83054
172 83054
173 83054
174 83054
175 83054
176 83054
177 83054
178 83054
179 83054
180 83054
181 83054
182 83054
183 83054
184 83054
185 83054
186 83054
187 83054
188 83054
189 83054
190 83054
191 83054
192 83054
193 83054
194 83054
195 83054
196 83054
197 83054
198 83054
199 83054
200 83054
201 83054
202 83054
203 83054
204 83054
205 83054
206 83054
207 83054
208 83054
209 83054
210 83054
211 83054
212 83054
213 83054
214 83054
215 83054
216 83054
217 83054
218 83054
219 83054
220 83054
221 83054
222 83054
223 83054
224 83054
225 83054
226 83054
227 83054
228 83054
229 83054
230 83054
231 83054
232 83054
233 83054
234 83054
235 83054
236 83054
237 83054
238 83054
239 83054
240 83054
241 83054
242 83054
243 83054
244 83054
