1 1000717
2 1000717
3 1000717
4 1000717
5 1000717
6 1000717
7 1000717
8 1000717
9 1000717
10 1000717
11 1000717
12 1000717
13 1000717
14 1000717
15 1000717
16 1000717
17 1000717
18 1000717
19 1000717
20 1000717
21 1000717
22 1000717
23 1000717
24 1000717
25 1000717
26 1000717
27 1000717
28 1000717
29 1000717
30 1000717
31 1000717
32 1000717
33 1000717
34 1000717
35 1000717
36 1000717
37 1000717
38 1000717
39 1000717
40 1000717
41 1000717
42 1000717
43 1000717
44 1000717
45 1000717
46 1000717
47 1000717
48 1000717
49 1000717
50 1000717
51 1000717
52 1000717
53 1000717
54 1000717
55 1000717
56 1000717
57 1000717
58 1000717
59 1000717
60 1000717
61 1000717
62 1000717
63 1000717
64 1000717
65 1000717
66 1000717
67 1000717
68 1000717
69 1000717
70 1000717
71 1000717
72 1000717
73 1000717
74 1000717
75 1000717
76 1000717
77 1000717
78 1000717
79 1000717
80 1000717
