1 1742815
2 1742815
3 1742815
4 1742815
5 1742815
6 1742815
7 1742815
8 1742815
9 1742815
10 1742815
11 1742815
12 1742815
13 1742815
14 1742815
15 1742815
16 1742815
17 1742815
18 1742815
19 1742815
20 1742815
21 1742815
22 1742815
23 1742815
24 1742815
25 1742815
26 1742815
27 1742815
28 1742815
29 1742815
30 1742815
31 1742815
32 1742815
33 1742815
34 1742815
35 1742815
36 1742815
37 1742815
38 1742815
39 1742815
40 1742815
41 1742815
42 1742815
43 1742815
44 1742815
45 1742815
46 1742815
47 1742815
48 1742815
49 1742815
50 1742815
51 1742815
52 1742815
53 1742815
54 1742815
55 1742815
56 1742815
57 1742815
58 1742815
59 1742815
60 1742815
61 1742815
62 1742815
63 1742815
64 1742815
65 1742815
66 1742815
67 1742815
68 1742815
69 1742815
70 1742815
71 1742815
72 1742815
73 1742815
74 1742815
75 1742815
76 1742815
77 1742815
78 1742815
79 1742815
80 1742815
81 1742815
82 1742815
83 1742815
84 1742815
85 1742815
86 1742815
