1 2026831
2 2026831
3 2026831
4 2026831
5 2026831
6 2026831
7 2026831
8 2026831
9 2026831
10 2026831
11 2026831
12 2026831
13 2026831
14 2026831
15 2026831
16 2026831
17 2026831
18 2026831
19 2026831
20 2026831
21 2026831
22 2026831
23 2026831
24 2026831
25 2026831
26 2026831
27 2026831
28 2026831
29 2026831
30 2026831
31 2026831
32 2026831
33 2026831
34 2026831
35 2026831
36 2026831
37 2026831
38 2026831
39 2026831
40 2026831
41 2026831
42 2026831
43 2026831
44 2026831
45 2026831
46 2026831
47 2026831
48 2026831
49 2026831
50 2026831
51 2026831
52 2026831
53 2026831
54 2026831
55 2026831
56 2026831
57 2026831
58 2026831
59 2026831
60 2026831
61 2026831
62 2026831
63 2026831
64 2026831
65 2026831
66 2026831
67 2026831
68 2026831
69 2026831
70 2026831
71 2026831
72 2026831
