1 689
2 748
3 787
4 830
5 871
6 896
7 911
8 938
9 996
10 1023
11 1069
12 1102
13 1134
14 1169
15 1184
16 1200
17 1229
18 1252
19 1255
20 1283
21 1300
22 1313
23 1328
24 1350
25 1368
26 1389
27 1398
28 1411
29 1422
30 1437
31 1452
32 1480
33 1518
34 1556
35 1588
36 1596
37 1629
38 1648
39 1669
40 1691
41 1721
42 1744
43 1758
44 1781
45 1797
46 1809
47 1826
48 1843
49 1852
50 1871
51 1926
52 1943
53 1967
54 1986
55 2013
56 2053
57 2067
58 2103
59 2125
60 2137
61 2168
62 2198
63 2219
64 2251
65 2282
66 2342
67 2394
68 2434
69 2441
70 2454
71 2471
72 2485
73 2502
74 2516
75 2547
76 2568
77 2579
78 2588
79 2602
80 2625
81 2644
82 2653
83 2653
