1 1411327
2 1411327
3 1411327
4 1411327
5 1411327
6 1411327
7 1411327
8 1411327
9 1411327
10 1411327
11 1411327
12 1411327
13 1411327
14 1411327
15 1411327
16 1411327
17 1411327
18 1411327
19 1411327
20 1411327
21 1411327
22 1411327
23 1411327
24 1411327
25 1411327
26 1411327
27 1411327
28 1411327
29 1411327
30 1411327
31 1411327
32 1411327
33 1411327
34 1411327
35 1411327
36 1411327
37 1411327
38 1411327
39 1411327
40 1411327
41 1411327
42 1411327
43 1411327
44 1411327
45 1411327
46 1411327
47 1411327
48 1411327
49 1411327
50 1411327
51 1411327
52 1411327
53 1411327
54 1411327
55 1411327
56 1411327
57 1411327
58 1411327
59 1411327
60 1411327
61 1411327
62 1411327
63 1411327
64 1411327
65 1411327
66 1411327
67 1411327
68 1411327
69 1411327
70 1411327
71 1411327
