1 1979384
2 1979384
3 1979384
4 1979384
5 1979384
6 1979384
7 1979384
8 1979384
9 1979384
10 1979384
11 1979384
12 1979384
13 1979384
14 1979384
15 1979384
16 1979384
17 1979384
18 1979384
19 1979384
20 1979384
21 1979384
22 1979384
23 1979384
24 1979384
25 1979384
26 1979384
27 1979384
28 1979384
29 1979384
30 1979384
31 1979384
32 1979384
33 1979384
34 1979384
35 1979384
36 1979384
37 1979384
38 1979384
39 1979384
40 1979384
41 1979384
42 1979384
43 1979384
44 1979384
45 1979384
46 1979384
47 1979384
48 1979384
49 1979384
50 1979384
51 1979384
52 1979384
53 1979384
54 1979384
55 1979384
56 1979384
57 1979384
58 1979384
59 1979384
60 1979384
61 1979384
62 1979384
63 1979384
64 1979384
65 1979384
66 1979384
67 1979384
68 1979384
69 1979384
70 1979384
71 1979384
72 1979384
73 1979384
74 1979384
75 1979384
76 1979384
77 1979384
78 1979384
79 1979384
80 1979384
81 1979384
82 1979384
83 1979384
84 1979384
85 1979384
86 1979384
87 1979384
88 1979384
89 1979384
90 1979384
91 1979384
92 1979384
