1 1614242
2 1614242
3 1614242
4 1614242
5 1614242
6 1614242
7 1614242
8 1614242
9 1614242
10 1614242
11 1614242
12 1614242
13 1614242
14 1614242
15 1614242
16 1614242
17 1614242
18 1614242
19 1614242
20 1614242
21 1614242
22 1614242
23 1614242
24 1614242
25 1614242
26 1614242
27 1614242
28 1614242
29 1614242
30 1614242
31 1614242
32 1614242
33 1614242
34 1614242
35 1614242
36 1614242
37 1614242
38 1614242
39 1614242
40 1614242
41 1614242
42 1614242
43 1614242
44 1614242
45 1614242
46 1614242
47 1614242
48 1614242
49 1614242
50 1614242
51 1614242
52 1614242
53 1614242
54 1614242
55 1614242
56 1614242
57 1614242
58 1614242
59 1614242
60 1614242
61 1614242
62 1614242
63 1614242
64 1614242
65 1614242
66 1614242
67 1614242
68 1614242
69 1614242
70 1614242
71 1614242
72 1614242
73 1614242
74 1614242
75 1614242
76 1614242
77 1614242
78 1614242
79 1614242
80 1614242
81 1614242
82 1614242
83 1614242
84 1614242
85 1614242
86 1614242
87 1614242
88 1614242
89 1614242
90 1614242
91 1614242
92 1614242
93 1614242
94 1614242
95 1614242
96 1614242
97 1614242
98 1614242
99 1614242
100 1614242
101 1614242
102 1614242
103 1614242
104 1614242
105 1614242
106 1614242
107 1614242
108 1614242
109 1614242
110 1614242
111 1614242
112 1614242
113 1614242
114 1614242
115 1614242
116 1614242
117 1614242
118 1614242
119 1614242
120 1614242
121 1614242
122 1614242
123 1614242
