1 2149066
2 2149066
3 2149066
4 2149066
5 2149066
6 2149066
7 2149066
8 2149066
9 2149066
10 2149066
11 2149066
12 2149066
13 2149066
14 2149066
15 2149066
16 2149066
17 2149066
18 2149066
19 2149066
20 2149066
21 2149066
22 2149066
23 2149066
24 2149066
25 2149066
26 2149066
27 2149066
28 2149066
29 2149066
30 2149066
31 2149066
32 2149066
33 2149066
34 2149066
35 2149066
36 2149066
37 2149066
38 2149066
39 2149066
40 2149066
41 2149066
42 2149066
43 2149066
44 2149066
45 2149066
46 2149066
47 2149066
48 2149066
49 2149066
50 2149066
51 2149066
52 2149066
53 2149066
54 2149066
55 2149066
56 2149066
