1 0
2 0
3 0
4 0
5 0
6 0
7 0
8 0
9 0
10 0
11 0
12 0
13 0
14 0
15 0
16 0
17 0
18 0
19 0
20 0
21 0
22 0
23 0
24 0
25 0
26 0
27 0
28 0
29 0
30 0
31 0
32 0
33 0
34 0
35 0
36 0
37 0
38 0
39 0
40 0
41 0
42 0
43 0
44 0
45 0
46 0
47 0
48 0
49 0
50 0
51 0
52 0
53 0
54 0
55 0
56 0
57 0
58 0
59 0
60 0
61 0
62 0
63 0
64 0
65 0
66 0
67 0
68 0
69 0
70 0
71 0
72 0
73 0
74 0
75 0
76 0
77 0
78 0
79 0
80 643579
81 643579
82 643579
83 643579
84 643579
85 643579
86 643579
87 643579
88 643579
89 643579
90 643579
91 643579
92 643579
93 643579
94 643579
95 643579
96 643579
97 643579
98 643579
99 643579
100 643579
101 643579
102 643579
103 643579
104 643579
105 643579
106 643579
107 643579
108 643579
109 643579
110 643579
111 643579
112 643579
113 643579
114 643579
115 643579
116 643579
117 643579
118 643579
119 643579
120 643579
121 643579
122 643579
123 643579
124 643579
125 643579
126 643579
127 643579
128 643579
129 643579
130 643579
131 643579
132 643579
133 643579
134 643579
135 643579
136 643579
137 643579
138 643579
139 643579
140 643579
141 643579
142 643579
143 643579
144 643579
145 643579
146 643579
147 643579
148 643579
149 643579
150 643579
151 643579
152 643579
153 643579
154 643579
155 643579
156 643579
157 643579
158 643579
159 643579
160 643579
161 643579
162 643579
163 643579
164 643579
165 643579
166 643579
167 643579
168 643579
169 643579
170 643579
171 643579
172 643579
173 643579
174 643579
175 643579
176 643579
177 643579
178 643579
179 643579
180 643579
181 643579
182 643579
183 643579
184 643579
185 643579
186 643579
187 643579
188 643579
189 643579
190 643579
191 643579
192 643579
193 643579
194 643579
195 643579
196 643579
197 643579
198 643579
199 643579
200 643579
201 643579
202 643579
203 643579
204 643579
205 643579
206 643579
207 643579
208 643579
209 643579
210 643579
211 643579
212 643579
213 643579
214 643579
215 643579
216 643579
217 643579
218 643579
219 643579
220 643579
221 643579
222 643579
223 643579
224 643579
225 643579
226 643579
227 643579
228 643579
229 643579
230 643579
231 643579
232 643579
233 643579
234 643579
235 643579
236 643579
237 643579
238 643579
239 643579
240 643579
241 643579
242 643579
243 643579
244 643579
