1 841
2 889
3 907
4 919
5 932
6 944
7 947
8 967
9 1014
10 1038
11 1050
12 1094
13 1116
14 1138
15 1200
16 1236
17 1255
18 1299
19 1460
20 1503
21 1540
22 1599
23 1630
24 1670
25 1702
26 1729
27 1799
28 1822
29 1838
30 1855
31 1894
32 1910
33 1970
34 2030
35 2049
36 2059
37 2090
38 2110
39 2123
40 2196
41 2212
42 2248
43 2264
44 2270
45 2281
46 2319
47 2322
48 2327
49 2367
50 2370
51 2373
52 2384
53 2390
54 2396
55 2408
56 2423
57 2454
58 2459
59 2462
60 2465
61 2469
62 2478
63 2480
64 2481
65 2488
66 2494
67 2497
68 2501
69 2508
70 2509
71 2509
