1 658
2 696
3 712
4 742
5 771
6 797
7 816
8 828
9 839
10 872
11 899
12 909
13 937
14 969
15 1027
16 1074
17 1146
18 1179
19 1224
20 1287
21 1328
22 1380
23 1441
24 1475
25 1540
26 1580
27 1607
28 1609
29 1638
30 1660
31 1663
32 1732
33 1751
34 1760
35 1807
36 1813
37 1844
38 1862
39 1938
40 1975
41 2009
42 2041
43 2066
44 2100
45 2115
46 2160
47 2223
48 2245
49 2260
50 2318
51 2332
52 2380
53 2430
54 2513
55 2539
56 2575
57 2616
58 2648
59 2694
60 2760
61 2804
62 2874
63 2990
64 3038
65 3134
66 3180
67 3245
68 3354
69 3398
70 3479
71 3559
72 3676
73 3845
74 3990
75 4161
76 4346
77 4439
78 4580
79 4738
80 4821
81 5001
82 5131
83 5254
84 5361
85 5574
86 5716
87 5863
88 6066
89 6335
90 6522
91 6722
92 6947
93 7222
94 7483
95 7678
96 7914
97 8117
98 8329
99 8546
100 8711
101 8892
102 9135
103 9356
104 9480
105 9607
106 9717
107 9919
108 9976
109 10125
110 10267
111 10439
112 10573
113 10728
114 10891
115 10998
116 11122
117 11224
118 11326
119 11442
120 11442
