1 2541894
2 2541894
3 2541894
4 2541894
5 2541894
6 2541894
7 2541894
8 2541894
9 2541894
10 2541894
11 2541894
12 2541894
13 2541894
14 2541894
15 2541894
16 2541894
17 2541894
18 2541894
19 2541894
20 2541894
21 2541894
22 2541894
23 2541894
24 2541894
25 2541894
26 2541894
27 2541894
28 2541894
29 2541894
30 2541894
31 2541894
32 2541894
33 2541894
34 2541894
35 2541894
36 2541894
37 2541894
38 2541894
39 2541894
40 2541894
41 2541894
42 2541894
43 2541894
44 2541894
45 2541894
46 2541894
47 2541894
48 2541894
49 2541894
50 2541894
51 2541894
52 2541894
53 2541894
54 2541894
55 2541894
56 2541894
57 2541894
58 2541894
59 2541894
60 2541894
61 2541894
62 2541894
63 2541894
64 2541894
65 2541894
66 2541894
67 2541894
68 2541894
69 2541894
70 2541894
71 2541894
72 2541894
73 2541894
74 2541894
75 2541894
76 2541894
77 2541894
78 2541894
79 2541894
80 2541894
81 2541894
82 2541894
83 2541894
84 2541894
