1 2161367
2 2161367
3 2161367
4 2161367
5 2161367
6 2161367
7 2161367
8 2161367
9 2161367
10 2161367
11 2161367
12 2161367
13 2161367
14 2161367
15 2161367
16 2161367
17 2161367
18 2161367
19 2161367
20 2161367
21 2161367
22 2161367
23 2161367
24 2161367
25 2161367
26 2161367
27 2161367
28 2161367
29 2161367
30 2161367
31 2161367
32 2161367
33 2161367
34 2161367
35 2161367
36 2161367
37 2161367
38 2161367
39 2161367
40 2161367
41 2161367
42 2161367
43 2161367
44 2161367
45 2161367
46 2161367
47 2161367
48 2161367
49 2161367
50 2161367
51 2161367
52 2161367
53 2161367
54 2161367
55 2161367
56 2161367
57 2161367
58 2161367
59 2161367
60 2161367
61 2161367
62 2161367
63 2161367
64 2161367
65 2161367
66 2161367
67 2161367
68 2161367
69 2161367
70 2161367
71 2161367
72 2161367
73 2161367
74 2161367
75 2161367
76 2161367
77 2161367
78 2161367
79 2161367
80 2161367
81 2161367
82 2161367
83 2161367
84 2161367
85 2161367
86 2161367
87 2161367
88 2161367
89 2161367
90 2161367
91 2161367
92 2161367
93 2161367
94 2161367
95 2161367
96 2161367
97 2161367
98 2161367
99 2161367
100 2161367
101 2161367
102 2161367
103 2161367
104 2161367
105 2161367
