1 1032275
2 1032275
3 1032275
4 1032275
5 1032275
6 1032275
7 1032275
8 1032275
9 1032275
10 1032275
11 1032275
12 1032275
13 1032275
14 1032275
15 1032275
16 1032275
17 1032275
18 1032275
19 1032275
20 1032275
21 1032275
22 1032275
23 1032275
24 1032275
25 1032275
26 1032275
27 1032275
28 1032275
29 1032275
30 1032275
31 1032275
32 1032275
33 1032275
34 1032275
35 1032275
36 1032275
37 1032275
38 1032275
39 1032275
40 1032275
41 1032275
42 1032275
43 1032275
44 1032275
45 1032275
46 1032275
47 1032275
48 1032275
49 1032275
50 1032275
