1 0
2 0
3 0
4 0
5 0
6 0
7 0
8 0
9 0
10 0
11 0
12 0
13 0
14 0
15 0
16 0
17 0
18 0
19 0
20 0
21 0
22 0
23 0
24 0
25 0
26 0
27 0
28 0
29 0
30 0
31 0
32 0
33 0
34 0
35 0
36 0
37 0
38 0
39 0
40 0
41 0
42 0
43 0
44 0
45 0
46 0
47 0
48 0
49 0
50 0
51 0
52 0
53 0
54 0
55 0
56 0
57 0
58 0
59 0
60 0
61 0
62 0
63 0
64 0
65 0
66 0
67 0
68 0
69 0
70 0
71 0
72 0
73 0
74 0
75 0
76 0
77 0
78 0
79 0
80 0
81 0
82 0
83 0
84 0
85 0
86 0
87 0
88 0
89 0
90 0
91 0
92 0
93 0
94 0
95 0
96 0
97 0
98 0
99 0
100 0
101 0
102 0
103 0
104 0
105 0
106 0
107 0
108 0
109 0
110 0
111 0
112 0
113 0
114 0
115 0
116 0
117 0
118 0
119 0
120 0
121 0
122 0
123 0
124 31528
125 31528
126 31528
127 31528
128 31528
129 31528
130 31528
131 31528
132 31528
133 31528
134 31528
135 31528
136 31528
137 31528
138 31528
139 31528
140 31528
141 31528
142 31528
143 31528
144 31528
145 31528
146 31528
147 31528
148 31528
149 31528
150 31528
151 31528
152 31528
153 31528
154 31528
155 31528
156 31528
157 31528
158 31528
159 31528
160 31528
161 31528
162 31528
163 31528
164 31528
165 31528
166 31528
167 31528
168 31528
169 31528
170 31528
171 31528
172 31528
173 31528
174 31528
175 31528
176 31528
177 31528
178 31528
179 31528
180 31528
181 31528
182 31528
183 31528
184 31528
185 31528
186 31528
187 31528
188 31528
189 31528
190 31528
191 31528
192 31528
193 31528
194 31528
195 31528
196 31528
197 31528
198 31528
199 31528
200 31528
201 31528
202 31528
203 31528
204 31528
205 31528
206 31528
207 31528
208 31528
209 31528
210 31528
211 31528
212 31528
213 31528
214 31528
215 31528
216 31528
217 31528
218 31528
219 31528
220 31528
221 31528
222 31528
223 31528
224 31528
225 31528
226 31528
227 31528
228 31528
229 31528
230 31528
231 31528
232 31528
233 31528
234 31528
235 31528
236 31528
237 31528
238 31528
239 31528
240 31528
241 31528
242 31528
243 31528
244 31528
