1 618008
2 618008
3 618008
4 618008
5 618008
6 618008
7 618008
8 618008
9 618008
10 618008
11 618008
12 618008
13 618008
14 618008
15 618008
16 618008
17 618008
18 618008
19 618008
20 618008
21 618008
22 618008
23 618008
24 618008
25 618008
26 618008
27 618008
28 618008
29 618008
30 618008
31 618008
32 618008
33 618008
34 618008
35 618008
36 618008
37 618008
38 618008
39 618008
40 618008
41 618008
42 618008
43 618008
44 618008
45 618008
46 618008
47 618008
48 618008
49 618008
50 618008
51 618008
52 618008
53 618008
54 618008
55 618008
56 618008
57 618008
58 618008
59 618008
60 618008
61 618008
