1 0
2 0
3 0
4 0
5 0
6 0
7 0
8 0
9 0
10 0
11 0
12 0
13 0
14 0
15 0
16 0
17 0
18 0
19 0
20 0
21 0
22 0
23 0
24 0
25 0
26 0
27 0
28 0
29 0
30 0
31 0
32 0
33 0
34 0
35 0
36 0
37 0
38 0
39 0
40 0
41 0
42 0
43 0
44 0
45 0
46 0
47 0
48 0
49 0
50 0
51 0
52 0
53 0
54 0
55 0
56 0
57 0
58 0
59 0
60 0
61 0
62 0
63 0
64 0
65 0
66 0
67 0
68 0
69 0
70 0
71 0
72 0
73 0
74 0
75 0
76 0
77 0
78 0
79 0
80 0
81 0
82 0
83 0
84 0
85 0
86 0
87 0
88 0
89 0
90 0
91 0
92 0
93 0
94 0
95 0
96 0
97 0
98 0
99 0
100 0
101 0
102 0
103 0
104 0
105 1
106 1
107 1
108 1
109 1
110 1
111 1
112 1
113 1
114 1
115 1
116 1
117 1
118 1
119 1
120 1
121 1
122 1
123 1
124 1
125 1
126 1
127 1
128 1
129 1
130 1
131 1
132 1
133 1
134 1
135 1
136 1
137 3
138 3
139 3
140 3
141 3
142 3
143 5
144 5
145 7
146 7
147 7
148 7
149 7
150 7
151 7
152 7
153 7
154 7
155 7
156 7
157 7
158 8
159 8
160 8
161 8
162 8
163 10
164 16
165 16
166 17
167 18
168 19
169 21
170 24
171 25
172 28
173 32
174 33
175 33
176 33
177 33
178 33
179 33
180 34
181 35
182 37
183 42
184 46
185 48
186 50
187 50
188 52
189 52
190 55
191 68
192 70
193 79
194 86
195 93
196 99
197 106
198 114
199 117
200 127
201 129
202 133
203 139
204 141
205 141
206 142
207 143
208 147
209 147
210 149
211 151
212 154
213 154
214 156
215 159
216 162
217 162
218 162
219 162
220 162
221 164
222 170
223 174
224 177
225 179
226 181
227 186
228 187
229 188
230 188
231 189
232 193
233 201
234 203
235 203
236 203
237 206
238 211
239 212
240 212
241 221
242 224
243 228
244 232
245 233
246 241
247 243
248 247
249 251
250 253
251 255
252 257
253 260
254 267
255 275
256 282
257 286
258 292
259 294
260 298
261 304
262 308
263 312
264 314
265 316
266 319
267 330
268 337
269 339
270 345
271 351
272 355
273 361
274 364
275 371
276 374
277 377
278 380
279 382
280 384
281 385
282 388
283 391
284 395
285 397
286 400
287 405
288 409
289 417
290 421
291 421
292 423
293 426
294 430
295 434
296 436
297 438
298 438
