1 1575247
2 1575247
3 1575247
4 1575247
5 1575247
6 1575247
7 1575247
8 1575247
9 1575247
10 1575247
11 1575247
12 1575247
13 1575247
14 1575247
15 1575247
16 1575247
17 1575247
18 1575247
19 1575247
20 1575247
21 1575247
22 1575247
23 1575247
24 1575247
25 1575247
26 1575247
27 1575247
28 1575247
29 1575247
30 1575247
31 1575247
32 1575247
33 1575247
34 1575247
35 1575247
36 1575247
37 1575247
38 1575247
39 1575247
40 1575247
41 1575247
42 1575247
43 1575247
44 1575247
45 1575247
46 1575247
47 1575247
