1 645
2 653
3 727
4 754
5 765
6 765
7 862
8 903
9 971
10 1450
11 1603
12 1683
13 1692
14 1743
15 1892
16 1970
17 2147
18 2191
19 2370
20 2481
21 2581
22 2603
23 2707
24 2824
25 2877
26 3204
27 3262
28 3362
29 3496
30 3575
31 3617
32 3681
33 3882
34 3978
35 4074
36 4165
37 4268
38 4449
39 4552
40 4621
41 4843
42 4969
43 5079
44 5260
45 5421
46 5449
47 5500
48 5539
49 5679
50 5783
51 5857
52 6008
53 6080
54 6148
55 6246
56 6367
57 6477
58 6569
59 6721
60 6856
61 6951
62 7067
63 7174
64 7242
65 7313
66 7444
67 7532
68 7645
69 7700
70 7745
71 7776
72 7830
73 7910
74 7985
75 8104
76 8143
77 8172
78 8269
79 8314
80 8373
81 8412
82 8480
83 8523
84 8560
85 8601
86 8624
87 8642
88 8692
89 8744
90 8790
91 8844
92 8907
93 8934
94 8973
95 9005
96 9044
97 9085
98 9111
99 9134
100 9161
101 9203
102 9235
103 9268
104 9299
105 9299
