1 0
2 0
3 0
4 0
5 0
6 0
7 0
8 0
9 0
10 0
11 0
12 0
13 0
14 0
15 0
16 0
17 0
18 0
19 0
20 0
21 0
22 0
23 0
24 0
25 0
26 0
27 0
28 0
29 0
30 0
31 0
32 0
33 0
34 0
35 0
36 0
37 0
38 0
39 0
40 0
41 0
42 0
43 0
44 0
45 0
46 0
47 0
48 0
49 0
50 0
51 0
52 0
53 0
54 0
55 0
56 0
57 0
58 0
59 0
60 0
61 0
62 1
63 1
64 1
65 1
66 1
67 1
68 1
69 1
70 1
71 1
72 1
73 1
74 1
75 2
76 2
77 2
78 2
79 2
80 2
81 2
82 3
83 3
84 5
85 6
86 6
87 10
88 10
89 12
90 12
91 12
92 12
93 12
94 12
95 12
96 12
97 12
98 12
99 12
100 13
101 13
102 13
103 16
104 32
105 32
106 40
107 40
108 41
109 41
110 41
111 41
112 41
113 41
114 42
115 42
116 42
117 43
118 43
119 43
120 43
121 43
122 43
123 43
124 44
125 44
126 46
127 48
128 48
129 48
130 50
131 52
132 55
133 55
134 55
135 58
136 60
137 63
138 63
139 65
140 66
141 71
142 72
143 75
144 75
145 77
146 78
147 78
148 79
149 79
150 80
151 80
152 80
153 81
154 83
155 83
156 87
157 88
158 90
159 98
160 99
161 99
162 103
163 110
164 110
165 119
166 119
167 124
168 125
169 130
170 133
171 135
172 137
173 142
174 145
175 146
176 147
177 152
178 154
179 154
180 159
181 164
182 165
183 172
184 182
185 190
186 202
187 217
188 221
189 222
190 237
191 246
192 266
193 267
194 272
195 288
196 293
197 302
198 310
199 312
200 313
201 325
202 331
203 339
204 353
205 366
206 386
207 402
208 411
209 420
210 427
211 429
212 448
213 457
214 460
215 471
216 474
217 481
218 489
219 495
220 499
221 506
222 507
223 510
224 514
225 519
226 521
227 526
228 530
229 533
230 539
231 541
232 542
233 544
234 547
235 551
236 554
237 556
238 560
239 565
240 571
241 576
242 577
243 580
244 580
