1 3495021
2 3495021
3 3495021
4 3495021
5 3495021
6 3495021
7 3495021
8 3495021
9 3495021
10 3495021
11 3495021
12 3495021
13 3495021
14 3495021
15 3495021
16 3495021
17 3495021
18 3495021
19 3495021
20 3495021
21 3495021
22 3495021
23 3495021
24 3495021
25 3495021
26 3495021
27 3495021
28 3495021
29 3495021
30 3495021
31 3495021
32 3495021
33 3495021
34 3495021
35 3495021
36 3495021
37 3495021
38 3495021
39 3495021
40 3495021
41 3495021
42 3495021
43 3495021
44 3495021
45 3495021
46 3495021
47 3495021
48 3495021
49 3495021
50 3495021
51 3495021
52 3495021
53 3495021
54 3495021
55 3495021
56 3495021
57 3495021
58 3495021
59 3495021
60 3495021
61 3495021
62 3495021
63 3495021
64 3495021
65 3495021
66 3495021
67 3495021
68 3495021
69 3495021
70 3495021
71 3495021
72 3495021
73 3495021
74 3495021
75 3495021
76 3495021
77 3495021
78 3495021
79 3495021
80 3495021
81 3495021
82 3495021
83 3495021
84 3495021
85 3495021
86 3495021
87 3495021
88 3495021
89 3495021
90 3495021
91 3495021
92 3495021
