1 0
2 0
3 0
4 0
5 0
6 0
7 0
8 0
9 0
10 0
11 0
12 0
13 0
14 0
15 0
16 0
17 0
18 0
19 0
20 0
21 0
22 0
23 0
24 0
25 0
26 0
27 0
28 0
29 0
30 0
31 0
32 0
33 0
34 0
35 0
36 0
37 0
38 0
39 0
40 0
41 0
42 0
43 0
44 0
45 0
46 0
47 0
48 0
49 0
50 0
51 0
52 0
53 0
54 0
55 0
56 0
57 0
58 0
59 0
60 0
61 0
62 0
63 0
64 0
65 0
66 0
67 0
68 0
69 0
70 0
71 0
72 0
73 0
74 0
75 0
76 0
77 0
78 0
79 0
80 0
81 0
82 0
83 0
84 0
85 0
86 0
87 0
88 0
89 0
90 0
91 0
92 0
93 0
94 0
95 0
96 0
97 0
98 0
99 0
100 0
101 0
102 0
103 1
104 1
105 1
106 1
107 1
108 1
109 1
110 2
111 2
112 3
113 3
114 3
115 3
116 3
117 3
118 3
119 3
120 3
121 3
122 3
123 3
124 3
125 3
126 3
127 3
128 3
129 5
130 5
131 5
132 5
133 5
134 5
135 5
136 5
137 5
138 5
139 6
140 6
141 6
142 6
143 6
144 6
145 6
146 6
147 19
148 19
149 24
150 30
151 30
152 34
153 42
154 48
155 49
156 50
157 58
158 58
159 58
160 60
161 62
162 63
163 63
164 68
165 71
166 71
167 71
168 71
169 76
170 77
171 78
172 78
173 79
174 87
175 92
176 92
177 92
178 92
179 93
180 95
181 97
182 106
183 111
184 113
185 121
186 130
187 132
188 135
189 163
190 200
191 202
192 209
193 213
194 213
195 214
196 217
197 219
198 219
199 222
200 222
201 224
202 226
203 232
204 232
205 233
206 238
207 240
208 240
209 241
210 242
211 264
212 267
213 270
214 272
215 277
216 287
217 295
218 305
219 309
220 323
221 327
222 336
223 352
224 366
225 387
226 404
227 419
228 425
229 436
230 443
231 454
232 466
233 476
234 481
235 483
236 495
237 497
238 505
239 510
240 513
241 513
242 513
243 517
244 517
