1 2496761
2 2496761
3 2496761
4 2496761
5 2496761
6 2496761
7 2496761
8 2496761
9 2496761
10 2496761
11 2496761
12 2496761
13 2496761
14 2496761
15 2496761
16 2496761
17 2496761
18 2496761
19 2496761
20 2496761
21 2496761
22 2496761
23 2496761
24 2496761
25 2496761
26 2496761
27 2496761
28 2496761
29 2496761
30 2496761
31 2496761
32 2496761
33 2496761
34 2496761
35 2496761
36 2496761
37 2496761
38 2496761
39 2496761
40 2496761
41 2496761
42 2496761
43 2496761
44 2496761
45 2496761
46 2496761
47 2496761
48 2496761
49 2496761
50 2496761
51 2496761
52 2496761
53 2496761
54 2496761
55 2496761
56 2496761
57 2496761
58 2496761
59 2496761
60 2496761
61 2496761
62 2496761
63 2496761
64 2496761
65 2496761
66 2496761
67 2496761
68 2496761
69 2496761
70 2496761
71 2496761
72 2496761
73 2496761
74 2496761
75 2496761
