1 1035
2 1103
3 1158
4 1186
5 1258
6 1325
7 1424
8 1493
9 1563
10 1619
11 1689
12 1735
13 1796
14 1848
15 1904
16 1992
17 2046
18 2101
19 2212
20 2329
21 2428
22 2545
23 2677
24 2798
25 2933
26 3086
27 3248
28 3382
29 3546
30 3760
31 3941
32 4130
33 4353
34 4617
35 4945
36 5272
37 5629
38 5992
39 6285
40 6632
41 7035
42 7478
43 8032
44 8576
45 9150
46 9606
47 10230
48 10775
49 11342
50 11866
51 12408
52 12901
53 13363
54 13917
55 14487
56 15131
57 15739
58 16325
59 16835
60 17431
61 18140
62 18741
63 19314
64 19967
65 20555
66 21047
67 21690
68 22279
69 22861
70 23467
71 24109
72 24669
73 25240
74 25904
75 26561
76 27308
77 28072
78 28619
79 29315
80 30015
81 30605
82 31117
83 31790
84 32344
85 32807
86 33401
87 33868
88 34531
89 35259
90 35990
91 36562
92 37121
93 37711
94 38287
95 38868
96 39438
97 39979
98 40511
99 41067
100 41594
101 42153
102 42669
103 43175
104 43682
105 44184
106 44685
107 45192
108 45707
109 46234
110 46866
111 47498
112 48183
113 48876
114 49546
115 50204
116 50838
117 51499
118 52145
119 52800
120 53441
121 54182
122 54924
123 55636
124 56364
125 57081
126 57832
127 58588
128 59362
129 60121
130 60877
131 61629
132 62392
133 63150
134 63942
135 64780
136 65638
137 66509
138 67381
139 68245
140 69131
141 70027
142 70942
143 71831
144 71831
