1 0
2 0
3 0
4 0
5 0
6 0
7 0
8 0
9 0
10 0
11 0
12 0
13 0
14 0
15 0
16 0
17 0
18 0
19 0
20 0
21 0
22 0
23 0
24 0
25 0
26 0
27 0
28 0
29 0
30 0
31 0
32 0
33 0
34 0
35 0
36 0
37 0
38 0
39 0
40 0
41 0
42 0
43 0
44 0
45 0
46 0
47 0
48 0
49 0
50 0
51 0
52 0
53 0
54 0
55 0
56 0
57 0
58 0
59 0
60 0
61 0
62 0
63 0
64 0
65 0
66 0
67 0
68 0
69 0
70 0
71 0
72 0
73 0
74 0
75 0
76 0
77 0
78 0
79 0
80 0
81 0
82 0
83 0
84 0
85 0
86 0
87 0
88 0
89 0
90 0
91 0
92 0
93 0
94 1
95 1
96 1
97 1
98 1
99 2
100 2
101 2
102 2
103 2
104 2
105 2
106 4
107 5
108 6
109 6
110 6
111 6
112 7
113 9
114 9
115 9
116 9
117 9
118 9
119 9
120 9
121 9
122 9
123 9
124 9
125 9
126 9
127 9
128 9
129 9
130 9
131 9
132 9
133 9
134 9
135 9
136 9
137 9
138 10
139 10
140 10
141 10
142 10
143 10
144 10
145 10
146 20
147 20
148 22
149 24
150 24
151 29
152 29
153 31
154 31
155 31
156 31
157 31
158 33
159 33
160 33
161 34
162 34
163 38
164 41
165 42
166 42
167 42
168 42
169 42
170 42
171 44
172 44
173 44
174 44
175 46
176 49
177 50
178 51
179 52
180 58
181 63
182 64
183 70
184 72
185 75
186 76
187 77
188 78
189 80
190 95
191 100
192 106
193 109
194 111
195 120
196 126
197 129
198 133
199 138
200 140
201 144
202 147
203 166
204 171
205 175
206 180
207 191
208 195
209 239
210 243
211 243
212 273
213 300
214 322
215 353
216 373
217 407
218 427
219 448
220 477
221 498
222 531
223 555
224 562
225 570
226 593
227 606
228 634
229 653
230 661
231 674
232 691
233 725
234 744
235 764
236 773
237 787
238 798
239 799
240 804
241 819
242 831
243 838
244 838
