1 615
2 684
3 691
4 719
5 720
6 761
7 861
8 861
9 912
10 959
11 966
12 987
13 1021
14 1037
15 1136
16 1158
17 1178
18 1238
19 1266
20 1409
21 1439
22 1464
23 1531
24 1593
25 1720
26 1742
27 1772
28 1898
29 2039
30 2154
31 2407
32 2508
33 2665
34 2738
35 2939
36 2964
37 3171
38 3339
39 3486
40 3544
41 3597
42 3773
43 4092
44 4103
45 4193
46 4277
47 4497
48 4624
49 4781
50 4927
51 5132
52 5223
53 5246
54 5308
55 5467
56 5541
57 5675
58 5773
59 5844
60 5909
61 5996
62 6047
63 6126
64 6184
65 6225
66 6265
67 6302
68 6331
69 6404
70 6456
71 6466
72 6557
73 6580
74 6623
75 6672
76 6684
77 6706
78 6706
