1 3392764
2 3392764
3 3392764
4 3392764
5 3392764
6 3392764
7 3392764
8 3392764
9 3392764
10 3392764
11 3392764
12 3392764
13 3392764
14 3392764
15 3392764
16 3392764
17 3392764
18 3392764
19 3392764
20 3392764
21 3392764
22 3392764
23 3392764
24 3392764
25 3392764
26 3392764
27 3392764
28 3392764
29 3392764
30 3392764
31 3392764
32 3392764
33 3392764
34 3392764
35 3392764
36 3392764
37 3392764
38 3392764
39 3392764
40 3392764
41 3392764
42 3392764
43 3392764
44 3392764
45 3392764
46 3392764
47 3392764
48 3392764
49 3392764
50 3392764
51 3392764
52 3392764
53 3392764
54 3392764
55 3392764
56 3392764
57 3392764
58 3392764
59 3392764
60 3392764
61 3392764
62 3392764
63 3392764
64 3392764
65 3392764
66 3392764
67 3392764
68 3392764
69 3392764
70 3392764
71 3392764
72 3392764
73 3392764
74 3392764
75 3392764
76 3392764
77 3392764
78 3392764
79 3392764
80 3392764
81 3392764
82 3392764
83 3392764
84 3392764
85 3392764
86 3392764
87 3392764
88 3392764
89 3392764
90 3392764
91 3392764
92 3392764
93 3392764
94 3392764
95 3392764
96 3392764
97 3392764
98 3392764
99 3392764
100 3392764
101 3392764
102 3392764
103 3392764
104 3392764
105 3392764
106 3392764
107 3392764
108 3392764
109 3392764
