1 3067549
2 3067549
3 3067549
4 3067549
5 3067549
6 3067549
7 3067549
8 3067549
9 3067549
10 3067549
11 3067549
12 3067549
13 3067549
14 3067549
15 3067549
16 3067549
17 3067549
18 3067549
19 3067549
20 3067549
21 3067549
22 3067549
23 3067549
24 3067549
25 3067549
26 3067549
27 3067549
28 3067549
29 3067549
30 3067549
31 3067549
32 3067549
33 3067549
34 3067549
35 3067549
36 3067549
37 3067549
38 3067549
39 3067549
40 3067549
41 3067549
42 3067549
43 3067549
44 3067549
45 3067549
46 3067549
47 3067549
48 3067549
49 3067549
50 3067549
51 3067549
52 3067549
53 3067549
54 3067549
55 3067549
56 3067549
57 3067549
58 3067549
59 3067549
60 3067549
61 3067549
62 3067549
63 3067549
64 3067549
65 3067549
66 3067549
67 3067549
68 3067549
69 3067549
70 3067549
71 3067549
72 3067549
73 3067549
74 3067549
75 3067549
76 3067549
77 3067549
78 3067549
79 3067549
80 3067549
81 3067549
82 3067549
83 3067549
84 3067549
85 3067549
86 3067549
87 3067549
88 3067549
89 3067549
90 3067549
91 3067549
92 3067549
93 3067549
94 3067549
95 3067549
96 3067549
97 3067549
98 3067549
99 3067549
100 3067549
