1 6663971
2 6663971
3 6663971
4 6663971
5 6663971
6 6663971
7 6663971
8 6663971
9 6663971
10 6663971
11 6663971
12 6663971
13 6663971
14 6663971
15 6663971
16 6663971
17 6663971
18 6663971
19 6663971
20 6663971
21 6663971
22 6663971
23 6663971
24 6663971
25 6663971
26 6663971
27 6663971
28 6663971
29 6663971
30 6663971
31 6663971
32 6663971
33 6663971
34 6663971
35 6663971
36 6663971
37 6663971
38 6663971
39 6663971
40 6663971
41 6663971
42 6663971
43 6663971
44 6663971
45 6663971
46 6663971
47 6663971
48 6663971
49 6663971
50 6663971
51 6663971
52 6663971
53 6663971
54 6663971
55 6663971
56 6663971
57 6663971
58 6663971
59 6663971
60 6663971
61 6663971
62 6663971
63 6663971
64 6663971
65 6663971
66 6663971
67 6663971
68 6663971
69 6663971
70 6663971
71 6663971
72 6663971
73 6663971
74 6663971
75 6663971
76 6663971
77 6663971
78 6663971
79 6663971
80 6663971
81 6663971
82 6663971
83 6663971
84 6663971
85 6663971
86 6663971
87 6663971
88 6663971
89 6663971
90 6663971
91 6663971
92 6663971
93 6663971
94 6663971
95 6663971
96 6663971
97 6663971
98 6663971
99 6663971
100 6663971
101 6663971
102 6663971
103 6663971
104 6663971
105 6663971
106 6663971
107 6663971
108 6663971
109 6663971
110 6663971
111 6663971
112 6663971
113 6663971
114 6663971
115 6663971
116 6663971
117 6663971
118 6663971
119 6663971
120 6663971
121 6663971
122 6663971
123 6663971
124 6663971
125 6663971
126 6663971
127 6663971
128 6663971
129 6663971
130 6663971
131 6663971
132 6663971
133 6663971
134 6663971
135 6663971
136 6663971
137 6663971
138 6663971
139 6663971
140 6663971
141 6663971
142 6663971
143 6663971
144 6663971
145 6663971
146 6663971
147 6663971
148 6663971
149 6663971
150 6663971
151 6663971
152 6663971
153 6663971
154 6663971
155 6663971
156 6663971
157 6663971
158 6663971
159 6663971
160 6663971
161 6663971
162 6663971
163 6663971
164 6663971
165 6663971
166 6663971
167 6663971
168 6663971
169 6663971
170 6663971
171 6663971
172 6663971
173 6663971
174 6663971
175 6663971
176 6663971
177 6663971
