1 1761152
2 1761152
3 1761152
4 1761152
5 1761152
6 1761152
7 1761152
8 1761152
9 1761152
10 1761152
11 1761152
12 1761152
13 1761152
14 1761152
15 1761152
16 1761152
17 1761152
18 1761152
19 1761152
20 1761152
21 1761152
22 1761152
23 1761152
24 1761152
25 1761152
26 1761152
27 1761152
28 1761152
29 1761152
30 1761152
31 1761152
32 1761152
33 1761152
34 1761152
35 1761152
36 1761152
37 1761152
38 1761152
39 1761152
40 1761152
41 1761152
42 1761152
43 1761152
44 1761152
45 1761152
46 1761152
47 1761152
48 1761152
49 1761152
50 1761152
51 1761152
52 1761152
53 1761152
54 1761152
