1 659
2 687
3 721
4 735
5 736
6 777
7 789
8 838
9 909
10 971
11 1024
12 1074
13 1154
14 1262
15 1325
16 1377
17 1481
18 1644
19 1736
20 1810
21 1898
22 1970
23 2063
24 2172
25 2230
26 2345
27 2438
28 2471
29 2524
30 2669
31 2829
32 2951
33 3054
34 3124
35 3228
36 3276
37 3348
38 3434
39 3516
40 3578
41 3637
42 3748
43 3786
44 3871
45 3937
46 4067
47 4123
48 4199
49 4279
50 4369
51 4469
52 4546
53 4623
54 4720
55 4811
56 4906
57 4949
58 5032
59 5094
60 5165
61 5205
62 5247
63 5285
64 5298
65 5333
66 5366
67 5402
68 5418
69 5436
70 5470
71 5489
72 5516
73 5545
74 5564
75 5574
76 5581
77 5598
78 5630
79 5662
80 5684
81 5705
82 5740
83 5759
84 5793
85 5799
86 5820
87 5842
88 5860
89 5894
90 5894
