1 3273127
2 3273127
3 3273127
4 3273127
5 3273127
6 3273127
7 3273127
8 3273127
9 3273127
10 3273127
11 3273127
12 3273127
13 3273127
14 3273127
15 3273127
16 3273127
17 3273127
18 3273127
19 3273127
20 3273127
21 3273127
22 3273127
23 3273127
24 3273127
25 3273127
26 3273127
27 3273127
28 3273127
29 3273127
30 3273127
31 3273127
32 3273127
33 3273127
34 3273127
35 3273127
36 3273127
37 3273127
38 3273127
39 3273127
40 3273127
41 3273127
42 3273127
43 3273127
44 3273127
45 3273127
46 3273127
47 3273127
48 3273127
49 3273127
50 3273127
51 3273127
52 3273127
53 3273127
54 3273127
55 3273127
56 3273127
57 3273127
58 3273127
59 3273127
60 3273127
61 3273127
62 3273127
63 3273127
64 3273127
65 3273127
66 3273127
67 3273127
68 3273127
69 3273127
70 3273127
71 3273127
72 3273127
73 3273127
74 3273127
75 3273127
76 3273127
77 3273127
78 3273127
79 3273127
80 3273127
81 3273127
82 3273127
83 3273127
84 3273127
85 3273127
86 3273127
87 3273127
88 3273127
89 3273127
90 3273127
91 3273127
92 3273127
