1 23
2 23
3 25
4 26
5 26
6 26
7 26
8 27
9 28
10 28
11 29
12 29
13 29
14 31
15 32
16 33
17 35
18 36
19 40
20 44
21 44
22 46
23 49
24 50
25 51
26 51
27 53
28 56
29 57
30 57
31 59
32 61
33 62
34 62
35 63
36 65
37 66
38 66
39 67
40 68
41 72
42 73
43 76
44 77
45 80
46 82
47 84
48 85
49 89
50 93
51 95
52 97
53 98
54 103
55 109
56 113
57 114
58 116
59 123
60 125
61 128
62 130
63 134
64 137
65 139
66 142
67 144
68 145
69 146
70 152
71 156
72 158
73 160
74 164
75 168
76 172
77 177
78 178
79 178
80 182
81 184
82 188
83 190
84 194
85 198
86 201
87 203
88 208
89 210
90 212
91 216
92 218
93 221
94 223
95 225
96 228
97 233
98 240
99 244
100 246
101 249
102 254
103 254
104 254
105 255
106 259
107 263
108 267
109 270
110 274
111 278
112 282
113 284
114 287
115 289
116 290
117 295
118 298
119 299
120 299
