1 0
2 0
3 0
4 0
5 0
6 0
7 0
8 0
9 0
10 0
11 0
12 0
13 0
14 0
15 0
16 0
17 0
18 0
19 0
20 0
21 0
22 0
23 0
24 0
25 0
26 0
27 0
28 0
29 0
30 0
31 0
32 0
33 0
34 0
35 0
36 0
37 0
38 0
39 0
40 0
41 0
42 0
43 0
44 0
45 0
46 0
47 0
48 0
49 0
50 0
51 0
52 0
53 0
54 0
55 0
56 0
57 0
58 0
59 0
60 0
61 0
62 0
63 0
64 0
65 0
66 0
67 0
68 0
69 0
70 0
71 0
72 0
73 0
74 0
75 0
76 0
77 0
78 0
79 0
80 0
81 0
82 0
83 0
84 0
85 0
86 0
87 0
88 0
89 0
90 0
91 0
92 0
93 0
94 0
95 0
96 0
97 0
98 0
99 0
100 0
101 0
102 0
103 0
104 0
105 0
106 0
107 0
108 0
109 0
110 0
111 0
112 0
113 0
114 0
115 0
116 0
117 0
118 0
119 0
120 0
121 0
122 0
123 0
124 0
125 0
126 0
127 0
128 0
129 0
130 0
131 0
132 0
133 0
134 0
135 0
136 0
137 0
138 0
139 0
140 0
141 0
142 0
143 0
144 0
145 0
146 1
147 1
148 1
149 2
150 2
151 2
152 33
153 33
154 42
155 42
156 43
157 43
158 43
159 43
160 44
161 48
162 48
163 48
164 55
165 57
166 57
167 57
168 58
169 68
170 68
171 71
172 74
173 74
174 74
175 82
176 82
177 92
178 93
179 95
180 95
181 102
182 102
183 112
184 112
185 130
186 132
187 134
188 134
189 139
190 139
191 159
192 161
193 165
194 166
195 169
196 171
197 172
198 175
199 183
200 185
201 204
202 205
203 205
204 208
205 246
206 247
207 251
208 255
209 263
210 280
211 285
212 306
213 291
214 308
215 320
216 322
217 333
218 338
219 341
220 346
221 348
222 355
223 359
224 361
225 369
226 374
227 382
228 395
229 402
230 405
231 410
232 415
233 440
234 495
235 513
236 536
237 551
238 594
239 645
240 656
241 657
242 658
243 658
244 658
