1 4773138
2 4773138
3 4773138
4 4773138
5 4773138
6 4773138
7 4773138
8 4773138
9 4773138
10 4773138
11 4773138
12 4773138
13 4773138
14 4773138
15 4773138
16 4773138
17 4773138
18 4773138
19 4773138
20 4773138
21 4773138
22 4773138
23 4773138
24 4773138
25 4773138
26 4773138
27 4773138
28 4773138
29 4773138
30 4773138
31 4773138
32 4773138
33 4773138
34 4773138
35 4773138
36 4773138
37 4773138
38 4773138
39 4773138
40 4773138
41 4773138
42 4773138
43 4773138
44 4773138
45 4773138
46 4773138
47 4773138
48 4773138
49 4773138
50 4773138
51 4773138
52 4773138
53 4773138
54 4773138
55 4773138
56 4773138
57 4773138
58 4773138
59 4773138
60 4773138
61 4773138
62 4773138
63 4773138
64 4773138
65 4773138
66 4773138
67 4773138
68 4773138
69 4773138
70 4773138
71 4773138
72 4773138
73 4773138
74 4773138
75 4773138
76 4773138
77 4773138
78 4773138
79 4773138
80 4773138
81 4773138
82 4773138
83 4773138
84 4773138
85 4773138
86 4773138
87 4773138
88 4773138
89 4773138
90 4773138
91 4773138
92 4773138
93 4773138
94 4773138
95 4773138
96 4773138
97 4773138
98 4773138
99 4773138
