1 824059
2 824059
3 824059
4 824059
5 824059
6 824059
7 824059
8 824059
9 824059
10 824059
11 824059
12 824059
13 824059
14 824059
15 824059
16 824059
17 824059
18 824059
19 824059
20 824059
21 824059
22 824059
23 824059
24 824059
25 824059
26 824059
27 824059
28 824059
29 824059
30 824059
31 824059
32 824059
33 824059
34 824059
35 824059
36 824059
37 824059
38 824059
39 824059
40 824059
41 824059
42 824059
43 824059
44 824059
45 824059
46 824059
47 824059
48 824059
49 824059
50 824059
51 824059
52 824059
53 824059
54 824059
55 824059
56 824059
57 824059
58 824059
59 824059
60 824059
61 824059
62 824059
63 824059
64 824059
65 824059
66 824059
67 824059
68 824059
69 824059
70 824059
