1 635
2 649
3 666
4 746
5 820
6 846
7 914
8 939
9 960
10 993
11 1018
12 1053
13 1094
14 1155
15 1196
16 1224
17 1248
18 1263
19 1278
20 1290
21 1318
22 1333
23 1349
24 1381
25 1419
26 1441
27 1472
28 1498
29 1499
30 1511
31 1546
32 1571
33 1575
34 1595
35 1637
36 1654
37 1681
38 1706
39 1731
40 1752
41 1771
42 1799
43 1826
44 1872
45 1893
46 1929
47 1948
48 1964
49 2011
50 2054
51 2083
52 2111
53 2154
54 2195
55 2228
56 2247
57 2275
58 2294
59 2315
60 2350
61 2370
62 2384
63 2393
64 2401
65 2418
66 2443
67 2453
68 2459
69 2455
70 2459
71 2470
72 2498
73 2516
74 2558
75 2575
76 2635
77 2694
78 2770
79 2776
80 2804
81 2823
82 2839
83 2839
