1 44
2 46
3 47
4 48
5 49
6 49
7 50
8 52
9 52
10 53
11 53
12 54
13 56
14 58
15 61
16 62
17 62
18 63
19 64
20 65
21 67
22 68
23 69
24 69
25 71
26 73
27 78
28 84
29 81
30 84
31 87
32 88
33 91
34 93
35 94
36 95
37 99
38 101
39 104
40 103
41 99
42 100
43 102
44 103
45 105
46 106
47 107
48 109
49 109
50 112
51 113
52 116
53 119
54 119
55 120
56 121
57 125
58 127
59 127
60 128
61 131
62 133
63 133
64 133
65 134
66 136
67 139
68 144
69 144
70 145
71 146
72 147
73 147
74 144
75 146
76 147
77 148
78 149
79 150
80 150
81 150
82 152
83 154
84 159
85 160
86 161
87 162
88 162
89 162
90 162
91 162
92 162
93 163
94 164
95 164
96 164
97 164
98 165
99 165
