1 2713858
2 2713858
3 2713858
4 2713858
5 2713858
6 2713858
7 2713858
8 2713858
9 2713858
10 2713858
11 2713858
12 2713858
13 2713858
14 2713858
15 2713858
16 2713858
17 2713858
18 2713858
19 2713858
20 2713858
21 2713858
22 2713858
23 2713858
24 2713858
25 2713858
26 2713858
27 2713858
28 2713858
29 2713858
30 2713858
31 2713858
32 2713858
33 2713858
34 2713858
35 2713858
36 2713858
37 2713858
38 2713858
39 2713858
40 2713858
41 2713858
42 2713858
43 2713858
44 2713858
45 2713858
46 2713858
47 2713858
48 2713858
49 2713858
50 2713858
51 2713858
52 2713858
53 2713858
54 2713858
55 2713858
56 2713858
57 2713858
58 2713858
59 2713858
60 2713858
61 2713858
62 2713858
63 2713858
64 2713858
65 2713858
66 2713858
67 2713858
68 2713858
69 2713858
70 2713858
71 2713858
72 2713858
73 2713858
74 2713858
75 2713858
76 2713858
77 2713858
78 2713858
79 2713858
80 2713858
81 2713858
82 2713858
83 2713858
84 2713858
85 2713858
86 2713858
87 2713858
88 2713858
89 2713858
90 2713858
91 2713858
92 2713858
93 2713858
94 2713858
95 2713858
96 2713858
97 2713858
98 2713858
99 2713858
100 2713858
101 2713858
102 2713858
103 2713858
104 2713858
105 2713858
106 2713858
107 2713858
108 2713858
109 2713858
110 2713858
111 2713858
112 2713858
113 2713858
114 2713858
