1 986147
2 986147
3 986147
4 986147
5 986147
6 986147
7 986147
8 986147
9 986147
10 986147
11 986147
12 986147
13 986147
14 986147
15 986147
16 986147
17 986147
18 986147
19 986147
20 986147
21 986147
22 986147
23 986147
24 986147
25 986147
26 986147
27 986147
28 986147
29 986147
30 986147
31 986147
32 986147
33 986147
34 986147
35 986147
36 986147
37 986147
38 986147
39 986147
40 986147
41 986147
42 986147
43 986147
44 986147
45 986147
46 986147
47 986147
48 986147
49 986147
50 986147
51 986147
52 986147
53 986147
54 986147
55 986147
56 986147
57 986147
58 986147
59 986147
60 986147
61 986147
62 986147
63 986147
64 986147
65 986147
66 986147
67 986147
68 986147
69 986147
70 986147
71 986147
72 986147
73 986147
74 986147
75 986147
76 986147
77 986147
78 986147
79 986147
80 986147
81 986147
82 986147
83 986147
