1 0
2 0
3 0
4 0
5 0
6 0
7 0
8 0
9 0
10 0
11 0
12 0
13 0
14 0
15 0
16 0
17 0
18 0
19 0
20 0
21 0
22 0
23 0
24 0
25 0
26 0
27 0
28 0
29 0
30 0
31 0
32 0
33 0
34 0
35 0
36 0
37 0
38 0
39 0
40 0
41 0
42 0
43 0
44 0
45 0
46 0
47 0
48 0
49 0
50 0
51 0
52 0
53 0
54 0
55 0
56 0
57 0
58 0
59 0
60 0
61 0
62 0
63 0
64 0
65 0
66 0
67 0
68 0
69 0
70 0
71 0
72 0
73 0
74 0
75 0
76 0
77 0
78 0
79 0
80 0
81 0
82 0
83 0
84 0
85 0
86 0
87 0
88 0
89 0
90 0
91 0
92 0
93 0
94 0
95 0
96 0
97 0
98 0
99 3
100 6
101 3
102 3
103 3
104 5
105 5
106 5
107 5
108 5
109 5
110 16
111 16
112 16
113 16
114 30
115 30
116 30
117 30
118 30
119 30
120 30
121 30
122 30
123 30
124 30
125 30
126 30
127 30
128 30
129 30
130 30
131 34
132 31
133 31
134 31
135 31
136 31
137 31
138 31
139 31
140 31
141 31
142 31
143 43
144 49
145 79
146 79
147 79
148 79
149 79
150 79
151 79
152 79
153 79
154 79
155 79
156 79
157 79
158 79
159 79
160 79
161 101
162 101
163 127
164 127
165 127
166 193
167 211
168 301
169 306
170 306
171 306
172 306
173 307
174 307
175 307
176 307
177 313
178 313
179 319
180 331
181 331
182 358
183 363
184 363
185 373
186 390
187 390
188 390
189 399
190 399
191 404
192 439
193 440
194 447
195 485
196 485
197 485
198 500
199 506
200 507
201 507
202 517
203 539
204 539
205 553
206 553
207 553
208 557
209 563
210 564
211 584
212 585
213 585
214 585
215 585
216 605
217 605
218 619
219 619
220 619
221 619
222 619
223 632
224 670
225 703
226 711
227 712
228 712
229 746
230 751
231 752
232 758
233 758
234 770
235 777
236 777
237 785
238 788
239 788
240 788
241 797
242 799
243 805
244 805
