1 0
2 0
3 0
4 0
5 0
6 0
7 0
8 0
9 0
10 0
11 0
12 0
13 0
14 0
15 0
16 0
17 0
18 0
19 0
20 0
21 0
22 0
23 0
24 0
25 0
26 0
27 0
28 0
29 0
30 0
31 0
32 0
33 0
34 0
35 0
36 0
37 0
38 0
39 0
40 0
41 0
42 0
43 0
44 0
45 0
46 0
47 0
48 0
49 0
50 0
51 0
52 0
53 0
54 0
55 0
56 0
57 0
58 0
59 0
60 0
61 0
62 0
63 0
64 0
65 0
66 0
67 0
68 0
69 0
70 0
71 0
72 0
73 0
74 0
75 0
76 0
77 0
78 0
79 0
80 0
81 0
82 0
83 0
84 0
85 0
86 0
87 0
88 0
89 0
90 0
91 0
92 0
93 0
94 0
95 0
96 0
97 0
98 0
99 0
100 0
101 0
102 0
103 0
104 0
105 0
106 0
107 1
108 1
109 1
110 1
111 1
112 1
113 1
114 1
115 1
116 1
117 1
118 1
119 1
120 1
121 1
122 1
123 1
124 1
125 1
126 1
127 1
128 1
129 1
130 1
131 1
132 1
133 1
134 1
135 1
136 1
137 1
138 1
139 1
140 1
141 1
142 1
143 1
144 1
145 1
146 1
147 1
148 1
149 1
150 1
151 1
152 1
153 1
154 2
155 2
156 2
157 2
158 2
159 2
160 2
161 2
162 2
163 2
164 2
165 2
166 2
167 2
168 2
169 2
170 2
171 2
172 2
173 2
174 2
175 2
176 2
177 2
178 2
179 3
180 3
181 3
182 3
183 7
184 7
185 8
186 8
187 10
188 10
189 10
190 14
191 15
192 15
193 15
194 15
195 15
196 19
197 19
198 19
199 19
200 19
201 19
202 19
203 20
204 23
205 28
206 28
207 28
208 28
209 28
210 28
211 28
212 31
213 31
214 31
215 31
216 31
217 31
218 31
219 31
220 34
221 38
222 38
223 43
224 48
225 48
226 48
227 48
228 48
229 54
230 54
231 54
232 54
233 54
234 54
235 56
236 56
237 56
238 63
239 63
240 63
241 65
242 67
243 67
244 67
