1 521
2 547
3 597
4 646
5 684
6 727
7 760
8 818
9 908
10 1020
11 1094
12 1161
13 1195
14 1232
15 1291
16 1359
17 1431
18 1443
19 1477
20 1520
21 1560
22 1580
23 1597
24 1616
25 1628
26 1632
27 1642
28 1648
29 1651
30 1682
31 1724
32 1743
33 1752
34 1787
35 1798
36 1811
37 1836
38 1844
39 1867
40 1880
41 1893
42 1909
43 1925
44 1966
45 1981
46 1987
47 2010
48 2017
49 2030
50 2049
51 2065
52 2111
53 2159
54 2174
55 2202
56 2220
57 2240
58 2266
59 2281
60 2310
61 2320
62 2332
63 2354
64 2383
65 2396
66 2408
67 2422
68 2426
69 2442
70 2455
71 2474
72 2489
73 2513
74 2526
75 2531
76 2561
77 2578
78 2600
79 2611
80 2611
