1 2159130
2 2159130
3 2159130
4 2159130
5 2159130
6 2159130
7 2159130
8 2159130
9 2159130
10 2159130
11 2159130
12 2159130
13 2159130
14 2159130
15 2159130
16 2159130
17 2159130
18 2159130
19 2159130
20 2159130
21 2159130
22 2159130
23 2159130
24 2159130
25 2159130
26 2159130
27 2159130
28 2159130
29 2159130
30 2159130
31 2159130
32 2159130
33 2159130
34 2159130
35 2159130
36 2159130
37 2159130
38 2159130
39 2159130
40 2159130
41 2159130
42 2159130
43 2159130
44 2159130
45 2159130
46 2159130
47 2159130
48 2159130
49 2159130
50 2159130
51 2159130
52 2159130
53 2159130
54 2159130
55 2159130
56 2159130
57 2159130
58 2159130
59 2159130
60 2159130
61 2159130
62 2159130
63 2159130
64 2159130
65 2159130
66 2159130
67 2159130
68 2159130
69 2159130
70 2159130
71 2159130
72 2159130
73 2159130
74 2159130
75 2159130
76 2159130
77 2159130
78 2159130
79 2159130
80 2159130
81 2159130
