1 0
2 0
3 0
4 0
5 0
6 0
7 0
8 0
9 0
10 0
11 0
12 0
13 0
14 0
15 0
16 0
17 0
18 0
19 0
20 0
21 0
22 0
23 0
24 0
25 0
26 0
27 0
28 0
29 0
30 0
31 0
32 0
33 0
34 0
35 0
36 0
37 0
38 0
39 0
40 0
41 0
42 0
43 0
44 0
45 0
46 0
47 0
48 0
49 0
50 0
51 0
52 0
53 0
54 0
55 0
56 0
57 0
58 0
59 0
60 0
61 0
62 0
63 0
64 0
65 0
66 0
67 0
68 0
69 0
70 0
71 0
72 0
73 0
74 0
75 0
76 0
77 0
78 0
79 0
80 0
81 0
82 0
83 0
84 0
85 0
86 0
87 0
88 0
89 0
90 0
91 0
92 0
93 0
94 0
95 0
96 0
97 0
98 0
99 0
100 0
101 0
102 0
103 0
104 0
105 0
106 0
107 0
108 0
109 0
110 0
111 0
112 0
113 0
114 0
115 1
116 1
117 1
118 1
119 1
120 1
121 1
122 1
123 1
124 1
125 1
126 1
127 1
128 1
129 1
130 1
131 1
132 1
133 2
134 2
135 2
136 2
137 2
138 2
139 2
140 2
141 2
142 2
143 2
144 2
145 2
146 2
147 4
148 4
149 4
150 4
151 4
152 5
153 6
154 7
155 7
156 8
157 8
158 8
159 8
160 8
161 8
162 8
163 8
164 12
165 12
166 12
167 12
168 13
169 13
170 13
171 13
172 13
173 13
174 14
175 14
176 14
177 14
178 16
179 16
180 16
181 16
182 16
183 16
184 17
185 18
186 18
187 18
188 18
189 20
190 20
191 20
192 20
193 20
194 20
195 23
196 23
197 23
198 23
199 22
200 32
201 38
202 48
203 60
204 74
205 76
206 76
207 77
208 78
209 82
210 89
211 96
212 100
213 104
214 105
215 109
216 111
217 116
218 123
219 125
220 131
221 157
222 157
223 162
224 164
225 164
226 165
227 168
228 173
229 174
230 179
231 180
232 185
233 186
234 186
235 190
236 193
237 195
238 197
239 201
240 203
241 205
242 207
243 209
244 209
