1 1198810
2 1198810
3 1198810
4 1198810
5 1198810
6 1198810
7 1198810
8 1198810
9 1198810
10 1198810
11 1198810
12 1198810
13 1198810
14 1198810
15 1198810
16 1198810
17 1198810
18 1198810
19 1198810
20 1198810
21 1198810
22 1198810
23 1198810
24 1198810
25 1198810
26 1198810
27 1198810
28 1198810
29 1198810
30 1198810
31 1198810
32 1198810
33 1198810
34 1198810
35 1198810
36 1198810
37 1198810
38 1198810
39 1198810
40 1198810
41 1198810
42 1198810
43 1198810
44 1198810
45 1198810
46 1198810
47 1198810
48 1198810
49 1198810
50 1198810
51 1198810
52 1198810
53 1198810
54 1198810
55 1198810
56 1198810
57 1198810
58 1198810
59 1198810
