1 757
2 779
3 807
4 817
5 831
6 864
7 901
8 906
9 935
10 943
11 969
12 997
13 1006
14 1022
15 1053
16 1079
17 1097
18 1116
19 1141
20 1161
21 1194
22 1201
23 1224
24 1262
25 1285
26 1301
27 1332
28 1341
29 1362
30 1394
31 1408
32 1439
33 1451
34 1474
35 1503
36 1552
37 1583
38 1634
39 1652
40 1657
41 1667
42 1684
43 1741
44 1816
45 1837
46 1850
47 1868
48 1888
49 1985
50 1994
51 2025
52 2049
53 2078
54 2102
55 2142
56 2173
57 2267
58 2300
59 2317
60 2344
61 2362
62 2424
63 2480
64 2509
65 2534
66 2589
67 2609
68 2722
69 2756
70 2808
71 2897
72 2925
73 2971
74 3008
75 3051
76 3074
77 3110
78 3155
79 3203
80 3303
81 3320
82 3367
83 3402
84 3433
85 3452
86 3514
87 3541
88 3561
89 3594
90 3622
91 3655
92 3746
93 3767
94 3789
95 3810
96 3825
97 3858
98 3877
99 3899
100 3925
101 3959
102 3974
103 3974
