1 2038533
2 2038533
3 2038533
4 2038533
5 2038533
6 2038533
7 2038533
8 2038533
9 2038533
10 2038533
11 2038533
12 2038533
13 2038533
14 2038533
15 2038533
16 2038533
17 2038533
18 2038533
19 2038533
20 2038533
21 2038533
22 2038533
23 2038533
24 2038533
25 2038533
26 2038533
27 2038533
28 2038533
29 2038533
30 2038533
31 2038533
32 2038533
33 2038533
34 2038533
35 2038533
36 2038533
37 2038533
38 2038533
39 2038533
40 2038533
41 2038533
42 2038533
43 2038533
44 2038533
45 2038533
46 2038533
47 2038533
48 2038533
49 2038533
50 2038533
51 2038533
52 2038533
53 2038533
54 2038533
55 2038533
56 2038533
57 2038533
58 2038533
59 2038533
60 2038533
61 2038533
62 2038533
63 2038533
64 2038533
65 2038533
66 2038533
67 2038533
68 2038533
69 2038533
70 2038533
71 2038533
72 2038533
73 2038533
74 2038533
75 2038533
76 2038533
77 2038533
78 2038533
79 2038533
80 2038533
81 2038533
82 2038533
83 2038533
84 2038533
85 2038533
86 2038533
87 2038533
88 2038533
89 2038533
90 2038533
91 2038533
92 2038533
93 2038533
94 2038533
95 2038533
96 2038533
97 2038533
98 2038533
99 2038533
100 2038533
101 2038533
102 2038533
103 2038533
104 2038533
105 2038533
106 2038533
107 2038533
108 2038533
109 2038533
110 2038533
111 2038533
112 2038533
113 2038533
114 2038533
115 2038533
116 2038533
117 2038533
118 2038533
119 2038533
120 2038533
121 2038533
122 2038533
123 2038533
124 2038533
125 2038533
