1 2471222
2 2471222
3 2471222
4 2471222
5 2471222
6 2471222
7 2471222
8 2471222
9 2471222
10 2471222
11 2471222
12 2471222
13 2471222
14 2471222
15 2471222
16 2471222
17 2471222
18 2471222
19 2471222
20 2471222
21 2471222
22 2471222
23 2471222
24 2471222
25 2471222
26 2471222
27 2471222
28 2471222
29 2471222
30 2471222
31 2471222
32 2471222
33 2471222
34 2471222
35 2471222
36 2471222
37 2471222
38 2471222
39 2471222
40 2471222
41 2471222
42 2471222
43 2471222
44 2471222
45 2471222
46 2471222
47 2471222
48 2471222
49 2471222
50 2471222
51 2471222
52 2471222
53 2471222
54 2471222
55 2471222
56 2471222
57 2471222
58 2471222
59 2471222
60 2471222
61 2471222
62 2471222
63 2471222
64 2471222
65 2471222
66 2471222
67 2471222
68 2471222
69 2471222
70 2471222
71 2471222
72 2471222
73 2471222
74 2471222
75 2471222
76 2471222
77 2471222
78 2471222
79 2471222
80 2471222
81 2471222
82 2471222
83 2471222
84 2471222
