1 795
2 800
3 830
4 854
5 857
6 888
7 933
8 994
9 1054
10 1073
11 1118
12 1209
13 1218
14 1256
15 1264
16 1279
17 1319
18 1341
19 1429
20 1469
21 1476
22 1510
23 1575
24 1589
25 1634
26 1682
27 1722
28 1785
29 1843
30 1969
31 2076
32 2196
33 2423
34 2540
35 2610
36 2804
37 2957
38 3073
39 3149
40 3278
41 3313
42 3609
43 4631
44 4770
45 5311
46 5555
47 5661
48 5775
49 5900
50 6157
51 6358
52 6458
53 6696
54 6842
55 7034
56 7152
57 7272
58 7343
59 7467
60 7655
61 7758
62 7981
63 8143
64 8232
65 8439
66 8720
67 8907
68 9041
69 9406
70 9586
71 9715
72 9853
73 9965
74 10097
75 10186
76 10284
77 10284
