1 619266
2 619266
3 619266
4 619266
5 619266
6 619266
7 619266
8 619266
9 619266
10 619266
11 619266
12 619266
13 619266
14 619266
15 619266
16 619266
17 619266
18 619266
19 619266
20 619266
21 619266
22 619266
23 619266
24 619266
25 619266
26 619266
27 619266
28 619266
29 619266
30 619266
31 619266
32 619266
33 619266
34 619266
35 619266
36 619266
37 619266
38 619266
39 619266
40 619266
41 619266
42 619266
43 619266
44 619266
45 619266
46 619266
47 619266
48 619266
49 619266
50 619266
51 619266
52 619266
