1 3682194
2 3682194
3 3682194
4 3682194
5 3682194
6 3682194
7 3682194
8 3682194
9 3682194
10 3682194
11 3682194
12 3682194
13 3682194
14 3682194
15 3682194
16 3682194
17 3682194
18 3682194
19 3682194
20 3682194
21 3682194
22 3682194
23 3682194
24 3682194
25 3682194
26 3682194
27 3682194
28 3682194
29 3682194
30 3682194
31 3682194
32 3682194
33 3682194
34 3682194
35 3682194
36 3682194
37 3682194
38 3682194
39 3682194
40 3682194
41 3682194
42 3682194
43 3682194
44 3682194
45 3682194
46 3682194
47 3682194
48 3682194
49 3682194
50 3682194
51 3682194
52 3682194
53 3682194
54 3682194
55 3682194
56 3682194
57 3682194
58 3682194
59 3682194
60 3682194
61 3682194
62 3682194
63 3682194
64 3682194
65 3682194
66 3682194
67 3682194
68 3682194
69 3682194
70 3682194
71 3682194
72 3682194
73 3682194
74 3682194
75 3682194
76 3682194
77 3682194
78 3682194
79 3682194
80 3682194
81 3682194
82 3682194
83 3682194
84 3682194
85 3682194
86 3682194
87 3682194
88 3682194
89 3682194
90 3682194
91 3682194
92 3682194
93 3682194
94 3682194
95 3682194
96 3682194
97 3682194
98 3682194
99 3682194
100 3682194
101 3682194
102 3682194
103 3682194
104 3682194
105 3682194
