1 4778610
2 4778610
3 4778610
4 4778610
5 4778610
6 4778610
7 4778610
8 4778610
9 4778610
10 4778610
11 4778610
12 4778610
13 4778610
14 4778610
15 4778610
16 4778610
17 4778610
18 4778610
19 4778610
20 4778610
21 4778610
22 4778610
23 4778610
24 4778610
25 4778610
26 4778610
27 4778610
28 4778610
29 4778610
30 4778610
31 4778610
32 4778610
33 4778610
34 4778610
35 4778610
36 4778610
37 4778610
38 4778610
39 4778610
40 4778610
41 4778610
42 4778610
43 4778610
44 4778610
45 4778610
46 4778610
47 4778610
48 4778610
49 4778610
50 4778610
51 4778610
52 4778610
53 4778610
54 4778610
55 4778610
56 4778610
57 4778610
58 4778610
59 4778610
60 4778610
61 4778610
62 4778610
63 4778610
64 4778610
65 4778610
66 4778610
67 4778610
68 4778610
69 4778610
70 4778610
71 4778610
72 4778610
73 4778610
74 4778610
75 4778610
76 4778610
77 4778610
78 4778610
79 4778610
80 4778610
81 4778610
82 4778610
83 4778610
84 4778610
85 4778610
86 4778610
87 4778610
88 4778610
89 4778610
90 4778610
91 4778610
92 4778610
93 4778610
94 4778610
95 4778610
96 4778610
97 4778610
98 4778610
99 4778610
100 4778610
101 4778610
102 4778610
