1 2887826
2 2887826
3 2887826
4 2887826
5 2887826
6 2887826
7 2887826
8 2887826
9 2887826
10 2887826
11 2887826
12 2887826
13 2887826
14 2887826
15 2887826
16 2887826
17 2887826
18 2887826
19 2887826
20 2887826
21 2887826
22 2887826
23 2887826
24 2887826
25 2887826
26 2887826
27 2887826
28 2887826
29 2887826
30 2887826
31 2887826
32 2887826
33 2887826
34 2887826
35 2887826
36 2887826
37 2887826
38 2887826
39 2887826
40 2887826
41 2887826
42 2887826
43 2887826
44 2887826
45 2887826
46 2887826
47 2887826
48 2887826
49 2887826
50 2887826
51 2887826
52 2887826
53 2887826
54 2887826
55 2887826
56 2887826
57 2887826
58 2887826
59 2887826
60 2887826
61 2887826
62 2887826
63 2887826
64 2887826
65 2887826
66 2887826
67 2887826
68 2887826
69 2887826
70 2887826
71 2887826
72 2887826
73 2887826
74 2887826
75 2887826
76 2887826
77 2887826
78 2887826
79 2887826
80 2887826
81 2887826
82 2887826
83 2887826
84 2887826
85 2887826
86 2887826
87 2887826
88 2887826
89 2887826
90 2887826
91 2887826
92 2887826
93 2887826
94 2887826
95 2887826
96 2887826
97 2887826
98 2887826
99 2887826
100 2887826
101 2887826
102 2887826
103 2887826
104 2887826
