1 696
2 707
3 722
4 770
5 777
6 791
7 802
8 845
9 881
10 906
11 944
12 961
13 995
14 1028
15 1056
16 1088
17 1124
18 1153
19 1202
20 1238
21 1266
22 1309
23 1343
24 1374
25 1419
26 1471
27 1517
28 1573
29 1619
30 1665
31 1706
32 1792
33 1871
34 1934
35 2002
36 2068
37 2134
38 2224
39 2315
40 2409
41 2497
42 2623
43 2696
44 2773
45 2874
46 2947
47 3047
48 3105
49 3241
50 3354
51 3462
52 3571
53 3672
54 3799
55 3917
56 4003
57 4049
58 4138
59 4236
60 4304
61 4418
62 4590
63 4663
64 4717
65 4743
66 4783
67 4819
68 4861
69 4919
70 4959
71 5033
72 5068
73 5133
74 5174
75 5253
76 5310
77 5348
78 5377
79 5417
80 5437
81 5437
