1 26
2 26
3 30
4 30
5 34
6 35
7 40
8 46
9 52
10 58
11 61
12 65
13 70
14 74
15 75
16 85
17 86
18 90
19 91
20 93
21 94
22 94
23 97
24 101
25 107
26 113
27 113
28 118
29 121
30 130
31 137
32 140
33 144
34 151
35 154
36 156
37 161
38 163
39 168
40 173
41 177
42 180
43 184
44 189
45 196
46 197
47 197
48 203
49 203
50 211
51 219
52 219
53 224
54 226
55 235
56 237
57 237
58 241
59 244
60 245
61 249
62 257
63 263
64 269
65 272
66 272
67 272
68 272
69 278
70 278
71 283
72 287
73 290
74 290
75 290
76 297
77 300
78 300
79 302
80 309
81 310
82 310
83 315
84 316
85 316
86 318
87 319
88 320
89 323
90 324
91 326
92 326
93 326
94 326
95 327
96 328
97 328
98 328
99 328
100 328
101 328
