1 0
2 0
3 0
4 0
5 0
6 0
7 0
8 0
9 0
10 0
11 0
12 0
13 0
14 0
15 0
16 0
17 0
18 0
19 0
20 0
21 0
22 0
23 0
24 0
25 0
26 0
27 0
28 0
29 0
30 0
31 0
32 0
33 0
34 0
35 0
36 0
37 0
38 0
39 0
40 0
41 0
42 0
43 0
44 0
45 0
46 0
47 0
48 0
49 0
50 0
51 0
52 0
53 0
54 0
55 0
56 0
57 0
58 0
59 0
60 0
61 0
62 0
63 0
64 0
65 0
66 0
67 0
68 0
69 0
70 1
71 1
72 1
73 1
74 2
75 2
76 2
77 2
78 2
79 2
80 2
81 2
82 2
83 2
84 2
85 2
86 2
87 2
88 2
89 2
90 2
91 2
92 2
93 2
94 2
95 2
96 2
97 2
98 2
99 2
100 2
101 2
102 2
103 2
104 2
105 2
106 2
107 2
108 2
109 2
110 2
111 4
112 4
113 4
114 4
115 4
116 4
117 4
118 4
119 4
120 4
121 4
122 4
123 4
124 4
125 4
126 4
127 4
128 4
129 4
130 4
131 4
132 4
133 4
134 4
135 4
136 4
137 4
138 4
139 4
140 4
141 4
142 4
143 7
144 7
145 7
146 7
147 7
148 7
149 9
150 9
151 9
152 9
153 10
154 10
155 11
156 11
157 11
158 11
159 11
160 11
161 12
162 12
163 17
164 21
165 21
166 21
167 21
168 21
169 21
170 21
171 21
172 21
173 21
174 21
175 21
176 21
177 21
178 31
179 31
180 31
181 31
182 31
183 31
184 32
185 33
186 33
187 37
188 37
189 37
190 40
191 40
192 41
193 41
194 43
195 52
196 52
197 52
198 52
199 52
200 52
201 60
202 60
203 60
204 65
205 65
206 65
207 65
208 66
209 66
210 66
211 66
212 66
213 81
214 81
215 81
216 81
217 81
218 82
219 82
220 85
221 85
222 91
223 92
224 93
225 105
226 105
227 105
228 105
229 105
230 106
231 106
232 108
233 108
234 108
235 108
236 109
237 112
238 112
239 113
240 115
241 115
242 115
243 116
244 116
