1 0
2 0
3 0
4 0
5 0
6 0
7 0
8 0
9 0
10 0
11 0
12 0
13 0
14 0
15 0
16 0
17 0
18 0
19 0
20 0
21 0
22 0
23 0
24 0
25 0
26 0
27 0
28 0
29 0
30 0
31 0
32 0
33 0
34 0
35 0
36 0
37 0
38 0
39 0
40 0
41 0
42 0
43 0
44 0
45 0
46 0
47 0
48 0
49 0
50 0
51 0
52 0
53 0
54 0
55 0
56 0
57 0
58 0
59 0
60 0
61 0
62 2
63 2
64 2
65 0
66 0
67 0
68 0
69 0
70 0
71 0
72 0
73 0
74 0
75 0
76 0
77 0
78 0
79 0
80 0
81 0
82 0
83 0
84 0
85 0
86 0
87 0
88 0
89 0
90 0
91 0
92 0
93 0
94 0
95 0
96 0
97 0
98 0
99 0
100 0
101 0
102 0
103 0
104 0
105 0
106 0
107 0
108 0
109 0
110 0
111 0
112 0
113 0
114 0
115 0
116 0
117 0
118 0
119 0
120 0
121 0
122 0
123 41
124 41
125 41
126 41
127 41
128 41
129 41
130 41
131 41
132 41
133 41
134 41
135 41
136 41
137 41
138 41
139 41
140 41
141 41
142 41
143 41
144 41
145 41
146 41
147 41
148 41
149 41
150 41
151 41
152 41
153 41
154 41
155 41
156 41
157 54
158 54
159 54
160 54
161 54
162 54
163 54
164 54
165 54
166 54
167 54
168 54
169 54
170 54
171 54
172 54
173 54
174 84
175 94
176 94
177 94
178 94
179 94
180 94
181 94
182 94
183 94
184 104
185 104
186 104
187 114
188 114
189 114
190 114
191 114
192 114
193 114
194 120
195 120
196 122
197 122
198 123
199 123
200 124
201 124
202 124
203 124
204 124
205 124
206 124
207 124
208 124
209 124
210 124
211 124
212 124
213 150
214 150
215 150
216 150
217 150
218 150
219 150
220 150
221 150
222 150
223 150
224 150
225 150
226 150
227 150
228 150
229 150
230 150
231 150
232 150
233 150
234 150
235 150
236 150
237 150
238 150
239 150
240 150
241 150
242 150
243 150
244 150
245 150
246 150
247 150
248 150
249 150
250 150
251 150
252 150
253 150
254 150
255 150
256 150
257 150
258 150
259 150
260 150
261 150
262 150
263 150
264 150
265 150
266 150
267 150
268 150
269 150
270 150
271 150
272 150
273 150
274 150
275 150
276 150
277 150
278 150
279 150
280 150
281 150
282 150
283 150
284 150
285 150
286 150
287 150
288 150
289 150
290 150
291 150
292 150
293 150
294 150
295 150
296 150
297 150
298 150
