1 3098637
2 3098637
3 3098637
4 3098637
5 3098637
6 3098637
7 3098637
8 3098637
9 3098637
10 3098637
11 3098637
12 3098637
13 3098637
14 3098637
15 3098637
16 3098637
17 3098637
18 3098637
19 3098637
20 3098637
21 3098637
22 3098637
23 3098637
24 3098637
25 3098637
26 3098637
27 3098637
28 3098637
29 3098637
30 3098637
31 3098637
32 3098637
33 3098637
34 3098637
35 3098637
36 3098637
37 3098637
38 3098637
39 3098637
40 3098637
41 3098637
42 3098637
43 3098637
44 3098637
45 3098637
46 3098637
47 3098637
48 3098637
49 3098637
50 3098637
51 3098637
52 3098637
53 3098637
54 3098637
55 3098637
56 3098637
57 3098637
58 3098637
59 3098637
60 3098637
61 3098637
62 3098637
63 3098637
64 3098637
65 3098637
66 3098637
67 3098637
68 3098637
69 3098637
70 3098637
71 3098637
72 3098637
73 3098637
74 3098637
75 3098637
76 3098637
77 3098637
78 3098637
79 3098637
80 3098637
81 3098637
82 3098637
83 3098637
84 3098637
85 3098637
86 3098637
87 3098637
88 3098637
89 3098637
90 3098637
