1 36
2 37
3 40
4 43
5 45
6 49
7 53
8 58
9 60
10 63
11 66
12 67
13 68
14 68
15 69
16 70
17 70
18 72
19 73
20 75
21 77
22 80
23 83
24 83
25 85
26 85
27 86
28 94
29 101
30 108
31 108
32 118
33 124
34 133
35 139
36 144
37 149
38 153
39 157
40 160
41 161
42 164
43 175
44 178
45 187
46 192
47 198
48 204
49 208
50 212
51 212
52 215
53 217
54 218
55 220
56 223
57 226
58 229
59 232
60 235
61 237
62 240
63 243
64 246
65 251
66 255
67 260
68 264
69 269
70 271
71 276
72 278
73 282
74 288
75 295
76 300
77 304
78 308
79 313
80 318
81 323
82 330
83 337
84 342
85 347
86 351
87 357
88 362
89 367
90 374
91 381
92 389
93 398
94 403
95 408
96 413
97 418
98 424
99 430
100 435
101 435
102 440
103 446
104 452
105 458
106 464
107 471
108 477
109 481
110 484
111 487
112 491
113 493
114 498
115 503
116 507
117 512
118 516
119 520
120 524
121 528
122 532
123 537
124 539
125 542
126 546
127 548
128 551
129 551
