1 0
2 0
3 0
4 0
5 0
6 0
7 0
8 0
9 0
10 0
11 0
12 0
13 0
14 0
15 0
16 0
17 0
18 0
19 0
20 0
21 0
22 0
23 0
24 0
25 0
26 0
27 0
28 0
29 0
30 0
31 0
32 0
33 0
34 0
35 0
36 0
37 0
38 0
39 0
40 0
41 0
42 0
43 0
44 0
45 0
46 0
47 0
48 0
49 0
50 0
51 0
52 0
53 0
54 0
55 0
56 0
57 0
58 0
59 0
60 0
61 0
62 0
63 0
64 0
65 0
66 0
67 0
68 0
69 0
70 0
71 0
72 0
73 0
74 0
75 0
76 0
77 0
78 0
79 0
80 0
81 0
82 0
83 0
84 0
85 0
86 0
87 0
88 0
89 0
90 0
91 0
92 0
93 0
94 0
95 0
96 0
97 0
98 0
99 0
100 0
101 0
102 0
103 0
104 0
105 0
106 0
107 0
108 0
109 0
110 0
111 0
112 0
113 0
114 0
115 0
116 0
117 1
118 1
119 1
120 1
121 1
122 1
123 1
124 1
125 1
126 1
127 1
128 1
129 1
130 1
131 1
132 1
133 1
134 3
135 3
136 3
137 3
138 3
139 8
140 10
141 10
142 10
143 10
144 11
145 11
146 11
147 11
148 11
149 11
150 11
151 11
152 11
153 12
154 12
155 12
156 12
157 12
158 13
159 13
160 13
161 13
162 13
163 13
164 13
165 13
166 17
167 17
168 17
169 17
170 17
171 17
172 19
173 19
174 21
175 23
176 23
177 23
178 23
179 24
180 25
181 25
182 26
183 28
184 30
185 30
186 30
187 30
188 30
189 50
190 51
191 53
192 59
193 63
194 63
195 65
196 69
197 69
198 74
199 78
200 78
201 80
202 80
203 82
204 83
205 83
206 83
207 86
208 88
209 90
210 90
211 90
212 94
213 94
214 94
215 94
216 95
217 100
218 100
219 102
220 106
221 112
222 113
223 121
224 123
225 135
226 135
227 143
228 153
229 153
230 153
231 161
232 164
233 167
234 169
235 169
236 171
237 171
238 172
239 172
240 173
241 173
242 173
243 179
244 179
