1 735071
2 735071
3 735071
4 735071
5 735071
6 735071
7 735071
8 735071
9 735071
10 735071
11 735071
12 735071
13 735071
14 735071
15 735071
16 735071
17 735071
18 735071
19 735071
20 735071
21 735071
22 735071
23 735071
24 735071
25 735071
26 735071
27 735071
28 735071
29 735071
30 735071
31 735071
32 735071
33 735071
34 735071
35 735071
36 735071
37 735071
38 735071
39 735071
40 735071
41 735071
42 735071
43 735071
44 735071
45 735071
46 735071
47 735071
48 735071
49 735071
50 735071
51 735071
52 735071
53 735071
54 735071
55 735071
56 735071
57 735071
58 735071
59 735071
60 735071
61 735071
62 735071
63 735071
64 735071
65 735071
66 735071
67 735071
68 735071
69 735071
70 735071
71 735071
72 735071
73 735071
74 735071
75 735071
