1 7100000
2 7100000
3 7100000
4 7100000
5 7100000
6 7100000
7 7100000
8 7100000
9 7100000
10 7100000
11 7100000
12 7100000
13 7100000
14 7100000
15 7100000
16 7100000
17 7100000
18 7100000
19 7100000
20 7100000
21 7100000
22 7100000
23 7100000
24 7100000
25 7100000
26 7100000
27 7100000
28 7100000
29 7100000
30 7100000
31 7100000
32 7100000
33 7100000
34 7100000
35 7100000
36 7100000
37 7100000
38 7100000
39 7100000
40 7100000
41 7100000
42 7100000
43 7100000
44 7100000
45 7100000
46 7100000
47 7100000
48 7100000
49 7100000
50 7100000
51 7100000
52 7100000
53 7100000
54 7100000
55 7100000
56 7100000
57 7100000
58 7100000
59 7100000
60 7100000
61 7100000
62 7100000
63 7100000
64 7100000
65 7100000
66 7100000
67 7100000
68 7100000
69 7100000
70 7100000
71 7100000
72 7100000
73 7100000
74 7100000
75 7100000
76 7100000
77 7100000
78 7100000
79 7100000
80 7100000
81 7100000
82 7100000
83 7100000
84 7100000
85 7100000
86 7100000
87 7100000
88 7100000
89 7100000
90 7100000
91 7100000
92 7100000
93 7100000
94 7100000
95 7100000
96 7100000
97 7100000
98 7100000
99 7100000
100 7100000
101 7100000
102 7100000
103 7100000
104 7100000
105 7100000
106 7100000
107 7100000
108 7100000
109 7100000
110 7100000
111 7100000
112 7100000
113 7100000
114 7100000
115 7100000
116 7100000
117 7100000
118 7100000
119 7100000
120 7100000
121 7100000
122 7100000
123 7100000
124 7100000
125 7100000
126 7100000
127 7100000
128 7100000
129 7100000
130 7100000
131 7100000
132 7100000
133 7100000
134 7100000
135 7100000
136 7100000
137 7100000
138 7100000
139 7100000
140 7100000
141 7100000
142 7100000
143 7100000
144 7100000
145 7100000
146 7100000
147 7100000
148 7100000
149 7100000
150 7100000
151 7100000
152 7100000
153 7100000
154 7100000
155 7100000
156 7100000
157 7100000
158 7100000
159 7100000
160 7100000
161 7100000
162 7100000
163 7100000
164 7100000
165 7100000
166 7100000
167 7100000
168 7100000
169 7100000
170 7100000
171 7100000
172 7100000
173 7100000
174 7100000
175 7100000
176 7100000
177 7100000
178 7100000
179 7100000
180 7100000
