1 748
2 755
3 781
4 792
5 842
6 870
7 904
8 921
9 936
10 966
11 1014
12 1027
13 1048
14 1071
15 1093
16 1099
17 1121
18 1141
19 1163
20 1192
21 1216
22 1224
23 1233
24 1264
25 1293
26 1321
27 1372
28 1431
29 1456
30 1478
31 1514
32 1549
33 1569
34 1622
35 1667
36 1714
37 1736
38 1834
39 1883
40 1947
41 1997
42 2061
43 2090
44 2125
45 2204
46 2281
47 2311
48 2366
49 2395
50 2427
51 2446
52 2490
53 2537
54 2568
55 2587
56 2612
57 2620
58 2623
59 2632
60 2644
61 2665
62 2679
63 2692
64 2728
65 2733
66 2742
67 2769
68 2787
69 2795
70 2802
71 2819
72 2823
73 2841
74 2854
75 2862
76 2880
77 2880
