1 12442373
2 12442373
3 12442373
4 12442373
5 12442373
6 12442373
7 12442373
8 12442373
9 12442373
10 12442373
11 12442373
12 12442373
13 12442373
14 12442373
15 12442373
16 12442373
17 12442373
18 12442373
19 12442373
20 12442373
21 12442373
22 12442373
23 12442373
24 12442373
25 12442373
26 12442373
27 12442373
28 12442373
29 12442373
30 12442373
31 12442373
32 12442373
33 12442373
34 12442373
35 12442373
36 12442373
37 12442373
38 12442373
39 12442373
40 12442373
41 12442373
42 12442373
43 12442373
44 12442373
45 12442373
46 12442373
47 12442373
48 12442373
49 12442373
50 12442373
51 12442373
52 12442373
53 12442373
54 12442373
55 12442373
56 12442373
57 12442373
58 12442373
59 12442373
60 12442373
61 12442373
62 12442373
63 12442373
64 12442373
65 12442373
66 12442373
67 12442373
68 12442373
69 12442373
70 12442373
71 12442373
72 12442373
73 12442373
74 12442373
75 12442373
76 12442373
77 12442373
78 12442373
79 12442373
80 12442373
81 12442373
82 12442373
83 12442373
84 12442373
85 12442373
86 12442373
87 12442373
88 12442373
89 12442373
90 12442373
91 12442373
92 12442373
93 12442373
94 12442373
95 12442373
96 12442373
97 12442373
98 12442373
99 12442373
100 12442373
101 12442373
102 12442373
103 12442373
104 12442373
105 12442373
106 12442373
107 12442373
108 12442373
109 12442373
110 12442373
111 12442373
112 12442373
113 12442373
114 12442373
115 12442373
116 12442373
117 12442373
118 12442373
119 12442373
120 12442373
121 12442373
122 12442373
123 12442373
124 12442373
125 12442373
126 12442373
127 12442373
128 12442373
129 12442373
130 12442373
131 12442373
132 12442373
133 12442373
134 12442373
135 12442373
136 12442373
137 12442373
138 12442373
139 12442373
140 12442373
141 12442373
142 12442373
143 12442373
144 12442373
145 12442373
146 12442373
147 12442373
148 12442373
149 12442373
150 12442373
151 12442373
152 12442373
153 12442373
154 12442373
155 12442373
156 12442373
157 12442373
158 12442373
159 12442373
160 12442373
161 12442373
162 12442373
163 12442373
164 12442373
165 12442373
166 12442373
167 12442373
168 12442373
169 12442373
170 12442373
171 12442373
172 12442373
173 12442373
174 12442373
175 12442373
176 12442373
177 12442373
178 12442373
179 12442373
180 12442373
181 12442373
182 12442373
183 12442373
184 12442373
185 12442373
