1 1072861
2 1072861
3 1072861
4 1072861
5 1072861
6 1072861
7 1072861
8 1072861
9 1072861
10 1072861
11 1072861
12 1072861
13 1072861
14 1072861
15 1072861
16 1072861
17 1072861
18 1072861
19 1072861
20 1072861
21 1072861
22 1072861
23 1072861
24 1072861
25 1072861
26 1072861
27 1072861
28 1072861
29 1072861
30 1072861
31 1072861
32 1072861
33 1072861
34 1072861
35 1072861
36 1072861
37 1072861
38 1072861
39 1072861
40 1072861
41 1072861
42 1072861
43 1072861
44 1072861
45 1072861
46 1072861
47 1072861
48 1072861
49 1072861
50 1072861
51 1072861
52 1072861
53 1072861
54 1072861
55 1072861
56 1072861
57 1072861
58 1072861
59 1072861
60 1072861
