1 0
2 0
3 0
4 0
5 0
6 0
7 0
8 0
9 0
10 0
11 0
12 0
13 0
14 0
15 0
16 0
17 0
18 0
19 0
20 0
21 0
22 0
23 0
24 0
25 0
26 0
27 0
28 0
29 0
30 0
31 0
32 0
33 0
34 0
35 0
36 0
37 0
38 0
39 0
40 0
41 0
42 0
43 0
44 0
45 0
46 0
47 0
48 0
49 0
50 0
51 0
52 0
53 0
54 0
55 0
56 0
57 0
58 0
59 0
60 13
61 13
62 13
63 13
64 13
65 13
66 14
67 14
68 14
69 14
70 14
71 14
72 14
73 14
74 14
75 14
76 17
77 17
78 21
79 21
80 21
81 21
82 21
83 22
84 22
85 22
86 22
87 22
88 22
89 22
90 22
91 23
92 24
93 31
94 33
95 33
96 33
97 33
98 33
99 33
100 34
101 37
102 37
103 37
104 37
105 38
106 39
107 39
108 40
109 40
110 40
111 40
112 40
113 40
114 41
115 41
116 41
117 41
118 43
119 46
120 46
121 48
122 55
123 55
124 55
125 55
126 57
127 60
128 60
129 60
130 61
131 64
132 66
133 67
134 71
135 75
136 76
137 79
138 82
139 85
140 85
141 91
142 92
143 98
144 99
145 100
146 100
147 107
148 112
149 114
150 116
151 138
152 138
153 138
154 140
155 153
156 153
157 160
158 173
159 173
160 175
161 177
162 178
163 180
164 188
165 189
166 191
167 195
168 197
169 205
170 211
171 216
172 222
173 225
174 231
175 232
176 241
177 246
178 249
179 250
180 252
181 260
182 268
183 279
184 288
185 298
186 306
187 316
188 327
189 336
190 343
191 349
192 358
193 364
194 370
195 377
196 388
197 398
198 406
199 410
200 412
201 417
202 421
203 428
204 434
205 440
206 448
207 451
208 456
209 461
210 466
211 470
212 477
213 482
214 487
215 487
216 493
217 498
218 502
219 505
220 515
221 521
222 527
223 532
224 535
225 539
226 543
227 546
228 547
229 553
230 560
231 564
232 570
233 575
234 580
235 585
236 589
237 594
238 599
239 603
240 610
241 618
242 620
243 624
244 624
