1 0
2 0
3 0
4 0
5 0
6 0
7 0
8 0
9 0
10 0
11 0
12 0
13 0
14 0
15 0
16 0
17 0
18 0
19 0
20 0
21 0
22 0
23 0
24 0
25 0
26 0
27 0
28 0
29 0
30 0
31 0
32 0
33 0
34 0
35 0
36 0
37 0
38 0
39 0
40 0
41 0
42 0
43 0
44 0
45 0
46 0
47 0
48 0
49 0
50 0
51 0
52 0
53 0
54 0
55 0
56 0
57 0
58 0
59 0
60 0
61 0
62 0
63 0
64 0
65 0
66 0
67 0
68 0
69 0
70 0
71 0
72 0
73 0
74 0
75 0
76 0
77 0
78 0
79 0
80 0
81 0
82 0
83 0
84 0
85 0
86 0
87 0
88 0
89 118325
90 118325
91 118325
92 118325
93 118325
94 118325
95 118325
96 118325
97 118325
98 118325
99 118325
100 118325
101 118325
102 118325
103 118325
104 118325
105 118325
106 118325
107 118325
108 118325
109 118325
110 118325
111 118325
112 118325
113 118325
114 118325
115 118325
116 118325
117 118325
118 118325
119 118325
120 118325
121 118325
122 118325
123 118325
124 118325
125 118325
126 118325
127 118325
128 118325
129 118325
130 118325
131 118325
132 118325
133 118325
134 118325
135 118325
136 118325
137 118325
138 118325
139 118325
140 118325
141 118325
142 118325
143 118325
144 118325
145 118325
146 118325
147 118325
148 118325
149 118325
150 118325
151 118325
152 118325
153 118325
154 118325
155 118325
156 118325
157 118325
158 118325
159 118325
160 118325
161 118325
162 118325
163 118325
164 118325
165 118325
166 118325
167 118325
168 118325
169 118325
170 118325
171 118325
172 118325
173 118325
174 118325
175 118325
176 118325
177 118325
178 118325
179 118325
180 118325
181 118325
182 118325
183 118325
184 118325
185 118325
186 118325
187 118325
188 118325
189 118325
190 118325
191 118325
192 118325
193 118325
194 118325
195 118325
196 118325
197 118325
198 118325
199 118325
200 118325
201 118325
202 118325
203 118325
204 118325
205 118325
206 118325
207 118325
208 118325
209 118325
210 118325
211 118325
212 118325
213 118325
214 118325
215 118325
216 118325
217 118325
218 118325
219 118325
220 118325
221 118325
222 118325
223 118325
224 118325
225 118325
226 118325
227 118325
228 118325
229 118325
230 118325
231 118325
232 118325
233 118325
234 118325
235 118325
236 118325
237 118325
238 118325
239 118325
240 118325
241 118325
242 118325
243 118325
244 118325
