1 14
2 17
3 19
4 20
5 21
6 22
7 23
8 28
9 32
10 32
11 34
12 38
13 38
14 39
15 39
16 43
17 47
18 48
19 50
20 52
21 53
22 53
23 53
24 55
25 57
26 59
27 59
28 60
29 62
30 64
31 66
32 66
33 68
34 70
35 70
36 71
37 72
38 73
39 75
40 78
41 78
42 79
43 84
44 85
45 86
46 87
47 89
48 91
49 94
50 94
51 94
52 97
53 97
54 97
55 98
56 101
57 101
58 103
59 103
60 104
61 106
62 107
63 107
64 107
65 107
66 108
67 109
68 109
69 110
70 111
71 112
72 113
73 113
74 113
75 114
76 114
77 114
78 114
79 114
80 115
81 115
82 115
83 115
84 118
85 118
86 118
87 119
88 119
89 119
90 119
91 119
92 119
93 119
94 119
95 120
96 120
97 120
98 120
99 120
100 123
101 123
102 123
103 124
104 124
105 124
106 124
107 124
108 124
109 125
110 125
111 127
112 127
113 127
114 127
115 127
116 127
117 128
118 128
