1 2699471
2 2699471
3 2699471
4 2699471
5 2699471
6 2699471
7 2699471
8 2699471
9 2699471
10 2699471
11 2699471
12 2699471
13 2699471
14 2699471
15 2699471
16 2699471
17 2699471
18 2699471
19 2699471
20 2699471
21 2699471
22 2699471
23 2699471
24 2699471
25 2699471
26 2699471
27 2699471
28 2699471
29 2699471
30 2699471
31 2699471
32 2699471
33 2699471
34 2699471
35 2699471
36 2699471
37 2699471
38 2699471
39 2699471
40 2699471
41 2699471
42 2699471
43 2699471
44 2699471
45 2699471
46 2699471
47 2699471
48 2699471
49 2699471
50 2699471
51 2699471
52 2699471
53 2699471
54 2699471
55 2699471
56 2699471
57 2699471
58 2699471
59 2699471
60 2699471
61 2699471
62 2699471
63 2699471
64 2699471
65 2699471
66 2699471
67 2699471
68 2699471
69 2699471
70 2699471
71 2699471
72 2699471
73 2699471
74 2699471
75 2699471
76 2699471
77 2699471
78 2699471
79 2699471
80 2699471
81 2699471
82 2699471
83 2699471
84 2699471
85 2699471
86 2699471
87 2699471
88 2699471
89 2699471
90 2699471
91 2699471
92 2699471
93 2699471
94 2699471
95 2699471
96 2699471
97 2699471
98 2699471
99 2699471
100 2699471
101 2699471
102 2699471
103 2699471
104 2699471
105 2699471
106 2699471
107 2699471
