1 2806200
2 2806200
3 2806200
4 2806200
5 2806200
6 2806200
7 2806200
8 2806200
9 2806200
10 2806200
11 2806200
12 2806200
13 2806200
14 2806200
15 2806200
16 2806200
17 2806200
18 2806200
19 2806200
20 2806200
21 2806200
22 2806200
23 2806200
24 2806200
25 2806200
26 2806200
27 2806200
28 2806200
29 2806200
30 2806200
31 2806200
32 2806200
33 2806200
34 2806200
35 2806200
36 2806200
37 2806200
38 2806200
39 2806200
40 2806200
41 2806200
42 2806200
43 2806200
44 2806200
45 2806200
46 2806200
47 2806200
48 2806200
49 2806200
50 2806200
51 2806200
52 2806200
53 2806200
54 2806200
55 2806200
56 2806200
57 2806200
58 2806200
59 2806200
60 2806200
61 2806200
62 2806200
63 2806200
64 2806200
65 2806200
66 2806200
67 2806200
68 2806200
69 2806200
70 2806200
71 2806200
72 2806200
73 2806200
74 2806200
75 2806200
76 2806200
77 2806200
78 2806200
79 2806200
80 2806200
81 2806200
