1 3343079
2 3343079
3 3343079
4 3343079
5 3343079
6 3343079
7 3343079
8 3343079
9 3343079
10 3343079
11 3343079
12 3343079
13 3343079
14 3343079
15 3343079
16 3343079
17 3343079
18 3343079
19 3343079
20 3343079
21 3343079
22 3343079
23 3343079
24 3343079
25 3343079
26 3343079
27 3343079
28 3343079
29 3343079
30 3343079
31 3343079
32 3343079
33 3343079
34 3343079
35 3343079
36 3343079
37 3343079
38 3343079
39 3343079
40 3343079
41 3343079
42 3343079
43 3343079
44 3343079
45 3343079
46 3343079
47 3343079
48 3343079
49 3343079
50 3343079
51 3343079
52 3343079
53 3343079
54 3343079
55 3343079
56 3343079
57 3343079
58 3343079
59 3343079
60 3343079
61 3343079
62 3343079
63 3343079
64 3343079
65 3343079
66 3343079
67 3343079
68 3343079
69 3343079
70 3343079
71 3343079
72 3343079
73 3343079
74 3343079
75 3343079
76 3343079
77 3343079
78 3343079
79 3343079
80 3343079
81 3343079
82 3343079
