1 635
2 657
3 692
4 767
5 793
6 807
7 892
8 910
9 975
10 1026
11 1062
12 1235
13 1280
14 1342
15 1396
16 1443
17 1467
18 1593
19 1654
20 1708
21 1754
22 1782
23 1823
24 1848
25 1881
26 1930
27 1969
28 2049
29 2124
30 2232
31 2372
32 2565
33 2688
34 2734
35 2870
36 3053
37 3097
38 3195
39 3242
40 3307
41 3375
42 3450
43 3518
44 3641
45 3690
46 3735
47 3816
48 3896
49 3966
50 4059
51 4163
52 4272
53 4342
54 4445
55 4527
56 4630
57 4737
58 4826
59 4900
60 4972
61 5030
62 5125
63 5211
64 5325
65 5430
66 5490
67 5577
68 5646
69 5713
70 5785
71 5785
