1 1111812
2 1111812
3 1111812
4 1111812
5 1111812
6 1111812
7 1111812
8 1111812
9 1111812
10 1111812
11 1111812
12 1111812
13 1111812
14 1111812
15 1111812
16 1111812
17 1111812
18 1111812
19 1111812
20 1111812
21 1111812
22 1111812
23 1111812
24 1111812
25 1111812
26 1111812
27 1111812
28 1111812
29 1111812
30 1111812
31 1111812
32 1111812
33 1111812
34 1111812
35 1111812
36 1111812
37 1111812
38 1111812
39 1111812
40 1111812
41 1111812
42 1111812
43 1111812
44 1111812
45 1111812
46 1111812
47 1111812
48 1111812
49 1111812
50 1111812
51 1111812
52 1111812
53 1111812
54 1111812
55 1111812
56 1111812
57 1111812
58 1111812
59 1111812
60 1111812
61 1111812
62 1111812
63 1111812
64 1111812
65 1111812
66 1111812
67 1111812
68 1111812
69 1111812
70 1111812
71 1111812
72 1111812
73 1111812
74 1111812
75 1111812
76 1111812
77 1111812
78 1111812
79 1111812
80 1111812
81 1111812
82 1111812
83 1111812
84 1111812
85 1111812
86 1111812
87 1111812
88 1111812
89 1111812
90 1111812
91 1111812
92 1111812
