1 508
2 529
3 564
4 589
5 642
6 686
7 936
8 943
9 1064
10 1175
11 1346
12 1460
13 1534
14 1606
15 1894
16 2006
17 2147
18 2347
19 2476
20 2567
21 2634
22 2715
23 2756
24 2889
25 2974
26 3169
27 3356
28 3498
29 3614
30 3808
31 3999
32 4082
33 4338
34 4415
35 4491
36 4573
37 4755
38 4821
39 4973
40 5085
41 5209
42 5347
43 5450
44 5543
45 5636
46 5762
47 5785
48 5918
49 6090
50 6181
51 6356
52 6368
53 6554
54 6777
55 6974
56 7145
57 7249
58 7335
59 7446
60 7497
61 7652
62 7742
63 7892
64 7990
65 8089
66 8204
67 8281
68 8419
69 8523
70 8692
71 8966
72 9162
73 9392
74 9466
75 9503
76 9538
77 9721
78 10056
79 10367
80 10766
81 11110
82 11405
83 11670
84 11931
85 12285
86 12571
87 12888
88 13052
89 13233
90 13310
91 13409
92 13540
93 13698
94 13817
95 13925
96 14042
97 14136
98 14217
99 14310
100 14400
101 14472
102 14472
