1 1202811
2 1202811
3 1202811
4 1202811
5 1202811
6 1202811
7 1202811
8 1202811
9 1202811
10 1202811
11 1202811
12 1202811
13 1202811
14 1202811
15 1202811
16 1202811
17 1202811
18 1202811
19 1202811
20 1202811
21 1202811
22 1202811
23 1202811
24 1202811
25 1202811
26 1202811
27 1202811
28 1202811
29 1202811
30 1202811
31 1202811
32 1202811
33 1202811
34 1202811
35 1202811
36 1202811
37 1202811
38 1202811
39 1202811
40 1202811
41 1202811
42 1202811
43 1202811
44 1202811
45 1202811
46 1202811
47 1202811
48 1202811
49 1202811
50 1202811
51 1202811
52 1202811
53 1202811
54 1202811
55 1202811
56 1202811
57 1202811
58 1202811
59 1202811
60 1202811
61 1202811
62 1202811
63 1202811
64 1202811
65 1202811
66 1202811
67 1202811
68 1202811
69 1202811
70 1202811
71 1202811
72 1202811
73 1202811
74 1202811
75 1202811
76 1202811
77 1202811
78 1202811
79 1202811
80 1202811
81 1202811
82 1202811
83 1202811
84 1202811
85 1202811
86 1202811
87 1202811
88 1202811
89 1202811
90 1202811
