1 0
2 0
3 0
4 0
5 0
6 0
7 0
8 0
9 0
10 0
11 0
12 0
13 0
14 0
15 0
16 0
17 0
18 0
19 0
20 0
21 0
22 0
23 0
24 0
25 0
26 0
27 0
28 0
29 0
30 0
31 0
32 0
33 0
34 0
35 0
36 0
37 0
38 0
39 0
40 0
41 0
42 0
43 0
44 0
45 0
46 0
47 0
48 0
49 0
50 0
51 0
52 0
53 0
54 0
55 0
56 0
57 0
58 0
59 0
60 0
61 0
62 0
63 0
64 0
65 0
66 0
67 0
68 0
69 0
70 0
71 0
72 0
73 0
74 0
75 0
76 0
77 0
78 0
79 0
80 0
81 0
82 0
83 0
84 0
85 0
86 0
87 0
88 0
89 0
90 0
91 0
92 0
93 0
94 0
95 0
96 0
97 0
98 1
99 1
100 1
101 1
102 1
103 1
104 1
105 1
106 1
107 1
108 1
109 1
110 1
111 1
112 1
113 1
114 1
115 1
116 1
117 1
118 1
119 1
120 2
121 2
122 2
123 2
124 2
125 2
126 2
127 2
128 2
129 2
130 2
131 2
132 2
133 2
134 2
135 1
136 1
137 1
138 1
139 1
140 1
141 1
142 1
143 1
144 1
145 1
146 1
147 11
148 11
149 11
150 11
151 11
152 15
153 15
154 27
155 28
156 33
157 40
158 40
159 43
160 43
161 43
162 43
163 44
164 50
165 53
166 56
167 58
168 60
169 60
170 64
171 64
172 67
173 68
174 71
175 75
176 78
177 80
178 82
179 85
180 109
181 110
182 119
183 123
184 123
185 126
186 131
187 143
188 153
189 160
190 165
191 179
192 182
193 195
194 203
195 204
196 206
197 208
198 210
199 210
200 211
201 218
202 222
203 227
204 234
205 239
206 243
207 246
208 246
209 247
210 255
211 261
212 262
213 263
214 266
215 278
216 280
217 280
218 285
219 289
220 295
221 301
222 303
223 310
224 318
225 319
226 320
227 320
228 326
229 326
230 326
231 327
232 328
233 329
234 329
235 329
236 329
237 331
238 334
239 343
240 343
241 345
242 346
243 348
244 351
245 352
246 354
247 360
248 363
249 364
250 374
251 374
252 380
253 387
254 387
255 387
256 387
257 387
258 388
259 388
260 389
261 390
262 390
263 393
264 393
265 396
266 396
267 398
268 399
269 400
270 402
271 403
272 403
273 403
274 405
275 407
276 407
277 410
278 411
279 411
280 413
281 414
282 414
283 414
284 414
285 417
286 418
287 418
288 418
289 418
290 423
291 423
292 423
293 423
294 424
295 429
296 430
297 441
298 441
