1 688
2 763
3 785
4 849
5 891
6 949
7 982
8 1021
9 1064
10 1136
11 1216
12 1268
13 1344
14 1398
15 1473
16 1540
17 1621
18 1705
19 1825
20 1912
21 1988
22 2105
23 2166
24 2230
25 2291
26 2359
27 2400
28 2432
29 2459
30 2483
31 2511
32 2533
33 2558
34 2580
35 2593
36 2630
37 2664
38 2708
39 2741
40 2768
41 2795
42 2831
43 2877
44 2917
45 2983
46 3046
47 3099
48 3171
49 3227
50 3273
51 3321
52 3386
53 3420
54 3443
55 3477
56 3535
57 3638
58 3676
59 3702
60 3737
61 3794
62 3835
63 3905
64 3972
65 4014
66 4055
67 4083
68 4152
69 4176
70 4221
71 4284
72 4315
73 4353
74 4386
75 4415
76 4415
