1 2455543
2 2455543
3 2455543
4 2455543
5 2455543
6 2455543
7 2455543
8 2455543
9 2455543
10 2455543
11 2455543
12 2455543
13 2455543
14 2455543
15 2455543
16 2455543
17 2455543
18 2455543
19 2455543
20 2455543
21 2455543
22 2455543
23 2455543
24 2455543
25 2455543
26 2455543
27 2455543
28 2455543
29 2455543
30 2455543
31 2455543
32 2455543
33 2455543
34 2455543
35 2455543
36 2455543
37 2455543
38 2455543
39 2455543
40 2455543
41 2455543
42 2455543
43 2455543
44 2455543
45 2455543
46 2455543
47 2455543
48 2455543
49 2455543
50 2455543
51 2455543
52 2455543
53 2455543
54 2455543
55 2455543
56 2455543
57 2455543
58 2455543
59 2455543
60 2455543
61 2455543
62 2455543
63 2455543
64 2455543
65 2455543
66 2455543
67 2455543
68 2455543
69 2455543
70 2455543
71 2455543
72 2455543
73 2455543
74 2455543
75 2455543
76 2455543
77 2455543
78 2455543
79 2455543
80 2455543
81 2455543
82 2455543
83 2455543
84 2455543
85 2455543
86 2455543
87 2455543
88 2455543
89 2455543
90 2455543
91 2455543
92 2455543
93 2455543
94 2455543
95 2455543
96 2455543
97 2455543
98 2455543
99 2455543
100 2455543
101 2455543
102 2455543
