1 0
2 0
3 0
4 0
5 0
6 0
7 0
8 0
9 0
10 0
11 0
12 0
13 0
14 0
15 0
16 0
17 0
18 0
19 0
20 0
21 0
22 0
23 0
24 0
25 0
26 0
27 0
28 0
29 0
30 0
31 0
32 0
33 0
34 0
35 0
36 0
37 0
38 0
39 0
40 0
41 0
42 0
43 0
44 0
45 0
46 0
47 0
48 0
49 0
50 0
51 0
52 0
53 0
54 0
55 0
56 0
57 0
58 0
59 0
60 0
61 0
62 0
63 0
64 0
65 0
66 0
67 0
68 0
69 0
70 0
71 0
72 0
73 0
74 0
75 0
76 0
77 0
78 0
79 0
80 0
81 0
82 0
83 0
84 0
85 0
86 0
87 0
88 0
89 0
90 0
91 0
92 0
93 0
94 0
95 0
96 0
97 0
98 1
99 1
100 1
101 1
102 1
103 1
104 1
105 1
106 1
107 1
108 1
109 1
110 1
111 1
112 1
113 1
114 1
115 1
116 1
117 1
118 1
119 1
120 1
121 1
122 1
123 1
124 1
125 1
126 1
127 1
128 1
129 1
130 1
131 1
132 1
133 1
134 1
135 1
136 1
137 1
138 1
139 1
140 1
141 1
142 1
143 1
144 1
145 1
146 8
147 8
148 8
149 10
150 10
151 10
152 10
153 16
154 17
155 23
156 24
157 24
158 24
159 28
160 28
161 28
162 28
163 28
164 28
165 28
166 28
167 29
168 29
169 29
170 30
171 30
172 31
173 32
174 32
175 33
176 33
177 34
178 34
179 34
180 34
181 34
182 35
183 35
184 43
185 57
186 57
187 61
188 64
189 64
190 68
191 69
192 72
193 73
194 73
195 75
196 75
197 81
198 81
199 85
200 89
201 99
202 102
203 104
204 104
205 107
206 108
207 115
208 117
209 117
210 120
211 124
212 130
213 132
214 137
215 139
216 139
217 139
218 139
219 141
220 143
221 148
222 148
223 153
224 153
225 158
226 162
227 166
228 170
229 173
230 176
231 182
232 184
233 188
234 195
235 201
236 205
237 211
238 218
239 225
240 231
241 237
242 246
243 258
244 261
245 269
246 271
247 274
248 277
249 282
250 287
251 288
252 292
253 293
254 300
255 303
256 303
257 307
258 318
259 319
260 319
261 319
262 322
263 323
264 323
265 328
266 337
267 339
268 340
269 344
270 345
271 345
272 345
273 345
274 351
275 351
276 351
277 351
278 352
279 352
280 352
281 352
282 352
283 352
284 354
285 356
286 356
287 356
288 358
289 358
290 358
291 358
292 358
293 358
294 358
295 359
296 359
297 359
298 359
