1 3157676
2 3157676
3 3157676
4 3157676
5 3157676
6 3157676
7 3157676
8 3157676
9 3157676
10 3157676
11 3157676
12 3157676
13 3157676
14 3157676
15 3157676
16 3157676
17 3157676
18 3157676
19 3157676
20 3157676
21 3157676
22 3157676
23 3157676
24 3157676
25 3157676
26 3157676
27 3157676
28 3157676
29 3157676
30 3157676
31 3157676
32 3157676
33 3157676
34 3157676
35 3157676
36 3157676
37 3157676
38 3157676
39 3157676
40 3157676
41 3157676
42 3157676
43 3157676
44 3157676
45 3157676
46 3157676
47 3157676
48 3157676
49 3157676
50 3157676
51 3157676
52 3157676
53 3157676
54 3157676
55 3157676
56 3157676
57 3157676
58 3157676
59 3157676
60 3157676
61 3157676
62 3157676
63 3157676
64 3157676
65 3157676
66 3157676
67 3157676
68 3157676
69 3157676
70 3157676
71 3157676
72 3157676
73 3157676
74 3157676
75 3157676
76 3157676
77 3157676
78 3157676
79 3157676
80 3157676
81 3157676
82 3157676
83 3157676
84 3157676
85 3157676
86 3157676
87 3157676
88 3157676
89 3157676
90 3157676
91 3157676
92 3157676
93 3157676
94 3157676
95 3157676
96 3157676
97 3157676
98 3157676
99 3157676
100 3157676
