1 0
2 0
3 0
4 0
5 0
6 0
7 0
8 0
9 0
10 0
11 0
12 0
13 0
14 0
15 0
16 0
17 0
18 0
19 0
20 0
21 0
22 0
23 0
24 0
25 0
26 0
27 0
28 0
29 0
30 0
31 0
32 0
33 0
34 0
35 0
36 0
37 0
38 0
39 0
40 0
41 0
42 0
43 0
44 0
45 0
46 0
47 0
48 0
49 0
50 0
51 0
52 0
53 0
54 0
55 0
56 0
57 0
58 0
59 0
60 0
61 0
62 0
63 0
64 0
65 0
66 0
67 0
68 0
69 0
70 0
71 0
72 0
73 0
74 0
75 0
76 0
77 0
78 0
79 0
80 0
81 0
82 0
83 0
84 0
85 0
86 0
87 0
88 0
89 0
90 0
91 0
92 0
93 0
94 0
95 0
96 112272
97 112272
98 112272
99 112272
100 112272
101 112272
102 112272
103 112272
104 112272
105 112272
106 112272
107 112272
108 112272
109 112272
110 112272
111 112272
112 112272
113 112272
114 112272
115 112272
116 112272
117 112272
118 112272
119 112272
120 112272
121 112272
122 112272
123 112272
124 112272
125 112272
126 112272
127 112272
128 112272
129 112272
130 112272
131 112272
132 112272
133 112272
134 112272
135 112272
136 112272
137 112272
138 112272
139 112272
140 112272
141 112272
142 112272
143 112272
144 112272
145 112272
146 112272
147 112272
148 112272
149 112272
150 112272
151 112272
152 112272
153 112272
154 112272
155 112272
156 112272
157 112272
158 112272
159 112272
160 112272
161 112272
162 112272
163 112272
164 112272
165 112272
166 112272
167 112272
168 112272
169 112272
170 112272
171 112272
172 112272
173 112272
174 112272
175 112272
176 112272
177 112272
178 112272
179 112272
180 112272
181 112272
182 112272
183 112272
184 112272
185 112272
186 112272
187 112272
188 112272
189 112272
190 112272
191 112272
192 112272
193 112272
194 112272
195 112272
196 112272
197 112272
198 112272
199 112272
200 112272
201 112272
202 112272
203 112272
204 112272
205 112272
206 112272
207 112272
208 112272
209 112272
210 112272
211 112272
212 112272
213 112272
214 112272
215 112272
216 112272
217 112272
218 112272
219 112272
220 112272
221 112272
222 112272
223 112272
224 112272
225 112272
226 112272
227 112272
228 112272
229 112272
230 112272
231 112272
232 112272
233 112272
234 112272
235 112272
236 112272
237 112272
238 112272
239 112272
240 112272
241 112272
242 112272
243 112272
244 112272
