1 4474446
2 4474446
3 4474446
4 4474446
5 4474446
6 4474446
7 4474446
8 4474446
9 4474446
10 4474446
11 4474446
12 4474446
13 4474446
14 4474446
15 4474446
16 4474446
17 4474446
18 4474446
19 4474446
20 4474446
21 4474446
22 4474446
23 4474446
24 4474446
25 4474446
26 4474446
27 4474446
28 4474446
29 4474446
30 4474446
31 4474446
32 4474446
33 4474446
34 4474446
35 4474446
36 4474446
37 4474446
38 4474446
39 4474446
40 4474446
41 4474446
42 4474446
43 4474446
44 4474446
45 4474446
46 4474446
47 4474446
48 4474446
49 4474446
50 4474446
51 4474446
52 4474446
53 4474446
54 4474446
55 4474446
56 4474446
57 4474446
58 4474446
59 4474446
60 4474446
61 4474446
62 4474446
63 4474446
64 4474446
65 4474446
66 4474446
67 4474446
68 4474446
69 4474446
70 4474446
71 4474446
72 4474446
73 4474446
74 4474446
75 4474446
76 4474446
