1 1965137
2 1965137
3 1965137
4 1965137
5 1965137
6 1965137
7 1965137
8 1965137
9 1965137
10 1965137
11 1965137
12 1965137
13 1965137
14 1965137
15 1965137
16 1965137
17 1965137
18 1965137
19 1965137
20 1965137
21 1965137
22 1965137
23 1965137
24 1965137
25 1965137
26 1965137
27 1965137
28 1965137
29 1965137
30 1965137
31 1965137
32 1965137
33 1965137
34 1965137
35 1965137
36 1965137
37 1965137
38 1965137
39 1965137
40 1965137
41 1965137
42 1965137
43 1965137
44 1965137
45 1965137
46 1965137
47 1965137
48 1965137
49 1965137
50 1965137
51 1965137
52 1965137
53 1965137
54 1965137
55 1965137
56 1965137
57 1965137
58 1965137
59 1965137
60 1965137
61 1965137
62 1965137
63 1965137
64 1965137
65 1965137
66 1965137
67 1965137
68 1965137
69 1965137
70 1965137
71 1965137
72 1965137
73 1965137
74 1965137
75 1965137
76 1965137
77 1965137
78 1965137
79 1965137
80 1965137
81 1965137
82 1965137
83 1965137
84 1965137
85 1965137
86 1965137
87 1965137
88 1965137
89 1965137
90 1965137
91 1965137
92 1965137
93 1965137
94 1965137
95 1965137
96 1965137
97 1965137
98 1965137
99 1965137
100 1965137
101 1965137
102 1965137
103 1965137
104 1965137
105 1965137
106 1965137
