1 5082868
2 5082868
3 5082868
4 5082868
5 5082868
6 5082868
7 5082868
8 5082868
9 5082868
10 5082868
11 5082868
12 5082868
13 5082868
14 5082868
15 5082868
16 5082868
17 5082868
18 5082868
19 5082868
20 5082868
21 5082868
22 5082868
23 5082868
24 5082868
25 5082868
26 5082868
27 5082868
28 5082868
29 5082868
30 5082868
31 5082868
32 5082868
33 5082868
34 5082868
35 5082868
36 5082868
37 5082868
38 5082868
39 5082868
40 5082868
41 5082868
42 5082868
43 5082868
44 5082868
45 5082868
46 5082868
47 5082868
48 5082868
49 5082868
50 5082868
51 5082868
52 5082868
53 5082868
54 5082868
55 5082868
56 5082868
57 5082868
58 5082868
59 5082868
60 5082868
61 5082868
62 5082868
63 5082868
64 5082868
65 5082868
66 5082868
67 5082868
68 5082868
69 5082868
70 5082868
71 5082868
72 5082868
73 5082868
74 5082868
75 5082868
76 5082868
77 5082868
78 5082868
79 5082868
80 5082868
81 5082868
82 5082868
83 5082868
84 5082868
85 5082868
86 5082868
87 5082868
88 5082868
89 5082868
90 5082868
91 5082868
