1 0
2 0
3 0
4 0
5 0
6 0
7 0
8 0
9 0
10 0
11 0
12 0
13 0
14 0
15 0
16 0
17 0
18 0
19 0
20 0
21 0
22 0
23 0
24 0
25 0
26 0
27 0
28 0
29 0
30 0
31 0
32 0
33 0
34 0
35 0
36 0
37 0
38 0
39 0
40 0
41 0
42 0
43 0
44 0
45 0
46 0
47 0
48 0
49 0
50 0
51 0
52 0
53 0
54 0
55 0
56 0
57 0
58 0
59 0
60 0
61 0
62 0
63 0
64 0
65 0
66 0
67 0
68 0
69 0
70 0
71 0
72 0
73 0
74 0
75 0
76 0
77 0
78 0
79 0
80 0
81 0
82 0
83 0
84 0
85 0
86 0
87 0
88 0
89 0
90 0
91 0
92 1
93 2
94 2
95 2
96 2
97 2
98 2
99 5
100 5
101 7
102 7
103 8
104 8
105 8
106 8
107 8
108 8
109 10
110 10
111 10
112 11
113 11
114 11
115 11
116 13
117 13
118 13
119 15
120 13
121 13
122 13
123 13
124 13
125 30
126 30
127 30
128 30
129 30
130 32
131 32
132 40
133 41
134 41
135 41
136 46
137 49
138 49
139 49
140 49
141 49
142 49
143 49
144 49
145 49
146 49
147 49
148 49
149 50
150 50
151 50
152 50
153 51
154 51
155 51
156 51
157 51
158 51
159 51
160 51
161 51
162 51
163 51
164 51
165 51
166 51
167 52
168 52
169 52
170 52
171 53
172 53
173 53
174 53
175 53
176 53
177 53
178 55
179 57
180 57
181 57
182 57
183 59
184 59
185 59
186 72
187 72
188 72
189 73
190 73
191 73
192 73
193 73
194 73
195 73
196 73
197 73
198 73
199 73
200 73
201 73
202 74
203 74
204 74
205 75
206 75
207 75
208 76
209 77
210 79
211 79
212 79
213 79
214 79
215 83
216 83
217 85
218 85
219 113
220 113
221 113
222 113
223 113
224 113
225 113
226 113
227 115
228 116
229 116
230 116
231 117
232 132
233 134
234 134
235 134
236 135
237 146
238 146
239 146
240 147
241 152
242 152
243 152
244 152
