1 752481
2 752481
3 752481
4 752481
5 752481
6 752481
7 752481
8 752481
9 752481
10 752481
11 752481
12 752481
13 752481
14 752481
15 752481
16 752481
17 752481
18 752481
19 752481
20 752481
21 752481
22 752481
23 752481
24 752481
25 752481
26 752481
27 752481
28 752481
29 752481
30 752481
31 752481
32 752481
33 752481
34 752481
35 752481
36 752481
37 752481
38 752481
39 752481
40 752481
41 752481
42 752481
43 752481
44 752481
45 752481
46 752481
47 752481
48 752481
49 752481
50 752481
51 752481
52 752481
53 752481
54 752481
55 752481
56 752481
57 752481
58 752481
59 752481
60 752481
61 752481
62 752481
63 752481
64 752481
65 752481
66 752481
67 752481
68 752481
69 752481
70 752481
71 752481
72 752481
73 752481
74 752481
75 752481
76 752481
77 752481
78 752481
79 752481
80 752481
81 752481
82 752481
83 752481
84 752481
85 752481
86 752481
87 752481
