1 0
2 0
3 0
4 0
5 0
6 0
7 0
8 0
9 0
10 0
11 0
12 0
13 0
14 0
15 0
16 0
17 0
18 0
19 0
20 0
21 0
22 0
23 0
24 0
25 0
26 0
27 0
28 0
29 0
30 0
31 0
32 0
33 0
34 0
35 0
36 0
37 0
38 0
39 0
40 0
41 0
42 0
43 0
44 0
45 0
46 0
47 0
48 0
49 0
50 0
51 0
52 0
53 0
54 0
55 0
56 0
57 0
58 0
59 0
60 0
61 0
62 0
63 0
64 0
65 0
66 0
67 0
68 0
69 0
70 0
71 0
72 0
73 0
74 0
75 0
76 0
77 0
78 0
79 0
80 0
81 0
82 0
83 0
84 0
85 0
86 0
87 0
88 0
89 0
90 0
91 0
92 0
93 0
94 0
95 0
96 0
97 0
98 0
99 0
100 0
101 0
102 0
103 0
104 0
105 0
106 0
107 0
108 0
109 0
110 0
111 0
112 0
113 0
114 0
115 0
116 0
117 0
118 0
119 0
120 0
121 0
122 0
123 0
124 0
125 0
126 0
127 0
128 0
129 0
130 0
131 0
132 0
133 0
134 0
135 0
136 0
137 0
138 2
139 2
140 2
141 2
142 2
143 2
144 2
145 2
146 2
147 2
148 2
149 2
150 2
151 13
152 13
153 23
154 24
155 25
156 37
157 37
158 39
159 44
160 45
161 49
162 57
163 91
164 111
165 122
166 124
167 126
168 148
169 149
170 150
171 152
172 153
173 155
174 157
175 159
176 169
177 173
178 177
179 177
180 179
181 179
182 195
183 197
184 202
185 209
186 209
187 214
188 221
189 221
190 222
191 222
192 227
193 227
194 233
195 236
196 239
197 239
198 241
199 241
200 242
201 243
202 243
203 251
204 252
205 246
206 256
207 259
208 261
209 261
210 262
211 265
212 266
213 267
214 267
215 269
216 269
217 271
218 274
219 276
220 277
221 284
222 287
223 287
224 287
225 288
226 288
227 290
228 291
229 295
230 295
231 295
232 295
233 297
234 297
235 298
236 298
237 299
238 300
239 300
240 300
241 300
242 300
243 300
244 300
