1 2990116
2 2990116
3 2990116
4 2990116
5 2990116
6 2990116
7 2990116
8 2990116
9 2990116
10 2990116
11 2990116
12 2990116
13 2990116
14 2990116
15 2990116
16 2990116
17 2990116
18 2990116
19 2990116
20 2990116
21 2990116
22 2990116
23 2990116
24 2990116
25 2990116
26 2990116
27 2990116
28 2990116
29 2990116
30 2990116
31 2990116
32 2990116
33 2990116
34 2990116
35 2990116
36 2990116
37 2990116
38 2990116
39 2990116
40 2990116
41 2990116
42 2990116
43 2990116
44 2990116
45 2990116
46 2990116
47 2990116
48 2990116
49 2990116
50 2990116
51 2990116
52 2990116
53 2990116
54 2990116
55 2990116
56 2990116
57 2990116
58 2990116
59 2990116
60 2990116
61 2990116
62 2990116
63 2990116
64 2990116
65 2990116
66 2990116
67 2990116
68 2990116
69 2990116
70 2990116
71 2990116
72 2990116
73 2990116
74 2990116
75 2990116
76 2990116
77 2990116
78 2990116
79 2990116
80 2990116
81 2990116
82 2990116
83 2990116
84 2990116
85 2990116
86 2990116
87 2990116
88 2990116
89 2990116
90 2990116
91 2990116
92 2990116
93 2990116
94 2990116
95 2990116
96 2990116
97 2990116
98 2990116
99 2990116
100 2990116
101 2990116
102 2990116
103 2990116
104 2990116
105 2990116
106 2990116
107 2990116
108 2990116
109 2990116
110 2990116
111 2990116
112 2990116
113 2990116
114 2990116
115 2990116
116 2990116
117 2990116
118 2990116
119 2990116
120 2990116
121 2990116
122 2990116
123 2990116
124 2990116
125 2990116
126 2990116
127 2990116
128 2990116
129 2990116
130 2990116
131 2990116
132 2990116
133 2990116
134 2990116
135 2990116
136 2990116
137 2990116
138 2990116
139 2990116
140 2990116
141 2990116
142 2990116
143 2990116
144 2990116
145 2990116
146 2990116
147 2990116
148 2990116
149 2990116
150 2990116
