1 3790922
2 3790922
3 3790922
4 3790922
5 3790922
6 3790922
7 3790922
8 3790922
9 3790922
10 3790922
11 3790922
12 3790922
13 3790922
14 3790922
15 3790922
16 3790922
17 3790922
18 3790922
19 3790922
20 3790922
21 3790922
22 3790922
23 3790922
24 3790922
25 3790922
26 3790922
27 3790922
28 3790922
29 3790922
30 3790922
31 3790922
32 3790922
33 3790922
34 3790922
35 3790922
36 3790922
37 3790922
38 3790922
39 3790922
40 3790922
41 3790922
42 3790922
43 3790922
44 3790922
45 3790922
46 3790922
47 3790922
48 3790922
49 3790922
50 3790922
51 3790922
52 3790922
53 3790922
54 3790922
55 3790922
56 3790922
57 3790922
58 3790922
59 3790922
60 3790922
61 3790922
62 3790922
63 3790922
64 3790922
65 3790922
66 3790922
67 3790922
68 3790922
69 3790922
70 3790922
71 3790922
72 3790922
73 3790922
74 3790922
75 3790922
76 3790922
77 3790922
78 3790922
79 3790922
80 3790922
81 3790922
82 3790922
