1 461
2 472
3 494
4 556
5 602
6 784
7 870
8 970
9 1027
10 1087
11 1148
12 1181
13 1278
14 1363
15 1415
16 1479
17 1529
18 1635
19 1718
20 1862
21 1988
22 2056
23 2184
24 2318
25 2488
26 2496
27 2559
28 2686
29 2821
30 2978
31 3117
32 3201
33 3292
34 3410
35 3528
36 3594
37 3647
38 3711
39 3785
40 3881
41 3958
42 4044
43 4090
44 4159
45 4225
46 4289
47 4325
48 4359
49 4417
50 4451
51 4473
52 4506
53 4558
54 4587
55 4622
56 4643
57 4667
58 4722
59 4747
60 4782
61 4819
62 4846
63 4927
64 4973
65 5012
66 5046
67 5080
68 5160
69 5263
70 5318
71 5368
72 5440
73 5501
74 5555
75 5619
76 5672
77 5720
78 5761
79 5819
80 5860
81 5907
82 5932
83 5980
84 6018
85 6061
86 6096
87 6113
88 6157
89 6172
90 6209
91 6244
92 6272
93 6309
94 6345
95 6385
96 6414
97 6463
98 6493
99 6540
100 6569
101 6569
