1 0
2 0
3 0
4 0
5 0
6 0
7 0
8 0
9 0
10 0
11 0
12 0
13 0
14 0
15 0
16 0
17 0
18 0
19 0
20 0
21 0
22 0
23 0
24 0
25 0
26 0
27 0
28 0
29 0
30 0
31 0
32 0
33 0
34 0
35 0
36 0
37 0
38 0
39 0
40 0
41 0
42 0
43 0
44 0
45 0
46 0
47 0
48 0
49 0
50 0
51 0
52 0
53 0
54 0
55 0
56 0
57 0
58 0
59 0
60 0
61 0
62 0
63 0
64 0
65 0
66 0
67 0
68 0
69 0
70 0
71 0
72 0
73 0
74 0
75 0
76 0
77 0
78 0
79 0
80 0
81 0
82 0
83 0
84 0
85 0
86 0
87 0
88 0
89 0
90 0
91 0
92 0
93 0
94 0
95 0
96 0
97 0
98 0
99 0
100 0
101 0
102 0
103 0
104 0
105 0
106 0
107 0
108 0
109 0
110 0
111 0
112 0
113 0
114 1
115 1
116 1
117 1
118 1
119 1
120 1
121 1
122 1
123 1
124 1
125 1
126 1
127 1
128 3
129 3
130 3
131 3
132 3
133 3
134 3
135 3
136 3
137 3
138 3
139 3
140 3
141 4
142 5
143 5
144 6
145 16
146 16
147 16
148 16
149 17
150 17
151 17
152 18
153 18
154 18
155 19
156 20
157 20
158 21
159 25
160 25
161 31
162 38
163 38
164 40
165 45
166 50
167 54
168 56
169 56
170 60
171 66
172 69
173 69
174 69
175 69
176 69
177 74
178 78
179 80
180 81
181 82
182 85
183 89
184 90
185 92
186 102
187 106
188 118
189 122
190 123
191 124
192 124
193 125
194 125
195 125
196 132
197 136
198 137
199 137
200 140
201 140
202 146
203 152
204 152
205 152
206 152
207 153
208 153
209 156
210 167
211 172
212 174
213 174
214 176
215 180
216 187
217 208
218 221
219 227
220 241
221 242
222 244
223 247
224 255
225 258
226 260
227 261
228 262
229 264
230 264
231 266
232 266
233 266
234 266
235 266
236 267
237 269
238 269
239 269
240 270
241 271
242 271
243 271
244 271
245 272
246 272
247 272
248 272
249 272
250 272
251 272
252 272
253 273
254 273
255 273
256 274
257 274
258 274
259 276
260 276
261 276
262 276
263 276
264 276
265 276
266 276
267 276
268 276
269 276
270 276
271 277
272 278
273 278
274 279
275 279
276 280
277 280
278 282
279 282
280 282
281 282
282 282
283 283
284 283
285 283
286 283
287 283
288 283
289 283
290 283
291 283
292 283
293 283
294 283
295 283
296 283
297 285
298 285
