1 2927965
2 2927965
3 2927965
4 2927965
5 2927965
6 2927965
7 2927965
8 2927965
9 2927965
10 2927965
11 2927965
12 2927965
13 2927965
14 2927965
15 2927965
16 2927965
17 2927965
18 2927965
19 2927965
20 2927965
21 2927965
22 2927965
23 2927965
24 2927965
25 2927965
26 2927965
27 2927965
28 2927965
29 2927965
30 2927965
31 2927965
32 2927965
33 2927965
34 2927965
35 2927965
36 2927965
37 2927965
38 2927965
39 2927965
40 2927965
41 2927965
42 2927965
43 2927965
44 2927965
45 2927965
46 2927965
47 2927965
48 2927965
49 2927965
50 2927965
51 2927965
52 2927965
53 2927965
54 2927965
55 2927965
56 2927965
57 2927965
58 2927965
59 2927965
60 2927965
61 2927965
62 2927965
63 2927965
64 2927965
