1 3068149
2 3068149
3 3068149
4 3068149
5 3068149
6 3068149
7 3068149
8 3068149
9 3068149
10 3068149
11 3068149
12 3068149
13 3068149
14 3068149
15 3068149
16 3068149
17 3068149
18 3068149
19 3068149
20 3068149
21 3068149
22 3068149
23 3068149
24 3068149
25 3068149
26 3068149
27 3068149
28 3068149
29 3068149
30 3068149
31 3068149
32 3068149
33 3068149
34 3068149
35 3068149
36 3068149
37 3068149
38 3068149
39 3068149
40 3068149
41 3068149
42 3068149
43 3068149
44 3068149
45 3068149
46 3068149
47 3068149
48 3068149
49 3068149
50 3068149
51 3068149
52 3068149
53 3068149
54 3068149
55 3068149
56 3068149
57 3068149
58 3068149
59 3068149
60 3068149
61 3068149
62 3068149
63 3068149
64 3068149
65 3068149
66 3068149
67 3068149
68 3068149
69 3068149
70 3068149
71 3068149
72 3068149
73 3068149
74 3068149
75 3068149
76 3068149
77 3068149
78 3068149
79 3068149
80 3068149
81 3068149
82 3068149
83 3068149
84 3068149
85 3068149
86 3068149
87 3068149
88 3068149
89 3068149
90 3068149
