1 0
2 0
3 0
4 0
5 0
6 0
7 0
8 0
9 0
10 0
11 0
12 0
13 0
14 0
15 0
16 0
17 0
18 0
19 0
20 0
21 0
22 0
23 0
24 0
25 0
26 0
27 0
28 0
29 0
30 0
31 0
32 0
33 0
34 0
35 0
36 0
37 0
38 0
39 0
40 0
41 0
42 0
43 0
44 0
45 0
46 0
47 0
48 0
49 0
50 0
51 0
52 0
53 0
54 0
55 0
56 0
57 0
58 0
59 0
60 0
61 0
62 0
63 0
64 0
65 0
66 0
67 0
68 0
69 0
70 0
71 0
72 0
73 0
74 0
75 0
76 0
77 0
78 0
79 0
80 0
81 0
82 0
83 0
84 0
85 0
86 0
87 0
88 0
89 0
90 0
91 0
92 0
93 0
94 0
95 0
96 31920
97 31920
98 31920
99 31920
100 31920
101 31920
102 31920
103 31920
104 31920
105 31920
106 31920
107 31920
108 31920
109 31920
110 31920
111 31920
112 31920
113 31920
114 31920
115 31920
116 31920
117 31920
118 31920
119 31920
120 31920
121 31920
122 31920
123 31920
124 31920
125 31920
126 31920
127 31920
128 31920
129 31920
130 31920
131 31920
132 31920
133 31920
134 31920
135 31920
136 31920
137 31920
138 31920
139 31920
140 31920
141 31920
142 31920
143 31920
144 31920
145 31920
146 31920
147 31920
148 31920
149 31920
150 31920
151 31920
152 31920
153 31920
154 31920
155 31920
156 31920
157 31920
158 31920
159 31920
160 31920
161 31920
162 31920
163 31920
164 31920
165 31920
166 31920
167 31920
168 31920
169 31920
170 31920
171 31920
172 31920
173 31920
174 31920
175 31920
176 31920
177 31920
178 31920
179 31920
180 31920
181 31920
182 31920
183 31920
184 31920
185 31920
186 31920
187 31920
188 31920
189 31920
190 31920
191 31920
192 31920
193 31920
194 31920
195 31920
196 31920
197 31920
198 31920
199 31920
200 31920
201 31920
202 31920
203 31920
204 31920
205 31920
206 31920
207 31920
208 31920
209 31920
210 31920
211 31920
212 31920
213 31920
214 31920
215 31920
216 31920
217 31920
218 31920
219 31920
220 31920
221 31920
222 31920
223 31920
224 31920
225 31920
226 31920
227 31920
228 31920
229 31920
230 31920
231 31920
232 31920
233 31920
234 31920
235 31920
236 31920
237 31920
238 31920
239 31920
240 31920
241 31920
242 31920
243 31920
244 31920
