1 0
2 0
3 0
4 0
5 0
6 0
7 0
8 0
9 0
10 0
11 0
12 0
13 0
14 0
15 0
16 0
17 0
18 0
19 0
20 0
21 0
22 0
23 0
24 0
25 0
26 0
27 0
28 0
29 0
30 0
31 0
32 0
33 0
34 0
35 0
36 0
37 0
38 0
39 0
40 0
41 0
42 0
43 0
44 0
45 0
46 0
47 0
48 0
49 0
50 0
51 0
52 0
53 0
54 0
55 0
56 0
57 0
58 0
59 0
60 0
61 0
62 0
63 0
64 0
65 0
66 0
67 0
68 0
69 0
70 0
71 0
72 0
73 0
74 0
75 0
76 0
77 0
78 0
79 0
80 0
81 0
82 0
83 0
84 0
85 0
86 0
87 0
88 0
89 0
90 0
91 0
92 0
93 0
94 0
95 0
96 0
97 0
98 0
99 0
100 0
101 0
102 0
103 0
104 0
105 0
106 0
107 0
108 0
109 0
110 0
111 0
112 0
113 0
114 0
115 0
116 4
117 4
118 4
119 4
120 5
121 5
122 5
123 10
124 10
125 10
126 10
127 10
128 10
129 10
130 10
131 10
132 10
133 10
134 10
135 10
136 10
137 10
138 10
139 10
140 10
141 10
142 10
143 10
144 10
145 10
146 10
147 10
148 10
149 10
150 13
151 13
152 22
153 22
154 30
155 32
156 32
157 39
158 46
159 46
160 53
161 68
162 69
163 71
164 71
165 96
166 99
167 100
168 100
169 100
170 100
171 103
172 103
173 103
174 110
175 122
176 123
177 123
178 126
179 127
180 129
181 129
182 130
183 131
184 132
185 134
186 135
187 135
188 141
189 175
190 175
191 176
192 176
193 187
194 191
195 191
196 228
197 240
198 246
199 249
200 254
201 262
202 266
203 269
204 282
205 303
206 320
207 339
208 379
209 394
210 400
211 406
212 413
213 425
214 430
215 433
216 436
217 438
218 447
219 452
220 468
221 475
222 482
223 503
224 505
225 521
226 534
227 544
228 549
229 556
230 559
231 563
232 580
233 597
234 615
235 631
236 640
237 653
238 660
239 668
240 683
241 691
242 737
243 772
244 772
