1 551
2 578
3 610
4 629
5 646
6 690
7 714
8 778
9 842
10 872
11 982
12 1159
13 1415
14 1586
15 1657
16 1726
17 1789
18 1872
19 1957
20 2037
21 2078
22 2129
23 2176
24 2253
25 2315
26 2375
27 2422
28 2482
29 2614
30 2681
31 2707
32 2775
33 2828
34 2874
35 2932
36 2986
37 2987
38 3143
39 3213
40 3262
41 3314
42 3369
43 3420
44 3488
45 3514
46 3552
47 3610
48 3651
49 3698
50 3739
51 3756
52 3818
53 3879
54 3914
55 3945
56 3969
57 4006
58 4031
59 4061
60 4106
61 4140
62 4171
63 4210
64 4238
65 4268
66 4288
67 4312
68 4362
69 4406
70 4445
71 4473
72 4508
73 4549
74 4586
75 4623
76 4682
77 4725
78 4763
79 4806
80 4844
81 4892
82 4917
83 4946
84 4982
85 5028
86 5052
87 5085
88 5111
89 5146
90 5179
91 5213
92 5240
93 5270
94 5290
95 5316
96 5352
97 5378
98 5402
99 5417
100 5431
101 5456
102 5476
103 5503
104 5527
105 5554
106 5554
