1 578326
2 578326
3 578326
4 578326
5 578326
6 578326
7 578326
8 578326
9 578326
10 578326
11 578326
12 578326
13 578326
14 578326
15 578326
16 578326
17 578326
18 578326
19 578326
20 578326
21 578326
22 578326
23 578326
24 578326
25 578326
26 578326
27 578326
28 578326
29 578326
30 578326
31 578326
32 578326
33 578326
34 578326
35 578326
36 578326
37 578326
38 578326
39 578326
40 578326
41 578326
42 578326
43 578326
44 578326
45 578326
46 578326
47 578326
48 578326
49 578326
50 578326
51 578326
52 578326
53 578326
54 578326
55 578326
56 578326
57 578326
58 578326
59 578326
60 578326
61 578326
62 578326
63 578326
64 578326
65 578326
66 578326
67 578326
68 578326
69 578326
70 578326
71 578326
72 578326
73 578326
74 578326
75 578326
76 578326
77 578326
78 578326
79 578326
80 578326
81 578326
82 578326
83 578326
84 578326
85 578326
86 578326
87 578326
88 578326
89 578326
90 578326
91 578326
92 578326
93 578326
94 578326
95 578326
96 578326
97 578326
98 578326
99 578326
100 578326
101 578326
102 578326
103 578326
104 578326
105 578326
106 578326
107 578326
108 578326
109 578326
110 578326
111 578326
112 578326
113 578326
114 578326
115 578326
116 578326
117 578326
118 578326
119 578326
120 578326
121 578326
122 578326
123 578326
124 578326
125 578326
126 578326
127 578326
128 578326
129 578326
130 578326
