1 2291032
2 2291032
3 2291032
4 2291032
5 2291032
6 2291032
7 2291032
8 2291032
9 2291032
10 2291032
11 2291032
12 2291032
13 2291032
14 2291032
15 2291032
16 2291032
17 2291032
18 2291032
19 2291032
20 2291032
21 2291032
22 2291032
23 2291032
24 2291032
25 2291032
26 2291032
27 2291032
28 2291032
29 2291032
30 2291032
31 2291032
32 2291032
33 2291032
34 2291032
35 2291032
36 2291032
37 2291032
38 2291032
39 2291032
40 2291032
41 2291032
42 2291032
43 2291032
44 2291032
45 2291032
46 2291032
47 2291032
48 2291032
49 2291032
50 2291032
51 2291032
52 2291032
53 2291032
54 2291032
55 2291032
56 2291032
57 2291032
58 2291032
59 2291032
60 2291032
61 2291032
62 2291032
63 2291032
64 2291032
65 2291032
66 2291032
67 2291032
68 2291032
69 2291032
70 2291032
71 2291032
72 2291032
73 2291032
74 2291032
75 2291032
76 2291032
77 2291032
78 2291032
79 2291032
80 2291032
81 2291032
82 2291032
83 2291032
84 2291032
85 2291032
86 2291032
87 2291032
88 2291032
89 2291032
90 2291032
91 2291032
92 2291032
93 2291032
94 2291032
95 2291032
96 2291032
97 2291032
98 2291032
99 2291032
100 2291032
101 2291032
102 2291032
103 2291032
104 2291032
105 2291032
106 2291032
107 2291032
108 2291032
109 2291032
110 2291032
111 2291032
112 2291032
113 2291032
114 2291032
115 2291032
116 2291032
117 2291032
118 2291032
119 2291032
120 2291032
121 2291032
122 2291032
123 2291032
124 2291032
125 2291032
126 2291032
127 2291032
128 2291032
129 2291032
130 2291032
131 2291032
132 2291032
133 2291032
134 2291032
135 2291032
136 2291032
137 2291032
138 2291032
139 2291032
140 2291032
141 2291032
142 2291032
143 2291032
144 2291032
145 2291032
146 2291032
147 2291032
148 2291032
149 2291032
150 2291032
151 2291032
152 2291032
153 2291032
154 2291032
155 2291032
156 2291032
157 2291032
158 2291032
159 2291032
160 2291032
161 2291032
162 2291032
163 2291032
164 2291032
165 2291032
166 2291032
167 2291032
168 2291032
169 2291032
170 2291032
171 2291032
172 2291032
173 2291032
174 2291032
175 2291032
176 2291032
177 2291032
178 2291032
179 2291032
180 2291032
181 2291032
182 2291032
183 2291032
184 2291032
185 2291032
186 2291032
187 2291032
188 2291032
189 2291032
190 2291032
191 2291032
192 2291032
193 2291032
194 2291032
195 2291032
