1 6
2 6
3 6
4 6
5 6
6 6
7 7
8 8
9 8
10 8
11 8
12 8
13 8
14 8
15 8
16 9
17 11
18 11
19 11
20 11
21 12
22 13
23 13
24 16
25 16
26 16
27 17
28 17
29 17
30 18
31 19
32 19
33 23
34 24
35 27
36 27
37 27
38 29
39 30
40 30
41 30
42 30
43 31
44 32
45 33
46 33
47 34
48 37
49 37
50 39
51 39
52 39
53 39
54 39
55 39
56 39
57 39
58 39
59 39
60 39
61 41
62 41
63 41
64 41
65 41
66 42
67 42
68 43
69 43
70 43
71 43
72 45
73 45
74 45
75 47
76 47
77 47
78 47
79 47
80 48
81 50
82 51
83 51
84 52
85 52
86 52
87 53
88 53
89 53
90 53
91 53
92 53
93 54
94 54
95 54
96 54
97 54
98 54
99 54
100 54
101 54
102 54
103 54
104 54
105 54
106 54
107 54
108 55
109 55
110 56
111 56
112 56
113 56
114 57
115 57
116 57
117 57
118 57
119 57
120 57
121 57
122 57
123 57
124 57
125 58
126 58
127 58
128 58
129 58
130 58
131 58
132 59
133 59
134 59
135 59
136 59
137 59
138 59
139 59
140 59
141 59
142 59
143 59
