1 518844
2 518844
3 518844
4 518844
5 518844
6 518844
7 518844
8 518844
9 518844
10 518844
11 518844
12 518844
13 518844
14 518844
15 518844
16 518844
17 518844
18 518844
19 518844
20 518844
21 518844
22 518844
23 518844
24 518844
25 518844
26 518844
27 518844
28 518844
29 518844
30 518844
31 518844
32 518844
33 518844
34 518844
35 518844
36 518844
37 518844
38 518844
39 518844
40 518844
41 518844
42 518844
43 518844
44 518844
45 518844
46 518844
47 518844
48 518844
49 518844
50 518844
51 518844
52 518844
53 518844
54 518844
55 518844
56 518844
57 518844
58 518844
59 518844
60 518844
61 518844
62 518844
63 518844
64 518844
65 518844
66 518844
67 518844
68 518844
69 518844
70 518844
71 518844
72 518844
73 518844
74 518844
75 518844
76 518844
77 518844
78 518844
79 518844
80 518844
81 518844
82 518844
83 518844
84 518844
85 518844
86 518844
87 518844
88 518844
89 518844
90 518844
91 518844
92 518844
93 518844
94 518844
95 518844
96 518844
97 518844
98 518844
99 518844
100 518844
101 518844
102 518844
103 518844
104 518844
105 518844
106 518844
107 518844
108 518844
109 518844
110 518844
