1 5
2 5
3 5
4 5
5 5
6 5
7 5
8 5
9 5
10 5
11 5
12 5
13 6
14 6
15 6
16 6
17 6
18 6
19 6
20 6
21 8
22 9
23 10
24 18
25 21
26 21
27 21
28 21
29 21
30 22
31 25
32 29
33 31
34 34
35 34
36 34
37 37
38 46
39 49
40 52
41 55
42 57
43 58
44 59
45 60
46 65
47 70
48 71
49 73
50 74
51 78
52 83
53 88
54 92
55 97
56 99
57 103
58 105
59 107
60 107
61 115
62 116
63 121
64 123
65 125
66 128
67 130
68 133
69 137
70 142
71 147
72 156
73 158
74 164
75 166
76 170
77 174
78 179
79 184
80 189
81 194
82 198
83 200
84 203
85 203
86 206
87 211
88 212
89 214
90 215
91 220
92 221
93 223
94 227
95 227
96 230
97 236
98 237
99 237
100 239
101 241
102 244
103 245
104 247
105 249
106 252
107 255
108 257
109 258
110 260
111 261
112 261
113 263
114 264
115 264
116 264
117 265
118 265
119 266
120 267
121 268
122 269
123 269
124 270
125 270
126 271
127 271
128 272
129 272
130 272
131 272
132 272
133 272
134 272
135 273
136 274
137 273
138 274
139 274
140 275
141 275
142 275
143 275
144 275
145 275
146 275
147 275
148 275
149 275
150 275
151 275
152 275
153 275
154 275
155 275
156 275
157 275
158 275
159 275
160 275
161 277
162 278
163 278
164 278
165 278
166 278
167 278
168 278
169 278
170 278
171 279
172 279
173 280
174 280
175 281
176 281
177 281
178 281
179 281
180 282
181 282
182 282
183 282
184 283
185 283
186 283
187 283
188 283
189 283
190 283
191 283
192 283
193 283
194 283
195 283
196 283
197 283
198 284
199 284
200 284
201 284
202 284
203 284
204 284
205 284
206 284
207 284
208 284
209 284
210 284
211 285
212 285
213 285
214 285
215 285
216 285
217 285
218 285
