1 x
2 x
3 x
4 x
5 x
6 x
7 x
8 x
9 x
10 x
11 x
12 x
13 x
14 x
15 x
16 x
17 x
18 x
19 x
20 x
21 x
22 x
23 x
24 x
25 x
26 x
27 x
28 x
29 x
30 x
31 x
32 x
33 x
34 x
35 x
36 x
37 x
38 x
39 x
40 x
41 x
42 x
43 x
44 x
45 x
46 x
47 x
48 x
49 x
50 x
51 x
52 x
53 x
54 x
55 x
56 x
57 x
58 x
59 x
60 x
61 x
62 x
63 x
64 x
65 x
66 x
67 x
68 x
69 x
70 x
71 x
72 x
73 x
74 x
75 x
76 x
77 x
78 x
79 x
80 x
81 x
82 x
83 x
84 x
85 x
86 x
87 x
88 x
89 x
90 x
91 x
92 x
93 x
94 x
95 x
96 x
97 x
98 x
99 x
100 x
101 x
102 x
103 x
104 x
105 x
106 x
107 x
108 x
109 x
110 x
111 x
112 x
113 x
114 x
115 x
116 x
117 x
118 x
119 x
120 x
121 x
122 x
123 x
124 x
125 x
126 x
127 x
128 x
129 x
130 x
131 x
132 x
133 x
134 x
135 x
136 x
137 x
138 x
139 2
140 2
141 2
142 2
143 2
144 2
145 2
146 2
147 2
148 2
149 2
150 2
151 2
152 13
153 13
154 23
155 24
156 25
157 37
158 37
159 39
160 44
161 45
162 49
163 57
164 91
165 111
166 122
167 124
168 126
169 148
170 149
171 150
172 152
173 153
174 155
175 157
176 159
177 169
178 173
179 177
180 177
181 179
182 179
183 195
184 197
185 202
186 209
187 209
188 214
189 221
190 221
191 222
192 222
193 227
194 227
195 233
196 236
197 239
198 239
199 241
200 241
201 242
202 243
203 243
204 251
205 252
206 246
207 256
208 259
209 261
210 261
211 262
212 265
213 266
214 267
215 267
216 269
217 269
218 271
219 274
220 276
221 277
222 284
223 287
224 287
225 287
226 288
227 288
228 290
229 291
230 295
231 295
232 295
233 295
234 297
235 297
236 298
237 298
238 299
239 300
240 300
241 300
242 300
243 300
244 300
245 300
246 300
247 300
248 300
249 301
250 301
251 301
252 301
253 301
254 301
255 301
256 301
257 301
258 302
259 302
260 302
261 302
262 302
263 302
264 302
265 302
266 302
267 302
268 302
269 302
270 302
271 302
272 302
273 302
274 302
275 303
276 303
277 303
278 303
279 303
280 303
281 303
282 303
283 303
284 303
285 303
286 303
287 303
288 305
289 303
290 303
291 304
292 304
293 304
294 304
295 304
296 304
297 304
298 304
299 304
300 304
301 304
302 304
303 304
304 304
305 304
306 304
307 304
308 304
309 304
310 304
311 304
312 304
313 304
314 304
315 304
316 304
317 304
318 304
319 304
320 304
321 304
322 304
323 304
324 304
325 304
326 304
327 304
328 304
329 304
330 304
331 304
332 304
333 304
334 304
335 304
336 304
337 304
338 304
339 304
340 304
341 304
342 304
