1 1005
2 1006
3 1025
4 1029
5 1074
6 1076
7 1078
8 1082
9 1086
10 1086
11 1087
12 1089
13 1094
14 1094
15 1097
16 1100
17 1106
18 1110
19 1111
20 1114
21 1119
22 1126
23 1132
24 1135
25 1150
26 1158
27 1163
28 1168
29 1174
30 1187
31 1195
32 1205
33 1209
34 1213
35 1225
36 1239
37 1245
38 1246
39 1249
40 1259
41 1275
42 1280
43 1291
44 1307
45 1314
46 1319
47 1337
48 1340
49 1347
50 1353
51 1356
52 1357
53 1362
54 1368
55 1375
56 1379
57 1383
58 1389
59 1408
60 1408
61 1411
62 1413
63 1414
64 1414
65 1416
66 1417
67 1420
68 1420
69 1427
70 1430
71 1433
72 1434
73 1435
74 1437
75 1438
76 1442
77 1448
78 1449
79 1449
80 1450
81 1455
82 1457
83 1458
84 1462
85 1466
86 1468
87 1471
88 1480
89 1485
90 1486
91 1486
92 1487
93 1487
94 1487
95 1489
96 1490
97 1491
98 1491
99 1492
100 1493
101 1493
102 1494
103 1495
104 1496
105 1496
106 1498
107 1499
108 1499
109 1500
110 1500
111 1502
112 1503
113 1503
114 1504
115 1504
