1 327
2 379
3 402
4 517
5 555
6 582
7 608
8 628
9 637
10 742
11 765
12 870
13 927
14 961
15 1051
16 1504
17 1636
18 2016
19 2198
20 2320
21 2381
22 2455
23 2600
24 2758
25 2936
26 3203
27 3263
28 3480
29 3585
30 3672
31 3784
32 3863
33 3922
34 3996
35 4053
36 4114
37 4241
38 4305
39 4412
40 4518
41 4640
42 4749
43 4888
44 5046
45 5145
46 5223
47 5312
48 5420
49 5569
50 5767
51 5988
52 6231
53 6472
54 6633
55 6760
56 6874
57 7262
58 7396
59 7634
60 7776
61 7965
62 8053
63 8188
64 8264
65 8487
66 8756
67 8985
68 9122
69 9279
70 9382
71 9614
72 9758
73 9840
74 10068
75 10245
76 10380
77 10503
78 10692
79 10831
80 10985
81 11168
82 11262
83 11394
84 11473
85 11565
86 11697
87 12319
88 12389
89 12444
90 12521
91 12592
92 12636
93 12752
94 12961
95 13001
96 13014
97 13014
98 13128
99 13306
100 13425
101 13483
102 13514
103 13561
104 13624
105 13820
106 13873
107 13948
108 14015
109 14176
110 14189
111 14230
112 14319
113 14416
114 14546
115 14584
116 14636
117 14686
118 14721
119 14763
120 14812
121 14863
122 14958
123 14996
124 15022
125 15059
126 15202
127 15260
128 15302
129 15360
130 15432
131 15448
132 15550
133 15589
134 15638
135 15736
136 15754
137 15791
138 15814
139 15875
140 15909
141 15941
142 15980
143 15980
144 15980
145 15980
146 16154
147 16187
148 16194
149 16220
150 16238
151 16269
152 16283
153 16309
154 16340
155 16345
156 16398
157 16409
158 16442
159 16460
160 16512
161 16553
162 16578
163 16604
164 16620
165 16653
166 16678
167 16702
168 16732
169 16808
170 16839
171 16850
172 16875
173 16907
174 16936
175 16950
176 16976
177 16998
178 17023
179 17039
180 17071
181 17084
