1 1114615
2 1114615
3 1114615
4 1114615
5 1114615
6 1114615
7 1114615
8 1114615
9 1114615
10 1114615
11 1114615
12 1114615
13 1114615
14 1114615
15 1114615
16 1114615
17 1114615
18 1114615
19 1114615
20 1114615
21 1114615
22 1114615
23 1114615
24 1114615
25 1114615
26 1114615
27 1114615
28 1114615
29 1114615
30 1114615
31 1114615
32 1114615
33 1114615
34 1114615
35 1114615
36 1114615
37 1114615
38 1114615
39 1114615
40 1114615
41 1114615
42 1114615
43 1114615
44 1114615
45 1114615
46 1114615
47 1114615
48 1114615
49 1114615
50 1114615
51 1114615
52 1114615
53 1114615
54 1114615
55 1114615
56 1114615
57 1114615
58 1114615
59 1114615
60 1114615
61 1114615
62 1114615
63 1114615
64 1114615
65 1114615
66 1114615
67 1114615
68 1114615
69 1114615
70 1114615
71 1114615
72 1114615
73 1114615
74 1114615
75 1114615
76 1114615
77 1114615
78 1114615
79 1114615
80 1114615
81 1114615
82 1114615
83 1114615
84 1114615
85 1114615
86 1114615
87 1114615
88 1114615
89 1114615
90 1114615
91 1114615
92 1114615
93 1114615
94 1114615
95 1114615
96 1114615
97 1114615
98 1114615
99 1114615
100 1114615
101 1114615
102 1114615
103 1114615
104 1114615
105 1114615
106 1114615
107 1114615
108 1114615
109 1114615
110 1114615
111 1114615
112 1114615
113 1114615
114 1114615
115 1114615
116 1114615
117 1114615
118 1114615
119 1114615
120 1114615
121 1114615
122 1114615
