1 692
2 696
3 701
4 743
5 808
6 835
7 847
8 878
9 885
10 890
11 906
12 929
13 961
14 995
15 1010
16 1052
17 1070
18 1086
19 1086
20 1086
21 1087
22 1168
23 1187
24 1195
25 1198
26 1210
27 1211
28 1247
29 1284
30 1349
31 1422
32 1454
33 1504
34 1521
35 1528
36 1541
37 1560
38 1578
39 1589
40 1612
41 1638
42 1664
43 1667
44 1711
45 1715
46 1740
47 1740
48 1752
49 1781
50 1792
51 1792
52 1805
53 1810
54 1834
55 1843
56 1871
57 1880
58 1892
59 1892
60 1905
61 1905
62 1906
63 1919
64 1921
65 1921
66 1929
67 1945
68 1945
69 1945
70 1959
71 1959
72 1972
73 1972
74 1972
75 1976
76 1976
77 1983
78 1983
79 1983
80 1983
81 1989
82 1989
83 1989
84 1997
85 2001
86 2001
87 2001
88 2011
89 2016
90 2017
91 2026
92 2029
93 2035
94 2036
95 2036
96 2045
97 2046
98 2046
99 2053
100 2055
101 2056
102 2056
103 2056
104 2063
105 2063
106 2067
107 2067
108 2073
109 2078
110 2078
111 2078
112 2088
113 2093
114 2095
115 2097
116 2097
117 2098
118 2099
119 2099
120 2100
121 2102
122 2102
123 2105
124 2107
125 2107
126 2108
127 2108
128 2110
129 2110
130 2110
131 2110
132 2113
133 2118
134 2118
135 2118
136 2118
137 2118
138 2125
139 2125
140 2125
141 2125
142 2125
143 2125
144 2125
145 2125
146 2125
147 2125
