1 821
2 852
3 869
4 889
5 901
6 912
7 920
8 970
9 979
10 1029
11 1043
12 1064
13 1098
14 1099
15 1103
16 1123
17 1141
18 1149
19 1151
20 1159
21 1162
22 1173
23 1189
24 1194
25 1205
26 1230
27 1249
28 1257
29 1285
30 1289
31 1297
32 1321
33 1350
34 1362
35 1367
36 1374
37 1376
38 1379
39 1382
40 1384
41 1391
42 1395
43 1398
44 1399
45 1400
46 1403
47 1408
48 1412
49 1415
50 1416
51 1419
52 1423
53 1423
54 1429
55 1431
56 1432
57 1433
58 1435
59 1439
60 1441
61 1447
62 1449
63 1453
64 1455
65 1459
66 1462
67 1471
68 1475
69 1485
70 1495
71 1502
72 1513
73 1514
74 1519
75 1523
76 1544
77 1553
78 1563
79 1569
80 1575
81 1591
82 1600
83 1614
84 1626
85 1641
86 1656
87 1658
88 1674
89 1682
90 1690
91 1698
92 1715
93 1732
94 1737
95 1742
96 1747
97 1751
98 1766
99 1785
100 1796
101 1803
102 1880
103 1890
104 1900
105 1918
106 1944
107 1970
108 1981
109 2000
110 2010
111 2033
112 2047
113 2057
114 2077
115 2097
116 2102
117 2117
118 2118
119 2118
120 2124
121 2127
122 2136
123 2145
124 2151
125 2154
126 2154
127 2166
128 2172
129 2172
130 2199
131 2200
132 2204
133 2205
134 2214
135 2220
136 2222
137 2227
