1 4
2 5
3 6
4 6
5 10
6 14
7 15
8 15
9 16
10 19
11 20
12 20
13 20
14 22
15 27
16 29
17 32
18 32
19 33
20 33
21 33
22 39
23 45
24 49
25 52
26 61
27 61
28 63
29 68
30 69
31 73
32 80
33 93
34 97
35 103
36 108
37 111
38 114
39 119
40 126
41 130
42 136
43 139
44 143
45 144
46 149
47 152
48 157
49 159
50 164
51 170
52 173
53 174
54 176
55 185
56 187
57 188
58 193
59 195
60 197
61 197
62 201
63 205
64 206
65 206
66 207
67 208
68 210
69 210
70 211
71 215
72 215
73 215
74 215
75 216
76 216
77 217
78 217
79 217
80 218
81 220
82 221
83 222
84 223
85 224
86 224
87 225
88 227
89 227
90 228
91 230
92 230
93 232
94 234
95 236
96 236
97 237
98 237
99 237
100 237
101 237
102 237
103 239
104 239
105 239
106 239
107 240
108 240
109 242
110 242
111 242
112 242
113 244
114 244
115 244
116 245
117 246
118 246
119 246
120 247
121 247
122 247
123 248
124 248
125 249
126 249
127 249
128 249
129 249
130 250
131 250
132 250
133 250
134 250
135 251
136 251
137 251
138 251
139 251
140 251
141 251
142 251
143 252
144 252
145 252
146 252
147 252
148 252
149 252
150 253
151 253
152 253
153 253
154 253
155 253
156 254
157 254
158 254
159 254
160 254
161 254
162 254
163 254
164 254
165 255
166 255
167 255
168 255
169 255
170 255
171 256
172 256
173 256
174 256
175 256
176 256
177 256
178 256
179 256
180 256
181 257
182 257
183 257
184 257
185 257
186 257
187 257
188 257
189 257
190 257
191 257
192 257
193 257
194 257
195 257
196 257
197 257
198 257
199 257
200 257
201 257
202 257
203 257
204 257
205 257
206 257
207 257
