1 10
2 10
3 10
4 11
5 11
6 12
7 14
8 14
9 15
10 16
11 16
12 17
13 17
14 17
15 17
16 18
17 19
18 19
19 19
20 19
21 20
22 20
23 21
24 21
25 21
26 21
27 22
28 22
29 24
30 24
31 24
32 24
33 26
34 27
35 28
36 29
37 29
38 29
39 29
40 32
41 32
42 33
43 34
44 36
45 37
46 39
47 41
48 43
49 45
50 48
51 51
52 54
53 57
54 60
55 60
56 62
57 63
58 65
59 67
60 70
61 73
62 73
63 76
64 79
65 82
66 84
67 86
68 88
69 89
70 90
71 91
72 92
73 93
74 95
75 95
76 100
77 100
78 100
79 101
80 102
81 104
82 104
83 104
84 104
85 104
86 105
87 105
88 105
89 105
90 105
91 105
92 105
93 106
94 106
95 106
96 106
97 106
98 109
99 110
100 110
101 110
102 111
103 111
104 111
105 111
106 111
107 113
108 114
109 114
110 114
111 114
112 114
113 114
114 114
115 114
116 114
117 114
118 114
119 115
120 115
121 116
122 117
123 117
124 118
125 120
126 120
127 121
128 121
129 122
130 122
131 122
132 123
133 125
134 126
135 126
136 127
137 128
138 129
139 130
140 131
141 132
142 133
143 134
144 135
145 136
146 137
147 137
148 138
149 138
150 138
151 140
152 140
153 140
154 141
155 141
156 141
157 141
158 141
159 142
160 142
161 143
162 143
163 143
164 143
165 143
166 143
167 143
168 143
169 143
170 143
171 143
172 143
173 143
174 143
175 143
176 143
177 143
178 143
179 144
180 144
181 144
182 144
183 144
184 144
185 144
186 144
187 144
188 144
189 144
190 144
191 144
192 144
193 144
194 144
195 144
