1 1052
2 1118
3 1185
4 1233
5 1300
6 1363
7 1457
8 1564
9 1640
10 1734
11 1910
12 1955
13 2110
14 2222
15 2401
16 2586
17 2663
18 2763
19 2898
20 3038
21 3264
22 3473
23 3728
24 3915
25 4138
26 4447
27 4730
28 5040
29 5425
30 5497
31 5764
32 6117
33 6303
34 6563
35 6927
36 7161
37 7360
38 7562
39 7949
40 8181
41 8374
42 8736
43 8864
44 9238
45 9553
46 9813
47 10006
48 10353
49 10556
50 10920
51 11171
52 11444
53 11665
54 12045
55 12294
56 12503
57 12737
58 12923
59 13119
60 13321
61 13340
62 13545
63 13756
64 13952
65 14057
66 14250
67 14430
68 14568
69 14697
70 14822
71 14934
72 15124
73 15335
74 15515
75 15673
76 15840
77 16045
78 16231
79 16363
80 16521
81 16548
82 16728
83 16855
84 17006
85 17131
86 17226
87 17362
88 17535
89 17646
90 17796
91 17826
92 17936
93 18064
94 18130
95 18261
96 18371
97 18431
98 18513
99 18568
100 18606
101 18709
102 18774
103 18846
104 18905
105 18972
106 19029
107 19070
108 19099
109 19143
110 19174
111 19238
112 19276
113 19296
114 19328
115 19360
116 19391
117 19440
118 19475
119 19519
120 19545
121 19562
122 19585
123 19623
124 19669
125 19708
126 19759
127 19799
128 19836
129 19865
130 19922
131 19896
132 19937
133 19970
134 20008
135 20040
136 20074
137 20108
138 20140
139 20170
140 20201
141 20245
142 20283
143 20326
144 20356
145 20401
146 20426
147 20458
148 20492
149 20514
150 20541
151 20562
152 20599
153 20629
154 20658
155 20698
156 20721
157 20750
158 20783
159 20817
160 20841
161 20862
162 20883
163 20908
164 20924
165 20960
166 20960
167 21015
168 21036
169 21068
170 21105
171 21122
172 21153
173 21177
174 21201
175 21228
176 21232
177 21242
178 21248
179 21264
180 21277
181 21286
182 21297
183 21301
184 21312
185 21331
186 21334
187 21343
188 21353
189 21363
190 21347
191 21349
192 21353
193 21361
194 21364
195 21368
196 21371
197 21375
198 21387
