1 1011
2 1064
3 1121
4 1173
5 1232
6 1278
7 1321
8 1378
9 1398
10 1424
11 1448
12 1471
13 1499
14 1558
15 1577
16 1594
17 1613
18 1650
19 1674
20 1718
21 1749
22 1779
23 1799
24 1837
25 1867
26 1881
27 1897
28 1918
29 1933
30 1956
31 1986
32 2003
33 2029
34 2053
35 2069
36 2080
37 2098
38 2112
39 2147
40 2183
41 2204
42 2233
43 2260
44 2274
45 2285
46 2317
47 2351
48 2360
49 2384
50 2400
51 2415
52 2448
53 2471
54 2480
55 2491
56 2517
57 2542
58 2552
59 2580
60 2596
61 2614
62 2630
63 2641
64 2656
65 2670
66 2684
67 2718
68 2730
69 2749
70 2766
71 2785
72 2788
73 2811
74 2824
75 2833
76 2839
77 2852
78 2864
79 2870
80 2880
81 2894
82 2912
83 2919
84 2922
85 2927
86 2931
87 2936
88 2946
89 2951
90 2961
91 2967
92 2976
93 2978
94 2982
95 2984
96 2991
97 2997
98 3003
99 3013
100 3018
101 3020
102 3024
103 3026
104 3031
105 3034
106 3035
107 3035
108 3037
109 3046
110 3054
111 3060
112 3064
113 3069
114 3070
115 3071
116 3074
117 3074
118 3080
119 3083
120 3085
121 3090
122 3091
123 3092
124 3095
125 3095
126 3098
127 3111
128 3118
129 3125
130 3127
131 3129
132 3138
133 3140
134 3142
135 3145
136 3160
137 3168
138 3187
139 3191
140 3197
141 3206
142 3210
143 3214
144 3218
145 3223
146 3230
147 3232
148 3236
149 3238
150 3241
151 3249
152 3249
153 3258
154 3260
155 3263
156 3267
157 3271
158 3273
159 3277
160 3285
161 3295
162 3300
163 3307
164 3312
165 3318
166 3321
167 3321
168 3322
169 3334
170 3351
171 3357
172 3361
173 3363
174 3366
175 3376
176 3382
177 3383
178 3388
179 3388
180 3393
181 3396
182 3398
183 3399
184 3398
