1 x
2 x
3 x
4 x
5 x
6 x
7 x
8 x
9 x
10 x
11 x
12 x
13 x
14 x
15 x
16 x
17 x
18 x
19 x
20 x
21 x
22 x
23 x
24 x
25 x
26 x
27 x
28 x
29 x
30 x
31 x
32 x
33 x
34 x
35 x
36 x
37 x
38 x
39 x
40 x
41 x
42 x
43 x
44 x
45 x
46 x
47 x
48 x
49 x
50 x
51 x
52 x
53 x
54 x
55 x
56 x
57 x
58 x
59 x
60 x
61 x
62 x
63 x
64 x
65 x
66 x
67 x
68 x
69 x
70 x
71 x
72 x
73 x
74 x
75 x
76 x
77 x
78 x
79 x
80 x
81 x
82 x
83 x
84 x
85 x
86 x
87 x
88 x
89 x
90 x
91 x
92 x
93 x
94 x
95 x
96 x
97 x
98 x
99 x
100 x
101 x
102 x
103 x
104 x
105 x
106 x
107 x
108 x
109 x
110 x
111 x
112 x
113 x
114 x
115 x
116 x
117 x
118 x
119 x
120 x
121 x
122 x
123 x
124 x
125 x
126 x
127 x
128 x
129 x
130 x
131 x
132 x
133 x
134 x
135 x
136 x
137 x
138 x
139 x
140 x
141 x
142 x
143 x
144 x
145 x
146 x
147 x
148 x
149 10
150 10
151 10
152 10
153 11
154 11
155 11
156 11
157 11
158 11
159 11
160 11
161 11
162 11
163 11
164 11
165 12
166 16
167 18
168 18
169 18
170 18
171 20
172 20
173 20
174 20
175 20
176 27
177 27
178 27
179 27
180 27
181 27
182 27
183 27
184 27
185 27
186 29
187 29
188 29
189 29
190 30
191 30
192 31
193 31
194 31
195 33
196 33
197 33
198 33
199 33
200 33
201 34
202 34
203 34
204 34
205 34
206 34
207 34
208 34
209 34
210 34
211 35
212 35
213 35
214 35
215 35
216 35
217 35
218 35
219 35
220 35
221 35
222 35
223 35
224 35
225 36
226 36
227 36
228 36
229 36
230 36
231 36
232 36
233 36
234 36
235 36
236 36
237 36
238 36
239 36
240 36
241 36
242 36
243 36
244 36
245 36
246 26
247 26
248 26
249 26
250 26
251 26
252 26
253 26
254 26
255 27
256 27
257 27
258 27
259 28
260 28
261 28
262 28
263 28
264 28
265 28
266 28
267 28
268 28
269 28
270 28
271 28
272 28
273 28
274 28
275 28
276 28
277 28
278 28
279 28
280 28
281 28
282 28
283 28
284 28
285 28
286 28
287 28
288 28
289 28
290 28
291 28
292 28
293 28
294 28
295 28
296 32
297 32
298 35
299 35
300 35
301 35
302 35
303 35
304 35
305 35
306 35
307 35
308 35
309 35
310 35
311 35
312 35
313 35
314 35
315 35
316 35
317 35
318 35
319 35
320 35
321 35
322 35
323 35
324 35
325 35
326 35
327 35
328 35
329 35
330 35
331 35
332 35
333 35
334 35
335 35
336 35
337 35
338 35
339 35
340 35
341 35
342 35
