1 1042
2 1088
3 1208
4 1290
5 1334
6 1436
7 1482
8 1512
9 1596
10 1634
11 1689
12 1724
13 1791
14 1829
15 1930
16 2056
17 2164
18 2263
19 2324
20 2493
21 2603
22 2633
23 2779
24 2897
25 2969
26 3082
27 3200
28 3286
29 3425
30 3551
31 3804
32 4002
33 4157
34 4244
35 4485
36 4545
37 4715
38 4908
39 5080
40 5366
41 5541
42 5633
43 5770
44 5802
45 5961
46 6048
47 6154
48 6285
49 6506
50 6584
51 6801
52 7041
53 7308
54 7508
55 7671
56 7923
57 8030
58 8368
59 8691
60 9058
61 9332
62 9680
63 9899
64 10011
65 10414
66 10915
67 11368
68 11919
69 12333
70 12809
71 13058
72 13582
73 14261
74 15065
75 15670
76 16303
77 16847
78 17046
79 17470
80 18142
81 18459
82 19252
83 20095
84 20714
85 21332
86 21820
87 22276
88 22797
89 23360
90 23989
91 24374
92 24714
93 25306
94 26126
95 26963
96 27679
97 28385
98 28927
99 29259
100 29906
101 30696
102 31484
103 32148
104 32793
105 33409
106 33907
107 34667
108 35432
109 36092
110 36735
111 37431
112 37910
113 38263
114 38904
115 39425
116 39993
117 40461
118 41003
119 41499
120 41725
121 42089
122 42726
123 43253
124 43648
125 44031
126 44464
127 44723
128 45113
129 45659
130 46006
131 46242
132 46551
133 46932
134 47207
135 47486
136 47923
137 48331
138 48725
139 49090
140 49362
141 49649
142 49890
143 50084
144 50373
145 50769
146 51206
147 51424
148 51644
149 51966
150 52407
151 52737
152 53061
153 53526
154 53780
155 54022
156 54351
157 54782
158 55054
159 55411
160 55670
161 55901
162 56089
163 56441
164 56904
165 57329
166 57693
167 58075
168 58345
169 58575
170 58966
171 59412
172 59844
173 60185
174 60503
175 60768
176 60954
177 61303
178 61735
179 62082
180 62435
181 62790
182 63092
183 63271
184 63746
185 64168
186 64583
187 64992
188 65466
189 65750
190 66021
191 66502
192 66862
193 67294
194 67715
195 68241
196 68612
197 68868
