1 x
2 x
3 x
4 x
5 x
6 x
7 x
8 x
9 x
10 x
11 x
12 x
13 x
14 x
15 x
16 x
17 x
18 x
19 x
20 x
21 x
22 x
23 x
24 x
25 x
26 x
27 x
28 x
29 x
30 x
31 x
32 x
33 x
34 x
35 x
36 x
37 x
38 x
39 x
40 x
41 x
42 x
43 x
44 x
45 x
46 x
47 x
48 x
49 x
50 x
51 x
52 x
53 x
54 x
55 x
56 x
57 x
58 x
59 x
60 x
61 x
62 x
63 x
64 x
65 x
66 x
67 x
68 x
69 x
70 x
71 x
72 x
73 x
74 x
75 x
76 x
77 x
78 x
79 x
80 x
81 x
82 x
83 x
84 x
85 x
86 x
87 x
88 x
89 x
90 x
91 74033
92 74033
93 74033
94 74033
95 74033
96 74033
97 74033
98 74033
99 74033
100 74033
101 74033
102 74033
103 74033
104 74033
105 74033
106 74033
107 74033
108 74033
109 74033
110 74033
111 74033
112 74033
113 74033
114 74033
115 74033
116 74033
117 74033
118 74033
119 74033
120 74033
121 74033
122 74033
123 74033
124 74033
125 74033
126 74033
127 74033
128 74033
129 74033
130 74033
131 74033
132 74033
133 74033
134 74033
135 74033
136 74033
137 74033
138 74033
139 74033
140 74033
141 74033
142 74033
143 74033
144 74033
145 74033
146 74033
147 74033
148 74033
149 74033
150 74033
151 74033
152 74033
153 74033
154 74033
155 74033
156 74033
157 74033
158 74033
159 74033
160 74033
161 74033
162 74033
163 74033
164 74033
165 74033
166 74033
167 74033
168 74033
169 74033
170 74033
171 74033
172 74033
173 74033
174 74033
175 74033
176 74033
177 74033
178 74033
179 74033
180 74033
181 74033
182 74033
183 74033
184 74033
185 74033
186 74033
187 74033
188 74033
189 74033
190 74033
191 74033
192 74033
193 74033
194 74033
195 74033
196 74033
197 74033
198 74033
199 74033
200 74033
201 74033
202 74033
203 74033
204 74033
205 74033
206 74033
207 74033
208 74033
209 74033
210 74033
211 74033
212 74033
213 74033
214 74033
215 74033
216 74033
217 74033
218 74033
219 74033
220 74033
221 74033
222 74033
223 74033
224 74033
225 74033
226 74033
227 74033
228 74033
229 74033
230 74033
231 74033
232 74033
233 74033
234 74033
235 74033
236 74033
237 74033
238 74033
239 74033
240 74033
241 74033
242 74033
243 74033
244 74033
245 74033
246 74033
247 74033
248 74033
249 74033
250 74033
251 74033
252 74033
253 74033
254 74033
255 74033
256 74033
257 74033
258 74033
259 74033
260 74033
261 74033
262 74033
263 74033
264 74033
265 74033
266 74033
267 74033
268 74033
269 74033
270 74033
271 74033
272 74033
273 74033
274 74033
275 74033
276 74033
277 74033
278 74033
279 74033
280 74033
281 74033
282 74033
283 74033
284 74033
285 74033
286 74033
287 74033
288 74033
289 74033
290 74033
291 74033
292 74033
293 74033
294 74033
295 74033
296 74033
297 74033
298 74033
299 74033
300 74033
301 74033
302 74033
303 74033
304 74033
305 74033
306 74033
307 74033
308 74033
309 74033
310 74033
311 74033
312 74033
313 74033
314 74033
315 74033
316 74033
317 74033
318 74033
319 74033
320 74033
321 74033
322 74033
323 74033
324 74033
325 74033
326 74033
327 74033
328 74033
329 74033
330 74033
331 74033
332 74033
333 74033
334 74033
335 74033
336 74033
337 74033
338 74033
339 74033
340 74033
341 74033
342 74033
