1 3447405
2 3447405
3 3447405
4 3447405
5 3447405
6 3447405
7 3447405
8 3447405
9 3447405
10 3447405
11 3447405
12 3447405
13 3447405
14 3447405
15 3447405
16 3447405
17 3447405
18 3447405
19 3447405
20 3447405
21 3447405
22 3447405
23 3447405
24 3447405
25 3447405
26 3447405
27 3447405
28 3447405
29 3447405
30 3447405
31 3447405
32 3447405
33 3447405
34 3447405
35 3447405
36 3447405
37 3447405
38 3447405
39 3447405
40 3447405
41 3447405
42 3447405
43 3447405
44 3447405
45 3447405
46 3447405
47 3447405
48 3447405
49 3447405
50 3447405
51 3447405
52 3447405
53 3447405
54 3447405
55 3447405
56 3447405
57 3447405
58 3447405
59 3447405
60 3447405
61 3447405
62 3447405
63 3447405
64 3447405
65 3447405
66 3447405
67 3447405
68 3447405
69 3447405
70 3447405
71 3447405
72 3447405
73 3447405
74 3447405
75 3447405
76 3447405
77 3447405
78 3447405
79 3447405
80 3447405
81 3447405
82 3447405
83 3447405
84 3447405
85 3447405
86 3447405
87 3447405
88 3447405
89 3447405
90 3447405
91 3447405
92 3447405
93 3447405
94 3447405
95 3447405
96 3447405
97 3447405
98 3447405
99 3447405
100 3447405
101 3447405
102 3447405
103 3447405
104 3447405
105 3447405
106 3447405
107 3447405
108 3447405
109 3447405
110 3447405
111 3447405
112 3447405
113 3447405
114 3447405
115 3447405
116 3447405
117 3447405
118 3447405
119 3447405
120 3447405
121 3447405
122 3447405
123 3447405
124 3447405
125 3447405
126 3447405
127 3447405
128 3447405
129 3447405
130 3447405
131 3447405
132 3447405
133 3447405
134 3447405
135 3447405
136 3447405
137 3447405
138 3447405
139 3447405
140 3447405
141 3447405
142 3447405
143 3447405
144 3447405
145 3447405
146 3447405
147 3447405
148 3447405
149 3447405
150 3447405
151 3447405
152 3447405
153 3447405
154 3447405
155 3447405
156 3447405
157 3447405
158 3447405
159 3447405
160 3447405
161 3447405
162 3447405
163 3447405
164 3447405
165 3447405
166 3447405
167 3447405
168 3447405
169 3447405
170 3447405
171 3447405
172 3447405
173 3447405
174 3447405
175 3447405
176 3447405
177 3447405
178 3447405
179 3447405
180 3447405
181 3447405
182 3447405
183 3447405
184 3447405
185 3447405
186 3447405
187 3447405
188 3447405
189 3447405
190 3447405
191 3447405
192 3447405
193 3447405
194 3447405
195 3447405
196 3447405
197 3447405
198 3447405
199 3447405
200 3447405
201 3447405
202 3447405
203 3447405
204 3447405
205 3447405
206 3447405
207 3447405
208 3447405
209 3447405
210 3447405
211 3447405
212 3447405
213 3447405
214 3447405
215 3447405
216 3447405
217 3447405
