1 852043
2 852043
3 852043
4 852043
5 852043
6 852043
7 852043
8 852043
9 852043
10 852043
11 852043
12 852043
13 852043
14 852043
15 852043
16 852043
17 852043
18 852043
19 852043
20 852043
21 852043
22 852043
23 852043
24 852043
25 852043
26 852043
27 852043
28 852043
29 852043
30 852043
31 852043
32 852043
33 852043
34 852043
35 852043
36 852043
37 852043
38 852043
39 852043
40 852043
41 852043
42 852043
43 852043
44 852043
45 852043
46 852043
47 852043
48 852043
49 852043
50 852043
51 852043
52 852043
53 852043
54 852043
55 852043
56 852043
57 852043
58 852043
59 852043
60 852043
61 852043
62 852043
63 852043
64 852043
65 852043
66 852043
67 852043
68 852043
69 852043
70 852043
71 852043
72 852043
73 852043
74 852043
75 852043
76 852043
77 852043
78 852043
79 852043
80 852043
81 852043
82 852043
83 852043
84 852043
85 852043
86 852043
87 852043
88 852043
89 852043
90 852043
91 852043
92 852043
93 852043
94 852043
95 852043
96 852043
97 852043
98 852043
99 852043
100 852043
101 852043
102 852043
103 852043
104 852043
105 852043
106 852043
107 852043
108 852043
109 852043
110 852043
111 852043
112 852043
113 852043
114 852043
115 852043
116 852043
117 852043
118 852043
119 852043
120 852043
121 852043
122 852043
123 852043
124 852043
125 852043
126 852043
127 852043
