1 823
2 835
3 841
4 845
5 859
6 879
7 893
8 904
9 919
10 929
11 954
12 974
13 981
14 994
15 1002
16 1019
17 1022
18 1029
19 1030
20 1032
21 1041
22 1045
23 1049
24 1054
25 1056
26 1059
27 1061
28 1064
29 1069
30 1074
31 1076
32 1079
33 1083
34 1085
35 1092
36 1094
37 1095
38 1099
39 1104
40 1108
41 1109
42 1112
43 1118
44 1120
45 1124
46 1126
47 1134
48 1175
49 1177
50 1179
51 1180
52 1191
53 1193
54 1203
55 1236
56 1236
57 1238
58 1252
59 1256
60 1258
61 1266
62 1266
63 1279
64 1292
65 1301
66 1309
67 1317
68 1322
69 1323
70 1323
71 1332
72 1341
73 1351
74 1353
75 1369
76 1385
77 1404
78 1404
79 1409
80 1409
81 1419
82 1421
83 1422
84 1432
85 1444
86 1450
87 1451
88 1456
89 1461
90 1464
91 1466
92 1466
93 1471
94 1471
95 1486
96 1486
97 1486
98 1486
99 1487
100 1487
101 1487
102 1491
103 1493
104 1495
105 1500
106 1508
107 1509
108 1517
109 1519
110 1520
111 1521
112 1521
113 1522
114 1522
115 1522
116 1523
117 1523
118 1525
