1 2205170
2 2205170
3 2205170
4 2205170
5 2205170
6 2205170
7 2205170
8 2205170
9 2205170
10 2205170
11 2205170
12 2205170
13 2205170
14 2205170
15 2205170
16 2205170
17 2205170
18 2205170
19 2205170
20 2205170
21 2205170
22 2205170
23 2205170
24 2205170
25 2205170
26 2205170
27 2205170
28 2205170
29 2205170
30 2205170
31 2205170
32 2205170
33 2205170
34 2205170
35 2205170
36 2205170
37 2205170
38 2205170
39 2205170
40 2205170
41 2205170
42 2205170
43 2205170
44 2205170
45 2205170
46 2205170
47 2205170
48 2205170
49 2205170
50 2205170
51 2205170
52 2205170
53 2205170
54 2205170
55 2205170
56 2205170
57 2205170
58 2205170
59 2205170
60 2205170
61 2205170
62 2205170
63 2205170
64 2205170
65 2205170
66 2205170
67 2205170
68 2205170
69 2205170
70 2205170
71 2205170
72 2205170
73 2205170
74 2205170
75 2205170
76 2205170
77 2205170
78 2205170
79 2205170
80 2205170
81 2205170
82 2205170
83 2205170
84 2205170
85 2205170
86 2205170
87 2205170
88 2205170
89 2205170
90 2205170
91 2205170
92 2205170
93 2205170
94 2205170
95 2205170
96 2205170
97 2205170
98 2205170
99 2205170
100 2205170
101 2205170
102 2205170
103 2205170
104 2205170
105 2205170
106 2205170
107 2205170
108 2205170
109 2205170
110 2205170
111 2205170
112 2205170
113 2205170
114 2205170
115 2205170
116 2205170
117 2205170
118 2205170
119 2205170
120 2205170
121 2205170
122 2205170
123 2205170
124 2205170
125 2205170
126 2205170
127 2205170
128 2205170
129 2205170
130 2205170
131 2205170
132 2205170
133 2205170
134 2205170
135 2205170
136 2205170
137 2205170
138 2205170
139 2205170
140 2205170
141 2205170
142 2205170
143 2205170
144 2205170
145 2205170
146 2205170
147 2205170
148 2205170
149 2205170
150 2205170
151 2205170
152 2205170
153 2205170
154 2205170
155 2205170
156 2205170
157 2205170
158 2205170
159 2205170
160 2205170
161 2205170
162 2205170
163 2205170
164 2205170
165 2205170
166 2205170
167 2205170
