1 583
2 610
3 615
4 661
5 671
6 678
7 689
8 763
9 785
10 788
11 883
12 897
13 903
14 1142
15 1150
16 1255
17 1288
18 1501
19 1597
20 1695
21 1755
22 1831
23 1933
24 1968
25 2027
26 2316
27 2355
28 2463
29 2589
30 2644
31 2650
32 2661
33 2762
34 3014
35 3113
36 3220
37 3445
38 3766
39 3954
40 4045
41 4199
42 4355
43 4357
44 4527
45 4528
46 5695
47 6299
48 6561
49 6763
50 6845
51 7114
52 7276
53 7517
54 7761
55 8006
56 8224
57 8787
58 8898
59 9180
60 9429
61 9900
62 10480
63 11129
64 11564
65 12238
66 12676
67 13062
68 13522
69 13969
70 14306
71 14420
72 14776
73 15117
74 15408
75 15829
76 16317
77 16668
78 17115
79 17537
80 18002
81 18402
82 18850
83 19295
84 19743
85 20136
86 20619
87 20857
88 21181
89 21500
90 21763
91 22097
92 22354
93 22736
94 22944
95 23284
96 23680
97 24003
98 24407
99 24764
100 25131
101 25524
102 25916
103 26296
104 26658
105 27350
106 27583
107 27898
108 28221
109 28457
110 28677
111 28933
112 29279
113 29520
114 29607
115 29852
116 30223
117 30405
118 30714
119 31020
120 31276
121 31678
122 32121
123 32493
124 32866
125 33340
126 33470
127 33683
128 33980
129 34195
130 34552
131 34867
132 35294
133 35736
134 36191
135 36555
136 36870
137 37196
138 37504
139 37853
140 38175
141 38512
142 38797
143 39094
144 39336
145 39629
146 39900
147 40182
148 40439
149 40659
150 40897
151 41081
152 41312
153 41509
154 41723
155 41948
156 42123
157 42273
158 42465
159 42597
160 42676
161 42900
162 43098
163 43259
164 43387
165 43541
166 43692
167 43853
168 43994
169 44168
170 44290
171 44419
172 44536
173 44692
174 44822
175 44983
176 45125
177 45256
178 45394
179 45518
180 45659
181 45763
182 45894
183 46019
184 46157
185 46291
186 46408
187 46509
188 46640
189 46718
190 46802
191 46881
192 46946
193 47027
194 47122
195 47232
196 47328
197 47413
198 47496
199 47570
200 47633
201 47702
202 47776
203 47855
204 47931
205 48014
206 48085
207 48139
208 48191
209 48247
210 48301
211 48353
212 48427
213 48479
214 48548
215 48630
216 48698
217 48764
218 48840
219 48936
220 49034
221 49125
222 49200
223 49259
224 49301
225 49347
226 49389
227 49441
228 49500
229 49570
230 49625
231 49663
232 49708
233 49764
234 49814
235 49876
236 49914
237 49964
238 50020
239 50065
240 50102
241 50141
242 50192
243 50250
244 50293
245 50334
246 50390
247 50452
248 50512
