1 16
2 16
3 16
4 16
5 16
6 16
7 17
8 17
9 17
10 17
11 17
12 17
13 17
14 17
15 18
16 18
17 18
18 18
19 19
20 19
21 19
22 19
23 19
24 19
25 20
26 20
27 20
28 20
29 20
30 20
31 20
32 20
33 21
34 21
35 21
36 21
37 21
38 21
39 21
40 22
41 24
42 24
43 24
44 24
45 24
46 25
47 26
48 26
49 26
50 26
51 26
52 26
53 26
54 27
55 27
56 27
57 27
58 27
59 28
60 28
61 29
62 29
63 29
64 29
65 29
66 29
67 29
68 29
69 29
70 29
71 30
72 30
73 30
74 30
75 30
76 31
77 32
78 32
79 32
80 32
81 32
82 32
83 33
84 33
85 33
86 33
87 33
88 33
89 33
90 33
91 34
92 34
93 34
94 34
95 34
96 34
97 34
98 34
99 34
100 34
101 34
102 34
103 34
104 34
105 34
106 34
107 34
108 35
109 35
110 36
111 36
112 36
113 36
114 36
115 36
116 36
117 36
118 36
119 36
120 36
121 36
122 36
123 37
124 37
125 37
126 37
127 37
128 38
129 38
130 38
131 38
132 38
133 38
134 38
135 38
136 38
137 38
138 38
139 38
140 38
141 38
142 38
143 38
144 38
145 38
146 38
147 38
148 38
149 38
150 38
151 38
152 38
153 38
154 38
155 38
156 38
157 38
158 38
159 38
160 38
161 38
162 38
