1 1755873
2 1755873
3 1755873
4 1755873
5 1755873
6 1755873
7 1755873
8 1755873
9 1755873
10 1755873
11 1755873
12 1755873
13 1755873
14 1755873
15 1755873
16 1755873
17 1755873
18 1755873
19 1755873
20 1755873
21 1755873
22 1755873
23 1755873
24 1755873
25 1755873
26 1755873
27 1755873
28 1755873
29 1755873
30 1755873
31 1755873
32 1755873
33 1755873
34 1755873
35 1755873
36 1755873
37 1755873
38 1755873
39 1755873
40 1755873
41 1755873
42 1755873
43 1755873
44 1755873
45 1755873
46 1755873
47 1755873
48 1755873
49 1755873
50 1755873
51 1755873
52 1755873
53 1755873
54 1755873
55 1755873
56 1755873
57 1755873
58 1755873
59 1755873
60 1755873
61 1755873
62 1755873
63 1755873
64 1755873
65 1755873
66 1755873
67 1755873
68 1755873
69 1755873
70 1755873
71 1755873
72 1755873
73 1755873
74 1755873
75 1755873
76 1755873
77 1755873
78 1755873
79 1755873
80 1755873
81 1755873
82 1755873
83 1755873
84 1755873
85 1755873
86 1755873
87 1755873
88 1755873
89 1755873
90 1755873
91 1755873
92 1755873
93 1755873
94 1755873
95 1755873
96 1755873
97 1755873
98 1755873
99 1755873
100 1755873
101 1755873
102 1755873
103 1755873
104 1755873
105 1755873
106 1755873
107 1755873
108 1755873
109 1755873
110 1755873
111 1755873
112 1755873
113 1755873
114 1755873
115 1755873
116 1755873
117 1755873
118 1755873
119 1755873
120 1755873
121 1755873
122 1755873
123 1755873
124 1755873
125 1755873
126 1755873
127 1755873
128 1755873
129 1755873
130 1755873
131 1755873
132 1755873
133 1755873
134 1755873
135 1755873
136 1755873
137 1755873
138 1755873
139 1755873
140 1755873
141 1755873
142 1755873
143 1755873
144 1755873
145 1755873
146 1755873
147 1755873
148 1755873
149 1755873
150 1755873
151 1755873
152 1755873
153 1755873
154 1755873
155 1755873
156 1755873
157 1755873
158 1755873
159 1755873
160 1755873
161 1755873
162 1755873
163 1755873
164 1755873
165 1755873
166 1755873
167 1755873
168 1755873
169 1755873
170 1755873
171 1755873
172 1755873
173 1755873
