1 x
2 x
3 x
4 x
5 x
6 x
7 x
8 x
9 x
10 x
11 x
12 x
13 x
14 x
15 x
16 x
17 x
18 x
19 x
20 x
21 x
22 x
23 x
24 x
25 x
26 x
27 x
28 x
29 x
30 x
31 x
32 x
33 x
34 x
35 x
36 x
37 x
38 x
39 x
40 x
41 x
42 x
43 x
44 x
45 x
46 x
47 x
48 x
49 x
50 x
51 x
52 x
53 x
54 x
55 x
56 x
57 x
58 x
59 x
60 x
61 x
62 x
63 x
64 x
65 x
66 x
67 x
68 x
69 x
70 x
71 x
72 x
73 x
74 x
75 x
76 x
77 x
78 x
79 x
80 x
81 x
82 x
83 x
84 x
85 x
86 x
87 x
88 x
89 x
90 x
91 x
92 x
93 x
94 x
95 x
96 x
97 x
98 x
99 x
100 x
101 x
102 23
103 23
104 23
105 23
106 23
107 23
108 23
109 23
110 33
111 33
112 33
113 45
114 45
115 47
116 48
117 48
118 48
119 48
120 48
121 48
122 48
123 60
124 63
125 63
126 63
127 63
128 63
129 66
130 66
131 67
132 87
133 97
134 98
135 98
136 98
137 101
138 101
139 108
140 108
141 108
142 108
143 108
144 108
145 108
146 120
147 122
148 124
149 124
150 124
151 144
152 157
153 165
154 168
155 173
156 173
157 173
158 173
159 174
160 174
161 263
162 268
163 263
164 263
165 263
166 265
167 283
168 283
169 283
170 287
171 288
172 288
173 288
174 288
175 289
176 289
177 290
178 290
179 290
180 295
181 295
182 298
183 298
184 298
185 299
186 300
187 300
188 300
189 313
190 313
191 314
192 314
193 318
194 319
195 319
196 321
197 323
198 323
199 324
200 325
201 325
202 326
203 328
204 330
205 331
206 333
207 333
208 333
209 333
210 335
211 337
212 338
213 339
214 340
215 341
216 341
217 341
218 409
219 410
220 410
221 410
222 410
223 418
224 420
225 420
226 421
227 422
228 422
229 423
230 423
231 424
232 438
233 443
234 446
235 455
236 464
237 466
238 471
239 476
240 477
241 477
242 479
243 502
244 504
245 512
246 490
247 493
248 493
249 495
250 496
251 496
252 498
253 500
254 501
255 504
256 558
257 561
258 561
259 565
260 569
261 570
262 572
263 573
264 574
265 574
266 574
267 574
268 576
269 577
270 577
271 577
272 578
273 579
274 581
275 595
276 596
277 596
278 596
279 597
280 597
281 597
282 600
283 600
284 600
285 600
286 600
287 600
288 600
289 600
290 600
291 600
292 600
293 600
294 600
295 602
296 603
297 603
298 603
299 603
300 603
301 603
302 603
303 603
304 603
305 603
306 603
307 603
308 603
309 603
310 603
311 603
312 603
313 603
314 604
315 604
316 604
317 604
318 604
319 604
320 604
321 604
322 604
323 605
324 605
325 605
326 605
327 605
328 605
329 605
330 605
331 605
332 605
333 605
334 605
335 605
336 605
337 605
338 605
339 605
340 605
341 605
342 605
