1 x
2 x
3 x
4 x
5 x
6 x
7 x
8 x
9 x
10 x
11 x
12 x
13 x
14 x
15 x
16 x
17 x
18 x
19 x
20 x
21 x
22 x
23 x
24 x
25 x
26 x
27 x
28 x
29 x
30 x
31 x
32 x
33 x
34 x
35 x
36 x
37 x
38 x
39 x
40 x
41 x
42 x
43 x
44 x
45 x
46 x
47 x
48 x
49 x
50 x
51 x
52 x
53 x
54 x
55 x
56 x
57 x
58 x
59 x
60 x
61 x
62 x
63 x
64 x
65 x
66 x
67 x
68 x
69 x
70 x
71 x
72 x
73 x
74 x
75 x
76 x
77 x
78 x
79 x
80 x
81 x
82 x
83 x
84 x
85 x
86 x
87 x
88 x
89 x
90 x
91 x
92 x
93 x
94 x
95 x
96 x
97 x
98 x
99 x
100 x
101 x
102 x
103 x
104 x
105 x
106 x
107 x
108 x
109 x
110 x
111 x
112 x
113 x
114 x
115 x
116 x
117 x
118 x
119 x
120 x
121 x
122 3
123 3
124 3
125 3
126 4
127 5
128 5
129 6
130 6
131 6
132 6
133 7
134 7
135 7
136 7
137 7
138 11
139 11
140 11
141 11
142 11
143 21
144 21
145 23
146 23
147 23
148 27
149 27
150 27
151 27
152 29
153 29
154 29
155 32
156 34
157 34
158 34
159 34
160 34
161 34
162 34
163 34
164 37
165 37
166 37
167 41
168 38
169 42
170 42
171 43
172 44
173 44
174 46
175 54
176 75
177 80
178 84
179 91
180 94
181 116
182 147
183 151
184 160
185 167
186 170
187 179
188 181
189 203
190 224
191 227
192 250
193 262
194 278
195 279
196 289
197 313
198 323
199 335
200 335
201 337
202 352
203 365
204 370
205 408
206 415
207 427
208 427
209 434
210 436
211 436
212 436
213 456
214 460
215 465
216 482
217 485
218 509
219 511
220 512
221 512
222 515
223 516
224 529
225 531
226 540
227 540
228 546
229 549
230 550
231 551
232 552
233 559
234 560
235 561
236 569
237 571
238 573
239 575
240 580
241 581
242 586
243 591
244 598
245 604
246 607
247 618
248 620
249 626
250 626
251 628
252 648
253 649
254 652
255 655
256 657
257 673
258 675
259 678
260 683
261 692
262 700
263 702
264 724
265 727
266 730
267 732
268 739
269 740
270 746
271 747
272 752
273 762
274 775
275 786
276 790
277 805
278 812
279 814
280 820
281 823
282 824
283 833
284 833
285 834
286 840
287 842
288 842
289 863
290 866
291 866
292 870
293 880
294 881
295 881
296 882
297 885
298 885
299 885
300 887
301 888
302 889
303 902
304 902
305 903
306 903
307 903
308 906
309 906
310 908
311 908
312 908
313 909
314 910
315 910
316 910
317 915
318 915
319 915
320 915
321 916
322 916
323 916
324 916
325 916
326 917
327 917
328 917
329 919
330 919
331 920
332 920
333 920
334 939
335 940
336 940
337 940
338 940
339 941
340 941
341 941
342 942
