1 x
2 x
3 x
4 x
5 x
6 x
7 x
8 x
9 x
10 x
11 x
12 x
13 x
14 x
15 x
16 x
17 x
18 x
19 x
20 x
21 x
22 x
23 x
24 x
25 x
26 x
27 x
28 x
29 x
30 x
31 x
32 x
33 x
34 x
35 x
36 x
37 x
38 x
39 x
40 x
41 x
42 x
43 x
44 x
45 x
46 x
47 x
48 x
49 x
50 x
51 x
52 x
53 x
54 x
55 x
56 x
57 x
58 x
59 x
60 x
61 x
62 x
63 x
64 x
65 x
66 x
67 x
68 x
69 x
70 x
71 x
72 x
73 x
74 x
75 x
76 x
77 x
78 x
79 x
80 x
81 x
82 x
83 x
84 x
85 x
86 x
87 x
88 x
89 x
90 x
91 x
92 x
93 x
94 x
95 x
96 x
97 x
98 x
99 x
100 x
101 x
102 x
103 x
104 x
105 x
106 x
107 x
108 x
109 x
110 x
111 x
112 x
113 x
114 x
115 x
116 x
117 x
118 x
119 x
120 x
121 x
122 x
123 x
124 x
125 x
126 x
127 x
128 x
129 1
130 1
131 1
132 1
133 1
134 1
135 1
136 1
137 1
138 9
139 9
140 9
141 9
142 9
143 9
144 9
145 9
146 9
147 9
148 9
149 10
150 10
151 15
152 15
153 15
154 15
155 16
156 16
157 16
158 16
159 16
160 16
161 18
162 18
163 18
164 18
165 23
166 29
167 29
168 29
169 29
170 29
171 30
172 30
173 30
174 32
175 32
176 32
177 32
178 32
179 32
180 32
181 32
182 32
183 32
184 32
185 32
186 32
187 32
188 32
189 32
190 32
191 32
192 32
193 32
194 32
195 32
196 32
197 32
198 32
199 32
200 33
201 33
202 33
203 33
204 34
205 34
206 34
207 34
208 34
209 34
210 34
211 34
212 34
213 34
214 34
215 34
216 34
217 34
218 34
219 34
220 34
221 34
222 34
223 34
224 36
225 36
226 36
227 36
228 36
229 36
230 36
231 36
232 36
233 36
234 36
235 36
236 36
237 36
238 36
239 37
240 37
241 37
242 37
243 37
244 37
245 37
246 36
247 36
248 36
249 36
250 36
251 36
252 36
253 36
254 36
255 36
256 36
257 36
258 36
259 36
260 36
261 37
262 37
263 37
264 37
265 37
266 37
267 37
268 37
269 37
270 37
271 37
272 37
273 37
274 37
275 40
276 41
277 42
278 43
279 43
280 43
281 43
282 44
283 44
284 44
285 44
286 44
287 44
288 44
289 44
290 44
291 44
292 44
293 44
294 44
295 44
296 44
297 44
298 44
299 44
300 44
301 44
302 44
303 44
304 44
305 44
306 44
307 44
308 44
309 44
310 44
311 44
312 44
313 47
314 47
315 47
316 47
317 47
318 47
319 47
320 47
321 47
322 47
323 47
324 47
325 47
326 47
327 47
328 47
329 47
330 47
331 47
332 47
333 47
334 47
335 47
336 47
337 47
338 47
339 47
340 47
341 47
342 47
