1 x
2 x
3 x
4 x
5 x
6 x
7 x
8 x
9 x
10 x
11 x
12 x
13 x
14 x
15 x
16 x
17 x
18 x
19 x
20 x
21 x
22 x
23 x
24 x
25 x
26 x
27 x
28 x
29 x
30 x
31 x
32 x
33 x
34 x
35 x
36 x
37 x
38 x
39 x
40 x
41 x
42 x
43 x
44 x
45 x
46 x
47 x
48 x
49 x
50 x
51 x
52 x
53 x
54 x
55 x
56 x
57 x
58 x
59 x
60 x
61 3
62 3
63 5
64 6
65 6
66 6
67 6
68 10
69 11
70 11
71 11
72 12
73 13
74 13
75 13
76 13
77 13
78 14
79 14
80 14
81 14
82 14
83 14
84 14
85 14
86 14
87 17
88 17
89 21
90 21
91 21
92 21
93 21
94 22
95 23
96 23
97 23
98 23
99 23
100 23
101 23
102 23
103 23
104 23
105 32
106 32
107 32
108 33
109 33
110 33
111 33
112 34
113 35
114 35
115 35
116 35
117 36
118 36
119 37
120 37
121 37
122 37
123 37
124 37
125 37
126 37
127 37
128 39
129 43
130 43
131 43
132 43
133 50
134 51
135 52
136 52
137 54
138 55
139 55
140 56
141 56
142 56
143 60
144 60
145 66
146 69
147 69
148 70
149 76
150 80
151 82
152 82
153 97
154 98
155 100
156 107
157 108
158 114
159 121
160 121
161 149
162 149
163 157
164 166
165 171
166 171
167 177
168 177
169 181
170 184
171 189
172 193
173 195
174 197
175 198
176 205
177 208
178 208
179 214
180 214
181 214
182 224
183 227
184 234
185 237
186 237
187 246
188 246
189 250
190 250
191 255
192 263
193 273
194 284
195 286
196 297
197 297
198 311
199 317
200 322
201 329
202 334
203 336
204 348
205 348
206 357
207 365
208 371
209 380
210 384
211 392
212 396
213 400
214 403
215 403
216 410
217 410
218 417
219 422
220 428
221 428
222 434
223 439
224 451
225 453
226 457
227 460
228 465
229 468
230 468
231 483
232 486
233 488
234 493
235 494
236 495
237 495
238 499
239 500
240 504
241 512
242 516
243 525
244 525
245 530
246 532
247 536
248 538
249 539
250 539
251 544
252 548
253 556
254 558
255 565
256 566
257 574
258 576
259 582
260 661
261 664
262 665
263 668
264 670
265 673
266 677
267 682
268 690
269 691
270 693
271 693
272 695
273 697
274 698
275 701
276 702
277 706
278 713
279 722
280 722
281 724
282 733
283 742
284 745
285 749
286 754
287 758
288 758
289 767
290 767
291 777
292 786
293 790
294 790
295 801
296 802
297 805
298 813
299 818
300 828
301 830
302 834
303 836
304 839
305 839
306 841
307 843
308 843
309 846
310 848
311 849
312 849
313 853
314 853
315 856
316 861
317 861
318 861
319 861
320 861
321 868
322 872
323 872
324 872
325 876
326 876
327 876
328 878
329 882
330 890
331 891
332 894
333 894
334 894
335 894
336 894
337 899
338 904
339 904
340 904
341 904
342 904
