1 541
2 541
3 593
4 619
5 675
6 690
7 742
8 744
9 751
10 766
11 855
12 863
13 906
14 1077
15 1113
16 1311
17 1363
18 1442
19 1535
20 1645
21 1778
22 1867
23 1972
24 2056
25 2217
26 2455
27 2526
28 2643
29 2850
30 3037
31 3213
32 3387
33 3567
34 3929
35 4124
36 4470
37 4722
38 4974
39 5232
40 5398
41 5717
42 5968
43 6181
44 6550
45 6752
46 6956
47 7084
48 7461
49 7649
50 7864
51 8168
52 8390
53 8706
54 8915
55 9202
56 9439
57 9652
58 9946
59 10197
60 10560
61 10572
62 11036
63 11286
64 11451
65 11682
66 11918
67 12174
68 12386
69 12739
70 12926
71 13025
72 13228
73 13502
74 13620
75 13732
76 13881
77 14030
78 14172
79 14278
80 14451
81 14473
82 14653
83 15086
84 15193
85 15387
86 15522
87 15685
88 15824
89 15987
90 16124
91 16191
92 16319
93 16481
94 16553
95 16727
96 16793
97 16924
98 17061
99 17184
100 17328
101 17479
102 17614
103 17677
104 17788
105 17919
106 18011
107 18129
108 18193
109 18261
110 18305
111 18392
112 18450
113 18502
114 18549
115 18596
116 18646
117 18740
118 18774
119 18827
120 18870
121 18892
122 18925
123 18956
124 18982
125 19016
126 19056
127 19106
128 19144
129 19179
130 19195
131 19137
132 19165
133 19206
134 19250
135 19297
136 19332
137 19377
138 19404
139 19450
140 19494
141 19535
142 19564
143 19596
144 19631
145 19661
146 19703
147 19727
148 19750
149 19781
150 19823
151 19867
152 19892
153 19939
154 19986
155 20020
156 20049
157 20078
158 20112
159 20186
160 20204
161 20231
162 20266
163 20315
164 20338
165 20367
166 20367
167 20416
168 20445
169 20464
170 20489
171 20514
172 20534
173 20553
174 20574
175 20605
176 20627
177 20656
178 20686
179 20707
180 20751
181 20766
182 20786
183 20809
184 20830
185 20837
186 20866
187 20877
188 20883
189 20894
190 20877
191 20891
192 20893
193 20903
194 20910
195 20925
196 20930
197 20940
198 20950
