1 3495021
2 3495021
3 3495021
4 3495021
5 3495021
6 3495021
7 3495021
8 3495021
9 3495021
10 3495021
11 3495021
12 3495021
13 3495021
14 3495021
15 3495021
16 3495021
17 3495021
18 3495021
19 3495021
20 3495021
21 3495021
22 3495021
23 3495021
24 3495021
25 3495021
26 3495021
27 3495021
28 3495021
29 3495021
30 3495021
31 3495021
32 3495021
33 3495021
34 3495021
35 3495021
36 3495021
37 3495021
38 3495021
39 3495021
40 3495021
41 3495021
42 3495021
43 3495021
44 3495021
45 3495021
46 3495021
47 3495021
48 3495021
49 3495021
50 3495021
51 3495021
52 3495021
53 3495021
54 3495021
55 3495021
56 3495021
57 3495021
58 3495021
59 3495021
60 3495021
61 3495021
62 3495021
63 3495021
64 3495021
65 3495021
66 3495021
67 3495021
68 3495021
69 3495021
70 3495021
71 3495021
72 3495021
73 3495021
74 3495021
75 3495021
76 3495021
77 3495021
78 3495021
79 3495021
80 3495021
81 3495021
82 3495021
83 3495021
84 3495021
85 3495021
86 3495021
87 3495021
88 3495021
89 3495021
90 3495021
91 3495021
92 3495021
93 3495021
94 3495021
95 3495021
96 3495021
97 3495021
98 3495021
99 3495021
100 3495021
101 3495021
102 3495021
103 3495021
104 3495021
105 3495021
106 3495021
107 3495021
108 3495021
109 3495021
110 3495021
111 3495021
112 3495021
113 3495021
114 3495021
115 3495021
116 3495021
117 3495021
118 3495021
119 3495021
120 3495021
121 3495021
122 3495021
123 3495021
124 3495021
125 3495021
126 3495021
127 3495021
128 3495021
129 3495021
130 3495021
131 3495021
132 3495021
133 3495021
134 3495021
135 3495021
136 3495021
137 3495021
138 3495021
139 3495021
140 3495021
141 3495021
142 3495021
143 3495021
144 3495021
145 3495021
146 3495021
147 3495021
148 3495021
149 3495021
150 3495021
151 3495021
152 3495021
153 3495021
154 3495021
155 3495021
156 3495021
157 3495021
158 3495021
159 3495021
160 3495021
161 3495021
162 3495021
163 3495021
164 3495021
165 3495021
166 3495021
167 3495021
168 3495021
169 3495021
170 3495021
171 3495021
172 3495021
173 3495021
174 3495021
175 3495021
176 3495021
177 3495021
178 3495021
179 3495021
180 3495021
181 3495021
182 3495021
183 3495021
184 3495021
185 3495021
186 3495021
187 3495021
188 3495021
189 3495021
