1 1007
2 1074
3 1089
4 1105
5 1119
6 1153
7 1183
8 1211
9 1236
10 1257
11 1287
12 1318
13 1344
14 1373
15 1399
16 1427
17 1450
18 1474
19 1501
20 1530
21 1560
22 1586
23 1611
24 1636
25 1664
26 1694
27 1721
28 1747
29 1773
30 1802
31 1826
32 1858
33 1887
34 1914
35 1942
36 1976
37 2008
38 2038
39 2065
40 2089
41 2119
42 2150
43 2178
44 2205
45 2232
46 2262
47 2295
48 2328
49 2362
50 2387
51 2409
52 2429
53 2450
54 2469
55 2497
56 2521
57 2546
58 2566
59 2585
60 2603
61 2623
62 2642
63 2667
64 2685
65 2704
66 2711
67 2728
68 2745
69 2765
70 2780
71 2797
72 2813
73 2822
74 2836
75 2855
76 2867
77 2876
78 2891
79 2905
80 2911
81 2926
82 2946
83 2958
84 2979
85 2995
86 3009
87 3014
88 3017
89 3028
90 3051
91 3068
92 3089
93 3113
94 3130
95 3148
96 3171
97 3197
98 3217
99 3240
100 3258
101 3276
102 3297
103 3325
104 3345
105 3372
106 3391
107 3413
108 3434
109 3448
110 3464
111 3487
112 3505
113 3531
114 3551
115 3580
116 3597
117 3620
118 3638
119 3645
120 3659
121 3668
122 3677
123 3687
124 3697
125 3708
126 3715
127 3736
128 3745
129 3754
130 3760
131 3765
132 3773
133 3781
134 3787
135 3791
136 3796
137 3799
138 3801
139 3806
140 3808
141 3814
142 3816
143 3821
144 3823
145 3827
146 3837
147 3840
148 3842
149 3847
150 3850
151 3853
152 3855
153 3857
154 3863
155 3868
156 3869
157 3871
158 3873
159 3876
160 3879
161 3885
162 3886
163 3887
164 3888
165 3895
