1 1006
2 1021
3 1030
4 1034
5 1039
6 1071
7 1102
8 1133
9 1143
10 1160
11 1162
12 1175
13 1193
14 1208
15 1263
16 1292
17 1313
18 1321
19 1355
20 1385
21 1422
22 1463
23 1481
24 1524
25 1538
26 1580
27 1611
28 1660
29 1699
30 1748
31 1791
32 1812
33 1881
34 1919
35 1949
36 2014
37 2038
38 2109
39 2149
40 2208
41 2289
42 2367
43 2413
44 2505
45 2574
46 2619
47 2684
48 2756
49 2814
50 2853
51 2896
52 2933
53 2956
54 2999
55 3029
56 3074
57 3107
58 3133
59 3167
60 3196
61 3251
62 3297
63 3330
64 3355
65 3378
66 3415
67 3422
68 3455
69 3486
70 3507
71 3534
72 3549
73 3565
74 3576
75 3592
76 3606
77 3618
78 3639
79 3643
80 3655
81 3663
82 3665
83 3681
84 3698
85 3708
86 3713
87 3727
88 3730
89 3738
90 3742
91 3752
92 3761
93 3767
94 3772
95 3774
96 3781
97 3787
98 3789
99 3796
100 3805
101 3811
102 3812
103 3823
104 3829
105 3838
106 3852
107 3854
108 3855
109 3856
110 3860
111 3866
112 3868
113 3874
114 3876
115 3876
116 3882
117 3888
118 3893
119 3903
120 3903
121 3906
122 3907
123 3907
124 3910
125 3913
126 3913
127 3915
128 3917
129 3919
130 3920
131 3921
132 3922
133 3923
134 3925
135 3925
136 3925
137 3925
138 3925
139 3925
140 3925
141 3925
142 3925
143 3925
144 3925
145 3925
146 3925
147 3926
148 3927
149 3927
150 3927
151 3927
152 3927
153 3927
154 3927
155 3928
156 3928
157 3928
158 3928
159 3928
160 3929
161 3929
162 3929
163 3929
164 3929
165 3929
166 3929
167 3929
168 3929
169 3929
170 3929
171 3929
172 3929
173 3929
174 3929
175 3929
176 3930
177 3930
178 3930
179 3930
