1 1003
2 1052
3 1133
4 1182
5 1228
6 1262
7 1313
8 1371
9 1406
10 1448
11 1489
12 1575
13 1624
14 1628
15 1711
16 1758
17 1796
18 1855
19 1905
20 1946
21 2082
22 2205
23 2244
24 2322
25 2469
26 2610
27 2691
28 2893
29 3073
30 3147
31 3176
32 3313
33 3364
34 3429
35 3494
36 3577
37 3761
38 3800
39 3899
40 4051
41 4137
42 4332
43 4459
44 4592
45 4637
46 4679
47 4721
48 4751
49 4809
50 4851
51 4951
52 5113
53 5231
54 5457
55 5588
56 5782
57 5891
58 6075
59 6308
60 6483
61 6619
62 6839
63 7080
64 7348
65 7697
66 7986
67 8153
68 8395
69 8673
70 9026
71 9445
72 9992
73 10480
74 10858
75 11232
76 11863
77 12376
78 13009
79 13505
80 14001
81 14282
82 14802
83 15452
84 15737
85 16409
86 17086
87 17726
88 18014
89 18620
90 18984
91 19338
92 19986
93 20674
94 21016
95 21287
96 21690
97 22107
98 22572
99 23103
100 23560
101 23934
102 24210
103 24547
104 24996
105 25365
106 25847
107 26343
108 26778
109 27064
110 27495
111 27948
112 28320
113 28784
114 29249
115 29555
116 29780
117 30122
118 30546
119 30980
120 31418
121 31885
122 32301
123 32486
124 32866
125 33243
126 33739
127 34312
128 34790
129 35258
130 35589
131 36042
132 36505
133 36881
134 37232
135 37723
136 38117
137 38359
138 38682
139 39109
140 39484
141 39931
142 40330
143 40671
144 40873
145 41201
146 41544
147 41756
148 42013
149 42449
150 42756
151 42946
152 43295
153 43696
154 44002
155 44367
156 44757
157 45004
158 45309
159 45612
160 45979
161 46292
162 46595
163 46751
164 46981
165 47190
166 47439
167 47777
168 48002
169 48228
170 48468
171 48686
172 48821
173 49080
174 49335
175 49574
176 49841
177 50058
178 50233
179 50409
180 50610
181 50835
182 51045
183 51254
184 51602
185 51778
186 51930
187 52172
188 52409
189 52650
190 52934
191 53168
192 53376
193 53538
194 53797
195 53982
196 54218
197 54477
198 54733
199 54944
200 55089
