1 2
2 2
3 2
4 2
5 2
6 3
7 3
8 3
9 3
10 3
11 3
12 3
13 3
14 3
15 3
16 3
17 3
18 3
19 3
20 3
21 3
22 3
23 3
24 3
25 3
26 3
27 3
28 3
29 3
30 3
31 3
32 3
33 3
34 3
35 3
36 3
37 3
38 3
39 3
40 3
41 3
42 3
43 3
44 3
45 3
46 3
47 3
48 3
49 3
50 3
51 3
52 3
53 3
54 3
55 3
56 3
57 3
58 4
59 4
60 4
61 4
62 5
63 5
64 5
65 5
66 5
67 6
68 6
69 6
70 6
71 7
72 7
73 7
74 7
75 7
76 7
77 7
78 7
79 7
80 7
81 7
82 8
83 8
84 9
85 9
86 9
87 9
88 9
89 9
90 9
91 9
92 9
93 9
94 9
95 9
96 9
97 9
98 9
99 9
100 10
101 10
102 11
103 11
104 11
105 11
106 11
107 11
108 11
109 11
110 11
111 11
112 12
113 12
114 12
115 12
116 12
117 12
118 12
119 12
120 12
121 12
122 12
123 12
124 13
125 13
126 13
127 13
128 13
129 14
130 14
131 14
132 14
133 15
134 15
135 15
136 15
137 15
138 15
139 15
140 16
141 16
142 16
143 16
144 16
145 16
146 17
147 19
148 20
149 20
150 21
151 21
152 22
153 23
154 23
155 24
156 24
157 25
158 25
159 25
160 26
161 27
162 27
163 27
164 29
165 29
166 29
167 29
168 29
169 29
170 30
171 31
172 31
173 31
174 32
175 32
176 32
177 32
178 32
179 32
