1 558
2 558
3 558
4 561
5 637
6 773
7 897
8 931
9 1004
10 1067
11 1110
12 1169
13 1279
14 1375
15 1484
16 1597
17 1693
18 1822
19 1901
20 1955
21 2028
22 2141
23 2228
24 2338
25 2414
26 2477
27 2632
28 2711
29 2754
30 2900
31 3012
32 3142
33 3267
34 3320
35 3453
36 3623
37 3787
38 3954
39 4135
40 4285
41 4397
42 4500
43 4595
44 4707
45 4860
46 5017
47 5204
48 5322
49 5461
50 5602
51 5700
52 5889
53 6077
54 6192
55 6296
56 6399
57 6520
58 6619
59 6675
60 6771
61 6883
62 6977
63 7064
64 7162
65 7313
66 7408
67 7470
68 7588
69 7723
70 7845
71 7917
72 8035
73 8130
74 8222
75 8301
76 8399
77 8477
78 8572
79 8670
80 8769
81 8867
82 8946
83 9034
84 9133
85 9197
86 9269
87 9345
88 9422
89 9501
90 9571
91 9641
92 9712
93 9760
94 9804
95 9859
96 9910
97 9963
98 10003
99 10052
100 10100
101 10124
102 10149
103 10185
104 10233
105 10262
106 10296
107 10324
108 10335
109 10339
110 10349
111 10376
112 10416
113 10452
114 10471
115 10487
116 10511
117 10534
118 10559
119 10586
120 10608
121 10626
122 10654
123 10667
124 10684
125 10728
126 10749
127 10764
128 10780
129 10794
130 10806
131 10818
132 10834
133 10853
134 10863
135 10875
136 10889
137 10899
138 10914
139 10928
140 10934
141 10948
142 10963
143 10971
144 10985
145 10999
146 11013
147 11023
148 11032
149 11042
150 11054
151 11059
152 11068
153 11072
154 11088
155 11101
156 11115
157 11133
158 11136
159 11143
160 11151
161 11162
162 11170
163 11177
164 11188
165 11191
166 11195
167 11198
168 11203
169 11210
170 11221
171 11226
172 11233
173 11236
174 11243
175 11246
176 11253
177 11264
178 11269
179 11270
180 11278
181 11288
182 11296
183 11303
184 11309
185 11313
186 11322
187 11325
188 11330
189 11339
190 11342
191 11346
192 11352
193 11359
194 11364
195 11365
196 11367
197 11369
198 11375
