1 1070144
2 1070144
3 1070144
4 1070144
5 1070144
6 1070144
7 1070144
8 1070144
9 1070144
10 1070144
11 1070144
12 1070144
13 1070144
14 1070144
15 1070144
16 1070144
17 1070144
18 1070144
19 1070144
20 1070144
21 1070144
22 1070144
23 1070144
24 1070144
25 1070144
26 1070144
27 1070144
28 1070144
29 1070144
30 1070144
31 1070144
32 1070144
33 1070144
34 1070144
35 1070144
36 1070144
37 1070144
38 1070144
39 1070144
40 1070144
41 1070144
42 1070144
43 1070144
44 1070144
45 1070144
46 1070144
47 1070144
48 1070144
49 1070144
50 1070144
51 1070144
52 1070144
53 1070144
54 1070144
55 1070144
56 1070144
57 1070144
58 1070144
59 1070144
60 1070144
61 1070144
62 1070144
63 1070144
64 1070144
65 1070144
66 1070144
67 1070144
68 1070144
69 1070144
70 1070144
71 1070144
72 1070144
73 1070144
74 1070144
75 1070144
76 1070144
77 1070144
78 1070144
79 1070144
80 1070144
81 1070144
82 1070144
83 1070144
84 1070144
85 1070144
86 1070144
87 1070144
88 1070144
89 1070144
90 1070144
91 1070144
92 1070144
93 1070144
94 1070144
95 1070144
96 1070144
97 1070144
98 1070144
99 1070144
100 1070144
101 1070144
102 1070144
103 1070144
104 1070144
105 1070144
106 1070144
107 1070144
108 1070144
109 1070144
110 1070144
111 1070144
112 1070144
113 1070144
114 1070144
115 1070144
116 1070144
117 1070144
118 1070144
119 1070144
120 1070144
121 1070144
122 1070144
123 1070144
124 1070144
125 1070144
126 1070144
127 1070144
128 1070144
129 1070144
130 1070144
131 1070144
132 1070144
133 1070144
134 1070144
135 1070144
136 1070144
137 1070144
138 1070144
139 1070144
140 1070144
141 1070144
142 1070144
143 1070144
144 1070144
145 1070144
146 1070144
147 1070144
148 1070144
149 1070144
150 1070144
151 1070144
152 1070144
153 1070144
154 1070144
155 1070144
156 1070144
157 1070144
158 1070144
159 1070144
160 1070144
161 1070144
162 1070144
163 1070144
164 1070144
165 1070144
166 1070144
167 1070144
168 1070144
169 1070144
170 1070144
171 1070144
172 1070144
173 1070144
174 1070144
175 1070144
176 1070144
177 1070144
178 1070144
179 1070144
180 1070144
181 1070144
182 1070144
183 1070144
184 1070144
185 1070144
186 1070144
187 1070144
188 1070144
189 1070144
190 1070144
191 1070144
192 1070144
193 1070144
194 1070144
195 1070144
196 1070144
197 1070144
198 1070144
199 1070144
