1 537
2 619
3 639
4 663
5 744
6 797
7 797
8 879
9 964
10 1020
11 1067
12 1067
13 1158
14 1253
15 1258
16 1330
17 1331
18 1477
19 1763
20 2096
21 2161
22 2234
23 2297
24 2420
25 2431
26 2535
27 2651
28 2782
29 2944
30 3106
31 3246
32 3494
33 3598
34 3660
35 3792
36 4081
37 4284
38 4451
39 4534
40 4666
41 4765
42 4878
43 4959
44 5053
45 5107
46 5196
47 5327
48 5488
49 5593
50 5712
51 5817
52 5936
53 6033
54 6129
55 6236
56 6346
57 6468
58 6560
59 6664
60 6768
61 6866
62 6974
63 7074
64 7204
65 7301
66 7391
67 7486
68 7607
69 7722
70 7822
71 7929
72 8014
73 8113
74 8213
75 8431
76 8569
77 8645
78 8725
79 8796
80 8899
81 8996
82 9114
83 9240
84 9331
85 9432
86 9505
87 9607
88 9716
89 9816
90 9896
91 9937
92 10040
93 10120
94 10212
95 10297
96 10387
97 10457
98 10538
99 10629
100 10706
101 10782
102 10840
103 10912
104 10986
105 11059
106 11150
107 11201
108 11278
109 11343
110 11409
111 11487
112 11552
113 11631
114 11692
115 11702
116 11769
117 11827
118 11891
119 11948
120 12023
121 12093
122 12147
123 12192
124 12233
125 12274
126 12323
127 12355
128 12393
129 12440
130 12471
131 12507
132 12561
133 12580
134 12628
135 12684
136 12722
137 12773
138 12827
139 12874
140 12910
141 12940
142 12965
143 12993
144 13016
145 13032
146 13053
147 13070
148 13089
149 13106
150 13123
151 13146
152 13169
153 13196
154 13227
155 13260
156 13277
157 13302
158 13333
159 13360
160 13379
161 13401
162 13415
163 13444
164 13474
165 13510
166 13529
167 13550
168 13574
169 13587
170 13599
171 13611
172 13632
173 13656
174 13687
175 13708
176 13743
177 13764
178 13783
179 13803
180 13826
181 13852
182 13876
183 13898
184 13927
185 13953
186 13980
187 14002
188 14023
189 14032
190 14044
191 14062
192 14083
193 14107
194 14128
195 14156
196 14190
197 14219
198 14239
199 14251
200 14264
201 14274
202 14286
203 14302
204 14317
205 14330
206 14341
207 14354
208 14368
209 14377
210 14389
211 14403
