1 2820575
2 2820575
3 2820575
4 2820575
5 2820575
6 2820575
7 2820575
8 2820575
9 2820575
10 2820575
11 2820575
12 2820575
13 2820575
14 2820575
15 2820575
16 2820575
17 2820575
18 2820575
19 2820575
20 2820575
21 2820575
22 2820575
23 2820575
24 2820575
25 2820575
26 2820575
27 2820575
28 2820575
29 2820575
30 2820575
31 2820575
32 2820575
33 2820575
34 2820575
35 2820575
36 2820575
37 2820575
38 2820575
39 2820575
40 2820575
41 2820575
42 2820575
43 2820575
44 2820575
45 2820575
46 2820575
47 2820575
48 2820575
49 2820575
50 2820575
51 2820575
52 2820575
53 2820575
54 2820575
55 2820575
56 2820575
57 2820575
58 2820575
59 2820575
60 2820575
61 2820575
62 2820575
63 2820575
64 2820575
65 2820575
66 2820575
67 2820575
68 2820575
69 2820575
70 2820575
71 2820575
72 2820575
73 2820575
74 2820575
75 2820575
76 2820575
77 2820575
78 2820575
79 2820575
80 2820575
81 2820575
82 2820575
83 2820575
84 2820575
85 2820575
86 2820575
87 2820575
88 2820575
89 2820575
90 2820575
91 2820575
92 2820575
93 2820575
94 2820575
95 2820575
96 2820575
97 2820575
98 2820575
99 2820575
100 2820575
101 2820575
102 2820575
103 2820575
104 2820575
105 2820575
106 2820575
107 2820575
108 2820575
109 2820575
110 2820575
111 2820575
112 2820575
113 2820575
114 2820575
115 2820575
116 2820575
117 2820575
118 2820575
119 2820575
120 2820575
121 2820575
122 2820575
123 2820575
124 2820575
125 2820575
126 2820575
127 2820575
128 2820575
129 2820575
130 2820575
131 2820575
132 2820575
133 2820575
134 2820575
135 2820575
136 2820575
137 2820575
138 2820575
139 2820575
140 2820575
141 2820575
142 2820575
143 2820575
144 2820575
145 2820575
146 2820575
147 2820575
148 2820575
149 2820575
150 2820575
151 2820575
152 2820575
153 2820575
154 2820575
155 2820575
156 2820575
157 2820575
158 2820575
159 2820575
160 2820575
161 2820575
162 2820575
163 2820575
164 2820575
165 2820575
166 2820575
167 2820575
168 2820575
169 2820575
170 2820575
171 2820575
172 2820575
173 2820575
174 2820575
175 2820575
176 2820575
177 2820575
178 2820575
179 2820575
180 2820575
181 2820575
182 2820575
183 2820575
184 2820575
185 2820575
186 2820575
187 2820575
188 2820575
189 2820575
190 2820575
191 2820575
192 2820575
193 2820575
194 2820575
195 2820575
196 2820575
