1 1004
2 1006
3 1009
4 1019
5 1032
6 1039
7 1042
8 1045
9 1047
10 1048
11 1041
12 1051
13 1056
14 1061
15 1065
16 1070
17 1070
18 1073
19 1076
20 1077
21 1081
22 1085
23 1089
24 1091
25 1096
26 1102
27 1106
28 1108
29 1112
30 1116
31 1119
32 1122
33 1124
34 1130
35 1130
36 1131
37 1132
38 1133
39 1136
40 1139
41 1141
42 1143
43 1146
44 1148
45 1148
46 1149
47 1154
48 1157
49 1162
50 1165
51 1170
52 1176
53 1177
54 1183
55 1187
56 1190
57 1194
58 1202
59 1203
60 1206
61 1211
62 1213
63 1215
64 1222
65 1225
66 1226
67 1229
68 1232
69 1234
70 1236
71 1237
72 1240
73 1245
74 1250
75 1252
76 1254
77 1255
78 1258
79 1261
80 1264
81 1268
82 1273
83 1276
84 1279
85 1283
86 1289
87 1293
88 1298
89 1302
90 1302
91 1304
92 1306
93 1311
94 1313
95 1317
96 1319
97 1322
98 1324
99 1330
100 1330
101 1333
102 1334
103 1338
104 1340
105 1341
106 1343
107 1346
108 1347
109 1349
110 1353
111 1357
112 1360
113 1362
114 1363
115 1363
116 1363
117 1363
118 1363
119 1363
120 1364
121 1364
122 1364
