1 1072861
2 1072861
3 1072861
4 1072861
5 1072861
6 1072861
7 1072861
8 1072861
9 1072861
10 1072861
11 1072861
12 1072861
13 1072861
14 1072861
15 1072861
16 1072861
17 1072861
18 1072861
19 1072861
20 1072861
21 1072861
22 1072861
23 1072861
24 1072861
25 1072861
26 1072861
27 1072861
28 1072861
29 1072861
30 1072861
31 1072861
32 1072861
33 1072861
34 1072861
35 1072861
36 1072861
37 1072861
38 1072861
39 1072861
40 1072861
41 1072861
42 1072861
43 1072861
44 1072861
45 1072861
46 1072861
47 1072861
48 1072861
49 1072861
50 1072861
51 1072861
52 1072861
53 1072861
54 1072861
55 1072861
56 1072861
57 1072861
58 1072861
59 1072861
60 1072861
61 1072861
62 1072861
63 1072861
64 1072861
65 1072861
66 1072861
67 1072861
68 1072861
69 1072861
70 1072861
71 1072861
72 1072861
73 1072861
74 1072861
75 1072861
76 1072861
77 1072861
78 1072861
79 1072861
80 1072861
81 1072861
82 1072861
83 1072861
84 1072861
85 1072861
86 1072861
87 1072861
88 1072861
89 1072861
90 1072861
91 1072861
92 1072861
93 1072861
94 1072861
95 1072861
96 1072861
97 1072861
98 1072861
99 1072861
100 1072861
101 1072861
102 1072861
103 1072861
104 1072861
105 1072861
106 1072861
107 1072861
108 1072861
109 1072861
110 1072861
111 1072861
112 1072861
113 1072861
114 1072861
115 1072861
116 1072861
117 1072861
118 1072861
119 1072861
120 1072861
121 1072861
122 1072861
123 1072861
124 1072861
125 1072861
126 1072861
127 1072861
128 1072861
129 1072861
130 1072861
131 1072861
132 1072861
133 1072861
134 1072861
135 1072861
136 1072861
137 1072861
138 1072861
139 1072861
140 1072861
141 1072861
142 1072861
143 1072861
144 1072861
145 1072861
146 1072861
147 1072861
148 1072861
149 1072861
150 1072861
151 1072861
152 1072861
153 1072861
154 1072861
155 1072861
156 1072861
157 1072861
