1 3431386
2 3431386
3 3431386
4 3431386
5 3431386
6 3431386
7 3431386
8 3431386
9 3431386
10 3431386
11 3431386
12 3431386
13 3431386
14 3431386
15 3431386
16 3431386
17 3431386
18 3431386
19 3431386
20 3431386
21 3431386
22 3431386
23 3431386
24 3431386
25 3431386
26 3431386
27 3431386
28 3431386
29 3431386
30 3431386
31 3431386
32 3431386
33 3431386
34 3431386
35 3431386
36 3431386
37 3431386
38 3431386
39 3431386
40 3431386
41 3431386
42 3431386
43 3431386
44 3431386
45 3431386
46 3431386
47 3431386
48 3431386
49 3431386
50 3431386
51 3431386
52 3431386
53 3431386
54 3431386
55 3431386
56 3431386
57 3431386
58 3431386
59 3431386
60 3431386
61 3431386
62 3431386
63 3431386
64 3431386
65 3431386
66 3431386
67 3431386
68 3431386
69 3431386
70 3431386
71 3431386
72 3431386
73 3431386
74 3431386
75 3431386
76 3431386
77 3431386
78 3431386
79 3431386
80 3431386
81 3431386
82 3431386
83 3431386
84 3431386
85 3431386
86 3431386
87 3431386
88 3431386
89 3431386
90 3431386
91 3431386
92 3431386
93 3431386
94 3431386
95 3431386
96 3431386
97 3431386
98 3431386
99 3431386
100 3431386
101 3431386
102 3431386
103 3431386
104 3431386
105 3431386
106 3431386
107 3431386
108 3431386
109 3431386
110 3431386
111 3431386
112 3431386
113 3431386
114 3431386
115 3431386
116 3431386
117 3431386
118 3431386
119 3431386
120 3431386
121 3431386
122 3431386
123 3431386
124 3431386
125 3431386
126 3431386
127 3431386
128 3431386
129 3431386
130 3431386
131 3431386
132 3431386
133 3431386
134 3431386
135 3431386
136 3431386
137 3431386
138 3431386
139 3431386
140 3431386
141 3431386
142 3431386
143 3431386
144 3431386
145 3431386
146 3431386
147 3431386
148 3431386
149 3431386
150 3431386
151 3431386
152 3431386
153 3431386
154 3431386
155 3431386
156 3431386
157 3431386
158 3431386
159 3431386
160 3431386
161 3431386
162 3431386
163 3431386
164 3431386
165 3431386
166 3431386
167 3431386
168 3431386
169 3431386
170 3431386
171 3431386
172 3431386
173 3431386
174 3431386
175 3431386
176 3431386
177 3431386
178 3431386
179 3431386
