1 1035
2 1068
3 1107
4 1159
5 1203
6 1253
7 1353
8 1423
9 1506
10 1540
11 1584
12 1624
13 1661
14 1730
15 1764
16 1815
17 1865
18 1946
19 1997
20 2036
21 2065
22 2111
23 2143
24 2179
25 2235
26 2257
27 2266
28 2319
29 2351
30 2385
31 2403
32 2416
33 2424
34 2444
35 2453
36 2461
37 2461
38 2461
39 2461
40 2461
41 2461
42 2461
43 2461
44 2461
45 2461
46 2461
47 2461
48 2461
49 2461
50 2461
51 2461
52 2461
53 2461
54 2461
55 2461
56 2461
57 2461
58 2461
59 2461
60 2461
61 2461
62 2461
63 2461
64 2461
65 2461
66 2461
67 2461
68 2461
69 2461
70 2461
71 2461
72 2461
73 2461
74 2461
75 2461
76 2461
77 2461
78 2461
79 2461
80 2461
81 2461
82 2461
83 2461
84 2461
85 2461
86 2461
87 2461
88 2461
89 2461
90 2461
91 2461
92 2461
93 2461
94 2461
95 2461
96 2461
97 2461
98 2461
99 2461
100 2461
101 2461
102 2461
103 2461
104 2461
105 2461
106 2461
107 2461
108 2461
109 2461
110 2461
111 2461
112 2461
113 2461
114 2461
115 2461
116 2461
117 2461
118 2461
119 2461
120 2461
121 2461
122 2461
123 2461
124 2461
125 2461
126 2461
127 2461
128 2461
129 2461
130 2461
131 2461
132 2461
133 2461
134 2461
135 2461
136 2461
137 2461
138 2461
139 2461
140 2461
141 2461
142 2461
143 2461
144 2461
145 2461
146 2461
147 2461
148 2461
149 2461
150 2461
151 2461
152 2461
153 2461
154 2461
155 2461
156 2461
157 2461
158 2461
159 2461
160 2461
161 2461
162 2461
163 2461
164 2461
165 2461
166 2461
167 2461
168 2461
169 2461
170 2461
171 2461
172 2461
173 2461
174 2461
175 2461
176 2461
177 2461
178 2461
179 2461
180 2461
181 2461
182 2461
183 2461
184 2461
185 2461
186 2461
187 2461
188 2461
189 2461
190 2461
191 2461
192 2461
193 2461
194 2461
195 2461
196 2461
197 2461
198 2461
199 2461
200 2461
201 2461
202 2461
203 2461
204 2461
205 2461
206 2461
207 2461
208 2461
209 2461
210 2461
211 2461
212 2461
213 2461
214 2461
215 2461
216 2461
217 2461
218 2461
219 2461
220 2461
221 2461
222 2461
223 2461
224 2461
225 2461
226 2461
227 2461
228 2461
229 2461
230 2461
231 2461
232 2461
233 2461
234 2461
235 2461
