1 1011
2 1071
3 1104
4 1167
5 1218
6 1293
7 1338
8 1390
9 1451
10 1496
11 1572
12 1647
13 1704
14 1761
15 1845
16 1971
17 2071
18 2124
19 2224
20 2454
21 2569
22 2709
23 2944
24 3124
25 3297
26 3470
27 3600
28 3764
29 3909
30 4143
31 4285
32 4416
33 4535
34 4586
35 4685
36 4761
37 4861
38 4986
39 5117
40 5146
41 5205
42 5368
43 5511
44 5645
45 5684
46 5730
47 5781
48 5808
49 5808
50 5892
51 5924
52 5961
53 5987
54 6032
55 6062
56 6113
57 6150
58 6218
59 6267
60 6285
61 6314
62 6338
63 6357
64 6371
65 6404
66 6422
67 6461
68 6481
69 6526
70 6541
71 6564
72 6579
73 6634
74 6665
75 6700
76 6724
77 6754
78 6797
79 6828
80 6893
81 6919
82 6933
83 6950
84 6979
85 7000
86 7040
87 7070
88 7114
89 7153
90 7167
91 7185
92 7205
93 7243
94 7286
95 7324
96 7365
97 7413
98 7434
99 7468
100 7491
101 7536
102 7581
103 7614
104 7669
105 7713
106 7745
107 7763
108 7799
109 7835
110 7859
111 7898
112 7932
113 7967
114 8005
115 8031
116 8052
117 8103
118 8195
119 8244
120 8284
121 8304
122 8329
123 8349
124 8374
125 8407
126 8431
127 8455
128 8469
129 8479
130 8500
131 8528
132 8550
133 8567
134 8587
135 8600
136 8608
137 8617
138 8628
139 8641
140 8647
141 8652
142 8663
143 8672
144 8681
145 8693
146 8698
147 8713
148 8720
149 8735
150 8746
151 8756
152 8764
153 8771
154 8776
155 8781
156 8789
157 8796
158 8801
159 8803
160 8813
161 8825
162 8828
163 8832
164 8833
165 8836
166 8841
167 8846
168 8849
