1 601
2 638
3 676
4 716
5 768
6 823
7 873
8 921
9 968
10 1020
11 1062
12 1096
13 1146
14 1216
15 1264
16 1301
17 1341
18 1391
19 1439
20 1481
21 1529
22 1593
23 1641
24 1686
25 1726
26 1755
27 1811
28 1846
29 1870
30 1898
31 1920
32 1947
33 1971
34 1989
35 1997
36 2020
37 2055
38 2065
39 2093
40 2131
41 2173
42 2218
43 2307
44 2331
45 2363
46 2382
47 2434
48 2447
49 2487
50 2508
51 2530
52 2570
53 2582
54 2595
55 2613
56 2634
57 2648
58 2656
59 2671
60 2678
61 2683
62 2686
63 2696
64 2704
65 2707
66 2710
67 2721
68 2731
69 2754
70 2767
71 2777
72 2781
73 2794
74 2802
75 2814
76 2821
77 2828
78 2834
79 2839
80 2853
81 2868
82 2878
83 2898
84 2912
85 2921
86 2939
87 2955
88 2986
89 3010
90 3039
91 3075
92 3103
93 3122
94 3141
95 3153
96 3169
97 3187
98 3192
99 3201
100 3218
101 3225
102 3239
103 3247
104 3259
105 3270
106 3279
107 3299
108 3305
109 3320
110 3331
111 3338
112 3342
113 3353
114 3355
115 3360
116 3367
117 3384
118 3386
119 3398
120 3407
121 3413
122 3416
123 3426
124 3434
125 3446
126 3450
127 3456
128 3467
129 3470
130 3474
131 3474
132 3491
133 3496
134 3512
135 3515
136 3527
137 3538
138 3542
139 3550
140 3557
141 3562
142 3571
143 3577
144 3579
145 3581
146 3584
147 3586
148 3587
149 3590
150 3591
151 3594
152 3596
153 3596
