1 6
2 6
3 6
4 6
5 6
6 6
7 6
8 6
9 6
10 6
11 6
12 6
13 7
14 7
15 7
16 7
17 7
18 7
19 8
20 7
21 7
22 7
23 7
24 7
25 7
26 7
27 7
28 7
29 7
30 7
31 7
32 7
33 7
34 7
35 8
36 8
37 8
38 8
39 8
40 8
41 9
42 9
43 9
44 9
45 9
46 9
47 9
48 9
49 9
50 9
51 9
52 9
53 9
54 9
55 9
56 9
57 9
58 9
59 9
60 9
61 9
62 9
63 9
64 9
65 9
66 9
67 9
68 9
69 9
70 10
71 10
72 10
73 10
74 10
75 10
76 10
77 10
78 10
79 10
80 10
81 10
82 10
83 10
84 10
85 10
86 10
87 10
88 10
89 10
90 10
91 10
92 10
93 10
94 10
95 10
96 10
97 10
98 10
99 10
100 10
101 10
102 10
103 10
104 10
105 10
106 10
107 10
108 10
109 10
110 10
111 10
112 10
113 10
114 10
115 10
116 10
117 10
118 10
119 10
120 10
121 10
122 10
123 10
124 10
125 10
126 10
127 10
128 10
129 10
130 10
131 10
132 10
133 10
134 10
135 10
136 10
137 10
138 10
139 10
140 10
141 10
142 10
