1 1207293
2 1207293
3 1207293
4 1207293
5 1207293
6 1207293
7 1207293
8 1207293
9 1207293
10 1207293
11 1207293
12 1207293
13 1207293
14 1207293
15 1207293
16 1207293
17 1207293
18 1207293
19 1207293
20 1207293
21 1207293
22 1207293
23 1207293
24 1207293
25 1207293
26 1207293
27 1207293
28 1207293
29 1207293
30 1207293
31 1207293
32 1207293
33 1207293
34 1207293
35 1207293
36 1207293
37 1207293
38 1207293
39 1207293
40 1207293
41 1207293
42 1207293
43 1207293
44 1207293
45 1207293
46 1207293
47 1207293
48 1207293
49 1207293
50 1207293
51 1207293
52 1207293
53 1207293
54 1207293
55 1207293
56 1207293
57 1207293
58 1207293
59 1207293
60 1207293
61 1207293
62 1207293
63 1207293
64 1207293
65 1207293
66 1207293
67 1207293
68 1207293
69 1207293
70 1207293
71 1207293
72 1207293
73 1207293
74 1207293
75 1207293
76 1207293
77 1207293
78 1207293
79 1207293
80 1207293
81 1207293
82 1207293
83 1207293
84 1207293
85 1207293
86 1207293
87 1207293
88 1207293
89 1207293
90 1207293
91 1207293
92 1207293
93 1207293
94 1207293
95 1207293
96 1207293
97 1207293
98 1207293
99 1207293
100 1207293
101 1207293
102 1207293
103 1207293
104 1207293
105 1207293
106 1207293
107 1207293
108 1207293
109 1207293
110 1207293
111 1207293
112 1207293
113 1207293
114 1207293
115 1207293
116 1207293
117 1207293
118 1207293
119 1207293
120 1207293
121 1207293
122 1207293
123 1207293
124 1207293
125 1207293
126 1207293
127 1207293
128 1207293
129 1207293
130 1207293
131 1207293
132 1207293
133 1207293
134 1207293
135 1207293
136 1207293
137 1207293
138 1207293
139 1207293
140 1207293
141 1207293
142 1207293
143 1207293
144 1207293
145 1207293
146 1207293
147 1207293
148 1207293
149 1207293
150 1207293
151 1207293
152 1207293
153 1207293
154 1207293
155 1207293
156 1207293
157 1207293
158 1207293
159 1207293
160 1207293
161 1207293
162 1207293
163 1207293
164 1207293
165 1207293
166 1207293
167 1207293
168 1207293
169 1207293
170 1207293
171 1207293
172 1207293
173 1207293
174 1207293
175 1207293
176 1207293
177 1207293
178 1207293
179 1207293
180 1207293
181 1207293
182 1207293
183 1207293
184 1207293
185 1207293
186 1207293
187 1207293
188 1207293
189 1207293
190 1207293
191 1207293
192 1207293
193 1207293
194 1207293
195 1207293
196 1207293
197 1207293
198 1207293
