1 1062
2 1156
3 1192
4 1315
5 1386
6 1549
7 1834
8 1906
9 1925
10 1966
11 2063
12 2137
13 2178
14 2294
15 2341
16 2388
17 2401
18 2477
19 2594
20 2678
21 2761
22 2865
23 2966
24 2988
25 3091
26 3267
27 3388
28 3505
29 3588
30 3739
31 3794
32 3914
33 3972
34 4039
35 4101
36 4163
37 4257
38 4286
39 4361
40 4433
41 4528
42 4574
43 4681
44 4745
45 4772
46 4848
47 4906
48 4963
49 5002
50 5063
51 5105
52 5125
53 5180
54 5223
55 5260
56 5312
57 5332
58 5399
59 5406
60 5457
61 5492
62 5542
63 5572
64 5630
65 5744
66 5747
67 5799
68 5880
69 5929
70 5977
71 6036
72 6108
73 6127
74 6186
75 6224
76 6250
77 6270
78 6301
79 6317
80 6319
81 6325
82 6349
83 6384
84 6402
85 6420
86 6436
87 6450
88 6525
89 6556
90 6583
91 6593
92 6615
93 6636
94 6641
95 6674
96 6687
97 6713
98 6724
99 6748
100 6749
101 6768
102 6776
103 6786
104 6800
105 6810
106 6816
107 6829
108 6835
109 6838
110 6848
111 6875
112 6900
113 6919
114 6931
115 6939
116 6944
117 6955
118 6966
119 6978
120 6989
121 6997
122 7010
123 7027
124 7035
125 7035
126 7043
127 7057
128 7067
129 7075
130 7084
131 7096
132 7098
133 7100
134 7106
135 7111
136 7111
137 7112
138 7114
139 7118
140 7127
141 7140
142 7145
143 7146
144 7154
145 7157
146 7163
147 7167
148 7167
149 7171
150 7171
151 7171
152 7177
153 7179
154 7185
155 7187
156 7187
157 7192
158 7193
159 7194
160 7195
161 7201
162 7211
163 7211
164 7213
165 7213
166 7213
167 7219
168 7232
169 7233
170 7233
171 7236
172 7239
173 7239
174 7240
175 7246
176 7247
177 7247
178 7247
