1 576670
2 576670
3 576670
4 576670
5 576670
6 576670
7 576670
8 576670
9 576670
10 576670
11 576670
12 576670
13 576670
14 576670
15 576670
16 576670
17 576670
18 576670
19 576670
20 576670
21 576670
22 576670
23 576670
24 576670
25 576670
26 576670
27 576670
28 576670
29 576670
30 576670
31 576670
32 576670
33 576670
34 576670
35 576670
36 576670
37 576670
38 576670
39 576670
40 576670
41 576670
42 576670
43 576670
44 576670
45 576670
46 576670
47 576670
48 576670
49 576670
50 576670
51 576670
52 576670
53 576670
54 576670
55 576670
56 576670
57 576670
58 576670
59 576670
60 576670
61 576670
62 576670
63 576670
64 576670
65 576670
66 576670
67 576670
68 576670
69 576670
70 576670
71 576670
72 576670
73 576670
74 576670
75 576670
76 576670
77 576670
78 576670
79 576670
80 576670
81 576670
82 576670
83 576670
84 576670
85 576670
86 576670
87 576670
88 576670
89 576670
90 576670
91 576670
92 576670
93 576670
94 576670
95 576670
96 576670
97 576670
98 576670
99 576670
100 576670
101 576670
102 576670
103 576670
104 576670
105 576670
106 576670
107 576670
108 576670
109 576670
110 576670
111 576670
112 576670
113 576670
114 576670
115 576670
116 576670
117 576670
118 576670
119 576670
120 576670
121 576670
122 576670
123 576670
124 576670
125 576670
126 576670
127 576670
128 576670
129 576670
130 576670
131 576670
132 576670
133 576670
134 576670
135 576670
136 576670
137 576670
138 576670
139 576670
140 576670
141 576670
142 576670
143 576670
144 576670
145 576670
146 576670
147 576670
148 576670
149 576670
150 576670
151 576670
152 576670
153 576670
154 576670
155 576670
156 576670
157 576670
158 576670
159 576670
160 576670
161 576670
162 576670
163 576670
164 576670
165 576670
166 576670
167 576670
