1 x
2 x
3 x
4 x
5 x
6 x
7 x
8 x
9 x
10 x
11 x
12 x
13 x
14 x
15 x
16 x
17 x
18 x
19 x
20 x
21 x
22 x
23 x
24 x
25 x
26 x
27 x
28 x
29 x
30 x
31 x
32 x
33 x
34 x
35 x
36 x
37 x
38 x
39 x
40 x
41 x
42 x
43 x
44 x
45 x
46 x
47 x
48 x
49 x
50 x
51 x
52 x
53 x
54 x
55 x
56 x
57 x
58 x
59 x
60 x
61 x
62 x
63 x
64 x
65 x
66 x
67 x
68 x
69 x
70 x
71 x
72 x
73 x
74 x
75 x
76 x
77 x
78 x
79 x
80 x
81 x
82 x
83 x
84 x
85 x
86 x
87 x
88 x
89 x
90 x
91 x
92 x
93 x
94 1
95 1
96 1
97 1
98 1
99 1
100 1
101 1
102 1
103 1
104 1
105 1
106 1
107 1
108 1
109 1
110 1
111 1
112 1
113 1
114 1
115 1
116 1
117 1
118 1
119 1
120 1
121 1
122 1
123 1
124 1
125 1
126 1
127 1
128 1
129 1
130 1
131 1
132 1
133 1
134 1
135 1
136 1
137 1
138 1
139 1
140 1
141 1
142 1
143 1
144 1
145 1
146 1
147 1
148 1
149 1
150 1
151 1
152 4
153 3
154 4
155 4
156 4
157 4
158 5
159 5
160 5
161 12
162 12
163 12
164 13
165 13
166 13
167 13
168 13
169 13
170 13
171 13
172 13
173 13
174 13
175 13
176 13
177 13
178 30
179 40
180 56
181 56
182 56
183 56
184 56
185 57
186 57
187 57
188 58
189 58
190 58
191 58
192 58
193 59
194 59
195 60
196 60
197 61
198 62
199 64
200 65
201 65
202 65
203 65
204 67
205 68
206 68
207 68
208 69
209 69
210 64
211 64
212 66
213 66
214 66
215 67
216 67
217 67
218 68
219 68
220 71
221 71
222 71
223 71
224 72
225 72
226 73
227 73
228 74
229 76
230 76
231 76
232 77
233 77
234 89
235 119
236 119
237 119
238 119
239 119
240 120
241 120
242 129
243 130
244 130
245 130
246 130
247 130
248 129
249 129
250 129
251 129
252 133
253 134
254 134
255 134
256 134
257 134
258 134
259 134
260 135
261 157
262 157
263 157
264 159
265 159
266 159
267 159
268 160
269 160
270 161
271 161
272 161
273 161
274 162
275 162
276 162
277 163
278 163
279 167
280 167
281 167
282 168
283 168
284 168
285 168
286 169
287 169
288 169
289 169
290 169
291 169
292 170
293 170
294 170
295 170
296 171
297 171
298 171
299 171
300 171
301 172
302 173
303 173
304 173
305 173
306 173
307 173
308 173
309 173
310 173
311 173
312 173
313 173
314 173
315 173
316 173
317 174
318 174
319 174
320 174
321 175
322 175
323 175
324 175
325 175
326 175
327 175
328 175
329 175
330 175
331 175
332 175
333 175
334 175
335 175
336 176
337 176
338 176
339 176
340 176
341 177
342 177
