1 x
2 x
3 x
4 x
5 x
6 x
7 x
8 x
9 x
10 x
11 x
12 x
13 x
14 x
15 x
16 x
17 x
18 x
19 x
20 x
21 x
22 x
23 x
24 x
25 x
26 x
27 x
28 x
29 x
30 x
31 x
32 x
33 x
34 x
35 x
36 x
37 x
38 x
39 x
40 x
41 x
42 x
43 x
44 x
45 x
46 x
47 x
48 x
49 x
50 x
51 x
52 x
53 x
54 x
55 x
56 x
57 x
58 x
59 x
60 x
61 x
62 x
63 x
64 x
65 x
66 x
67 x
68 x
69 x
70 x
71 x
72 x
73 x
74 x
75 x
76 x
77 x
78 x
79 x
80 x
81 x
82 x
83 x
84 x
85 x
86 x
87 x
88 x
89 x
90 x
91 x
92 x
93 x
94 x
95 x
96 x
97 x
98 x
99 x
100 1
101 1
102 1
103 8
104 8
105 8
106 8
107 9
108 9
109 9
110 9
111 14
112 14
113 14
114 14
115 14
116 18
117 18
118 18
119 18
120 18
121 18
122 18
123 19
124 20
125 20
126 20
127 20
128 20
129 20
130 20
131 20
132 20
133 20
134 20
135 20
136 20
137 20
138 20
139 20
140 20
141 20
142 21
143 21
144 21
145 21
146 21
147 21
148 21
149 21
150 21
151 21
152 21
153 21
154 21
155 21
156 21
157 21
158 21
159 21
160 21
161 21
162 21
163 21
164 21
165 21
166 21
167 21
168 21
169 21
170 21
171 21
172 21
173 21
174 21
175 21
176 24
177 21
178 21
179 21
180 21
181 21
182 23
183 26
184 26
185 28
186 28
187 30
188 30
189 30
190 30
191 30
192 30
193 33
194 33
195 33
196 33
197 33
198 33
199 33
200 33
201 33
202 33
203 33
204 34
205 34
206 34
207 34
208 35
209 36
210 36
211 36
212 37
213 38
214 38
215 39
216 39
217 39
218 39
219 39
220 45
221 46
222 47
223 47
224 47
225 47
226 47
227 51
228 51
229 51
230 51
231 53
232 53
233 53
234 54
235 54
236 54
237 54
238 55
239 55
240 55
241 55
242 55
243 55
244 55
245 57
246 57
247 57
248 58
249 59
250 59
251 59
252 59
253 59
254 59
255 59
256 59
257 59
258 60
259 60
260 60
261 60
262 68
263 71
264 71
265 72
266 72
267 72
268 72
269 74
270 77
271 79
272 79
273 79
274 79
275 79
276 79
277 79
278 80
279 80
280 80
281 80
282 80
283 80
284 82
285 82
286 82
287 82
288 82
289 82
290 82
291 82
292 82
293 82
294 82
295 82
296 82
297 82
298 82
299 82
300 82
301 82
302 82
303 82
304 82
305 82
306 82
307 82
308 82
309 82
310 82
311 82
312 82
313 82
314 82
315 82
316 82
317 82
318 82
319 82
320 82
321 82
322 82
323 82
324 82
325 82
326 82
327 82
328 82
329 82
330 82
331 82
332 82
333 82
334 82
335 82
336 82
337 82
338 82
339 82
340 82
341 82
342 82
