1 534
2 538
3 554
4 571
5 594
6 610
7 621
8 658
9 689
10 725
11 734
12 794
13 824
14 832
15 881
16 951
17 994
18 1024
19 1044
20 1108
21 1140
22 1197
23 1276
24 1373
25 1401
26 1516
27 1577
28 1595
29 1651
30 1723
31 1766
32 1781
33 1798
34 1844
35 1858
36 1883
37 1922
38 1966
39 2009
40 2061
41 2077
42 2120
43 2134
44 2167
45 2225
46 2260
47 2278
48 2304
49 2328
50 2383
51 2459
52 2499
53 2554
54 2620
55 2648
56 2682
57 2722
58 2774
59 2821
60 2864
61 2907
62 2941
63 2981
64 3019
65 3085
66 3137
67 3201
68 3268
69 3324
70 3366
71 3408
72 3447
73 3488
74 3524
75 3561
76 3591
77 3631
78 3676
79 3709
80 3745
81 3796
82 3838
83 3874
84 3912
85 3921
86 3971
87 4011
88 4019
89 4038
90 4068
91 4076
92 4114
93 4127
94 4135
95 4174
96 4201
97 4240
98 4250
99 4296
100 4331
101 4351
102 4360
103 4378
104 4397
105 4406
106 4421
107 4454
108 4470
109 4487
110 4496
111 4505
112 4530
113 4565
114 4588
115 4601
116 4622
117 4636
118 4651
119 4655
120 4667
121 4675
122 4697
123 4706
124 4716
125 4735
126 4759
127 4768
128 4776
129 4800
130 4815
131 4833
132 4854
133 4873
134 4886
135 4897
136 4897
137 4915
138 4935
139 4937
140 4953
141 4961
142 4969
143 4983
144 4991
145 5014
146 5033
147 5047
148 5057
149 5065
150 5079
151 5110
152 5123
153 5123
154 5150
155 5168
156 5200
157 5202
158 5214
159 5222
160 5237
161 5237
162 5263
163 5263
164 5278
165 5323
166 5342
167 5357
168 5361
169 5361
170 5378
171 5381
172 5387
173 5394
174 5409
175 5458
176 5458
177 5466
178 5485
179 5488
180 5505
181 5517
182 5517
183 5517
184 5523
185 5532
186 5537
187 5541
188 5544
189 5552
190 5552
191 5561
192 5565
193 5565
194 5581
195 5583
196 5584
