1 1480080
2 1480080
3 1480080
4 1480080
5 1480080
6 1480080
7 1480080
8 1480080
9 1480080
10 1480080
11 1480080
12 1480080
13 1480080
14 1480080
15 1480080
16 1480080
17 1480080
18 1480080
19 1480080
20 1480080
21 1480080
22 1480080
23 1480080
24 1480080
25 1480080
26 1480080
27 1480080
28 1480080
29 1480080
30 1480080
31 1480080
32 1480080
33 1480080
34 1480080
35 1480080
36 1480080
37 1480080
38 1480080
39 1480080
40 1480080
41 1480080
42 1480080
43 1480080
44 1480080
45 1480080
46 1480080
47 1480080
48 1480080
49 1480080
50 1480080
51 1480080
52 1480080
53 1480080
54 1480080
55 1480080
56 1480080
57 1480080
58 1480080
59 1480080
60 1480080
61 1480080
62 1480080
63 1480080
64 1480080
65 1480080
66 1480080
67 1480080
68 1480080
69 1480080
70 1480080
71 1480080
72 1480080
73 1480080
74 1480080
75 1480080
76 1480080
77 1480080
78 1480080
79 1480080
80 1480080
81 1480080
82 1480080
83 1480080
84 1480080
85 1480080
86 1480080
87 1480080
88 1480080
89 1480080
90 1480080
91 1480080
92 1480080
93 1480080
94 1480080
95 1480080
96 1480080
97 1480080
98 1480080
99 1480080
100 1480080
101 1480080
102 1480080
103 1480080
104 1480080
105 1480080
106 1480080
107 1480080
108 1480080
109 1480080
110 1480080
111 1480080
112 1480080
113 1480080
114 1480080
115 1480080
116 1480080
117 1480080
118 1480080
119 1480080
120 1480080
121 1480080
122 1480080
123 1480080
124 1480080
125 1480080
126 1480080
127 1480080
128 1480080
129 1480080
130 1480080
131 1480080
132 1480080
133 1480080
134 1480080
135 1480080
136 1480080
137 1480080
138 1480080
139 1480080
140 1480080
141 1480080
142 1480080
143 1480080
144 1480080
145 1480080
146 1480080
147 1480080
148 1480080
149 1480080
150 1480080
151 1480080
152 1480080
153 1480080
154 1480080
155 1480080
156 1480080
157 1480080
158 1480080
159 1480080
160 1480080
161 1480080
162 1480080
163 1480080
164 1480080
165 1480080
166 1480080
167 1480080
168 1480080
169 1480080
170 1480080
171 1480080
172 1480080
173 1480080
174 1480080
175 1480080
176 1480080
177 1480080
178 1480080
179 1480080
180 1480080
181 1480080
182 1480080
183 1480080
184 1480080
185 1480080
186 1480080
187 1480080
188 1480080
189 1480080
190 1480080
191 1480080
192 1480080
193 1480080
194 1480080
195 1480080
196 1480080
197 1480080
198 1480080
199 1480080
200 1480080
201 1480080
202 1480080
203 1480080
204 1480080
205 1480080
206 1480080
207 1480080
208 1480080
209 1480080
210 1480080
211 1480080
212 1480080
213 1480080
214 1480080
215 1480080
216 1480080
217 1480080
218 1480080
219 1480080
220 1480080
221 1480080
222 1480080
