1 x
2 x
3 x
4 x
5 x
6 x
7 x
8 x
9 x
10 x
11 x
12 x
13 x
14 x
15 x
16 x
17 x
18 x
19 x
20 x
21 x
22 x
23 x
24 x
25 x
26 x
27 x
28 x
29 x
30 x
31 x
32 x
33 x
34 x
35 x
36 x
37 x
38 x
39 x
40 x
41 x
42 x
43 x
44 x
45 x
46 x
47 x
48 x
49 x
50 x
51 x
52 x
53 x
54 x
55 x
56 x
57 x
58 x
59 x
60 x
61 x
62 x
63 x
64 x
65 x
66 x
67 x
68 x
69 x
70 x
71 x
72 x
73 x
74 x
75 x
76 x
77 x
78 x
79 x
80 x
81 x
82 x
83 x
84 x
85 x
86 x
87 x
88 x
89 x
90 x
91 x
92 x
93 x
94 x
95 x
96 x
97 x
98 x
99 x
100 x
101 x
102 x
103 x
104 1
105 1
106 1
107 1
108 1
109 2
110 2
111 2
112 2
113 3
114 3
115 3
116 3
117 3
118 3
119 3
120 3
121 3
122 3
123 3
124 3
125 3
126 3
127 3
128 3
129 3
130 3
131 3
132 3
133 3
134 3
135 3
136 3
137 3
138 3
139 3
140 5
141 5
142 5
143 5
144 8
145 9
146 9
147 10
148 13
149 14
150 16
151 16
152 16
153 17
154 19
155 19
156 20
157 21
158 21
159 21
160 21
161 21
162 22
163 22
164 23
165 23
166 23
167 26
168 28
169 29
170 29
171 32
172 33
173 38
174 38
175 38
176 38
177 38
178 38
179 38
180 38
181 38
182 38
183 42
184 42
185 42
186 44
187 46
188 48
189 49
190 51
191 61
192 70
193 74
194 74
195 85
196 91
197 106
198 116
199 120
200 122
201 152
202 157
203 159
204 168
205 168
206 178
207 184
208 185
209 186
210 188
211 193
212 193
213 195
214 196
215 196
216 200
217 202
218 202
219 208
220 215
221 218
222 219
223 220
224 226
225 233
226 234
227 238
228 243
229 246
230 256
231 266
232 290
233 295
234 303
235 307
236 309
237 313
238 333
239 338
240 340
241 340
242 342
243 343
244 350
245 353
246 360
247 364
248 364
249 368
250 368
251 377
252 381
253 386
254 400
255 401
256 414
257 414
258 417
259 422
260 428
261 430
262 432
263 432
264 436
265 437
266 443
267 445
268 448
269 449
270 450
271 451
272 453
273 454
274 457
275 457
276 457
277 459
278 459
279 460
280 460
281 460
282 460
283 461
284 461
285 461
286 462
287 462
288 462
289 462
290 463
291 463
292 463
293 465
294 465
295 468
296 468
297 471
298 471
299 471
300 472
301 472
302 472
303 472
304 472
305 472
306 472
307 474
308 474
309 474
310 474
311 474
312 474
313 474
314 474
315 474
316 474
317 474
318 474
319 474
320 474
321 474
322 474
323 474
324 474
325 474
326 474
327 474
328 474
329 474
330 474
331 474
332 474
333 474
334 474
335 474
336 474
337 474
338 474
339 474
340 474
341 474
342 474
