1 4110956
2 4110956
3 4110956
4 4110956
5 4110956
6 4110956
7 4110956
8 4110956
9 4110956
10 4110956
11 4110956
12 4110956
13 4110956
14 4110956
15 4110956
16 4110956
17 4110956
18 4110956
19 4110956
20 4110956
21 4110956
22 4110956
23 4110956
24 4110956
25 4110956
26 4110956
27 4110956
28 4110956
29 4110956
30 4110956
31 4110956
32 4110956
33 4110956
34 4110956
35 4110956
36 4110956
37 4110956
38 4110956
39 4110956
40 4110956
41 4110956
42 4110956
43 4110956
44 4110956
45 4110956
46 4110956
47 4110956
48 4110956
49 4110956
50 4110956
51 4110956
52 4110956
53 4110956
54 4110956
55 4110956
56 4110956
57 4110956
58 4110956
59 4110956
60 4110956
61 4110956
62 4110956
63 4110956
64 4110956
65 4110956
66 4110956
67 4110956
68 4110956
69 4110956
70 4110956
71 4110956
72 4110956
73 4110956
74 4110956
75 4110956
76 4110956
77 4110956
78 4110956
79 4110956
80 4110956
81 4110956
82 4110956
83 4110956
84 4110956
85 4110956
86 4110956
87 4110956
88 4110956
89 4110956
90 4110956
91 4110956
92 4110956
93 4110956
94 4110956
95 4110956
96 4110956
97 4110956
98 4110956
99 4110956
100 4110956
101 4110956
102 4110956
103 4110956
104 4110956
105 4110956
106 4110956
107 4110956
108 4110956
109 4110956
110 4110956
111 4110956
112 4110956
113 4110956
114 4110956
115 4110956
116 4110956
117 4110956
118 4110956
119 4110956
120 4110956
121 4110956
122 4110956
123 4110956
124 4110956
125 4110956
126 4110956
127 4110956
128 4110956
129 4110956
130 4110956
131 4110956
132 4110956
133 4110956
134 4110956
135 4110956
136 4110956
137 4110956
138 4110956
139 4110956
140 4110956
141 4110956
142 4110956
143 4110956
144 4110956
145 4110956
146 4110956
147 4110956
148 4110956
149 4110956
150 4110956
151 4110956
152 4110956
153 4110956
154 4110956
155 4110956
156 4110956
157 4110956
158 4110956
159 4110956
160 4110956
161 4110956
162 4110956
163 4110956
164 4110956
165 4110956
166 4110956
167 4110956
168 4110956
169 4110956
170 4110956
171 4110956
172 4110956
173 4110956
174 4110956
175 4110956
176 4110956
177 4110956
178 4110956
179 4110956
180 4110956
181 4110956
182 4110956
183 4110956
184 4110956
185 4110956
186 4110956
187 4110956
188 4110956
189 4110956
190 4110956
191 4110956
192 4110956
193 4110956
194 4110956
195 4110956
196 4110956
197 4110956
198 4110956
199 4110956
200 4110956
201 4110956
202 4110956
203 4110956
204 4110956
