1 1311008
2 1311008
3 1311008
4 1311008
5 1311008
6 1311008
7 1311008
8 1311008
9 1311008
10 1311008
11 1311008
12 1311008
13 1311008
14 1311008
15 1311008
16 1311008
17 1311008
18 1311008
19 1311008
20 1311008
21 1311008
22 1311008
23 1311008
24 1311008
25 1311008
26 1311008
27 1311008
28 1311008
29 1311008
30 1311008
31 1311008
32 1311008
33 1311008
34 1311008
35 1311008
36 1311008
37 1311008
38 1311008
39 1311008
40 1311008
41 1311008
42 1311008
43 1311008
44 1311008
45 1311008
46 1311008
47 1311008
48 1311008
49 1311008
50 1311008
51 1311008
52 1311008
53 1311008
54 1311008
55 1311008
56 1311008
57 1311008
58 1311008
59 1311008
60 1311008
61 1311008
62 1311008
63 1311008
64 1311008
65 1311008
66 1311008
67 1311008
68 1311008
69 1311008
70 1311008
71 1311008
72 1311008
73 1311008
74 1311008
75 1311008
76 1311008
77 1311008
78 1311008
79 1311008
80 1311008
81 1311008
82 1311008
83 1311008
84 1311008
85 1311008
86 1311008
87 1311008
88 1311008
89 1311008
90 1311008
91 1311008
92 1311008
93 1311008
94 1311008
95 1311008
96 1311008
97 1311008
98 1311008
99 1311008
100 1311008
101 1311008
102 1311008
103 1311008
104 1311008
105 1311008
106 1311008
107 1311008
108 1311008
109 1311008
110 1311008
111 1311008
112 1311008
113 1311008
114 1311008
115 1311008
116 1311008
117 1311008
118 1311008
119 1311008
120 1311008
121 1311008
122 1311008
123 1311008
124 1311008
125 1311008
126 1311008
127 1311008
128 1311008
129 1311008
130 1311008
131 1311008
132 1311008
133 1311008
134 1311008
135 1311008
136 1311008
137 1311008
138 1311008
139 1311008
140 1311008
141 1311008
142 1311008
143 1311008
