1 147951
2 147951
3 147951
4 147951
5 147951
6 147951
7 147951
8 147951
9 147951
10 147951
11 147951
12 147951
13 147951
14 147951
15 147951
16 147951
17 147951
18 147951
19 147951
20 147951
21 147951
22 147951
23 147951
24 147951
25 147951
26 147951
27 147951
28 147951
29 147951
30 147951
31 147951
32 147951
33 147951
34 147951
35 147951
36 147951
37 147951
38 147951
39 147951
40 147951
41 147951
42 147951
43 147951
44 147951
45 147951
46 147951
47 147951
48 147951
49 147951
50 147951
51 147951
52 147951
53 147951
54 147951
55 147951
56 147951
57 147951
58 147951
59 147951
60 147951
61 147951
62 147951
63 147951
64 147951
65 147951
66 147951
67 147951
68 147951
69 147951
70 147951
71 147951
72 147951
73 147951
74 147951
75 147951
76 147951
77 147951
78 147951
79 147951
80 147951
81 147951
82 147951
83 147951
84 147951
85 147951
86 147951
87 147951
88 147951
89 147951
90 147951
91 147951
92 147951
93 147951
94 147951
95 147951
96 147951
97 147951
98 147951
99 147951
100 147951
101 147951
102 147951
103 147951
104 147951
105 147951
106 147951
107 147951
108 147951
109 147951
110 147951
111 147951
112 147951
113 147951
