1 1079
2 1136
3 1204
4 1271
5 1338
6 1380
7 1464
8 1559
9 1609
10 1642
11 1739
12 1778
13 1952
14 2101
15 2274
16 2343
17 2409
18 2567
19 2660
20 2758
21 2857
22 3008
23 3126
24 3172
25 3319
26 3397
27 3527
28 3685
29 3917
30 4036
31 4117
32 4377
33 4592
34 4830
35 5004
36 5156
37 5460
38 5577
39 5732
40 5936
41 6067
42 6234
43 6478
44 6742
45 6845
46 7091
47 7421
48 7682
49 7943
50 8229
51 8628
52 9010
53 9270
54 9738
55 10283
56 10687
57 11099
58 11635
59 12011
60 12405
61 12909
62 13792
63 14482
64 15166
65 16122
66 17040
67 17877
68 18819
69 19891
70 21037
71 21978
72 23142
73 23783
74 24519
75 26095
76 26783
77 27988
78 29312
79 30531
80 31400
81 32513
82 33174
83 34438
84 35408
85 36334
86 37310
87 38082
88 38888
89 40046
90 40978
91 41729
92 42499
93 43368
94 43865
95 44462
96 45611
97 46303
98 47025
99 47859
100 48747
101 49323
102 50165
103 51116
104 51944
105 52707
106 53678
107 54253
108 54732
109 55539
110 56369
111 57065
112 57864
113 58574
114 59148
115 59550
116 60194
117 61005
118 61580
119 62271
120 62981
121 63593
122 64107
123 64648
124 65481
125 66167
126 66541
127 67255
128 68106
129 68587
130 69103
131 69837
132 70384
133 71157
134 71845
135 72406
136 72789
137 73240
138 73896
139 74474
140 75100
141 75863
142 76475
143 76694
144 76970
145 77612
146 78197
147 78871
148 79648
149 80298
150 80805
151 81403
152 82008
153 82526
154 83114
155 83636
156 84215
157 84614
158 85121
159 85759
160 86279
161 86731
162 87327
163 87838
164 88319
165 88745
166 89474
167 89954
168 90423
169 91022
170 91580
171 91994
172 92560
173 93229
174 93811
175 94471
176 95193
177 95870
178 96255
179 96736
180 97506
181 98085
182 98825
183 99639
184 100402
185 100841
186 101307
187 102065
188 102649
189 103359
190 104181
191 104831
192 105263
