1 112272
2 112272
3 112272
4 112272
5 112272
6 112272
7 112272
8 112272
9 112272
10 112272
11 112272
12 112272
13 112272
14 112272
15 112272
16 112272
17 112272
18 112272
19 112272
20 112272
21 112272
22 112272
23 112272
24 112272
25 112272
26 112272
27 112272
28 112272
29 112272
30 112272
31 112272
32 112272
33 112272
34 112272
35 112272
36 112272
37 112272
38 112272
39 112272
40 112272
41 112272
42 112272
43 112272
44 112272
45 112272
46 112272
47 112272
48 112272
49 112272
50 112272
51 112272
52 112272
53 112272
54 112272
55 112272
56 112272
57 112272
58 112272
59 112272
60 112272
61 112272
62 112272
63 112272
64 112272
65 112272
66 112272
67 112272
68 112272
69 112272
70 112272
71 112272
72 112272
73 112272
74 112272
75 112272
76 112272
77 112272
78 112272
79 112272
80 112272
81 112272
82 112272
83 112272
84 112272
