1 316
2 332
3 374
4 409
5 442
6 464
7 499
8 545
9 585
10 628
11 648
12 693
13 727
14 751
15 751
16 801
17 822
18 939
19 952
20 959
21 971
22 992
23 1002
24 1011
25 1013
26 1036
27 1043
28 1068
29 1092
30 1164
31 1284
32 1321
33 1345
34 1381
35 1412
36 1428
37 1491
38 1526
39 1556
40 1587
41 1627
42 1710
43 1742
44 1742
45 1742
46 1817
47 1993
48 2278
49 2352
50 2377
51 2766
52 3027
53 3071
54 3301
55 3352
56 3506
57 3731
58 4005
59 4224
60 4361
61 4688
62 4766
63 4928
64 5172
65 5582
66 7294
67 8082
68 9069
69 10195
70 11537
71 12703
72 14781
73 16287
74 17279
75 18192
76 19205
77 20919
78 22482
79 23679
80 24840
81 25999
82 27295
83 28705
84 30607
85 32438
86 34323
87 36385
88 37666
89 39327
90 40334
91 41332
92 41332
93 42106
94 42909
95 43751
96 44572
97 45388
98 46502
99 47590
100 48609
101 49675
102 50814
103 52103
104 53239
105 54330
106 55999
107 57586
108 59374
109 61294
110 63074
111 64284
112 66196
113 68126
114 70132
115 72202
116 73991
117 75186
118 76967
119 78735
120 80586
121 82411
122 84163
123 85223
124 86095
125 87675
126 89350
127 90988
128 92837
129 95162
130 97402
131 100013
132 102024
133 104603
134 107530
135 110241
136 112587
137 115072
138 117143
139 119467
140 121925
141 124528
142 127007
143 129187
144 131447
145 133555
146 135357
147 137508
148 139700
149 141930
150 144073
151 146135
152 148139
153 150160
154 152441
155 154499
156 156431
157 158690
158 160933
159 163407
160 165844
161 167846
162 170212
163 172388
164 174769
165 177008
166 179075
167 180953
168 183025
169 185128
170 187342
171 189351
172 191269
173 193218
174 194653
175 196636
176 198790
177 200686
178 202577
179 204388
180 206105
181 207326
182 209034
183 210480
184 211912
185 213466
186 214917
187 216353
188 217401
189 218887
190 220466
191 221922
192 223413
193 224686
194 225664
195 226646
196 227583
197 229064
198 230568
199 232399
200 234234
201 235950
202 237172
203 238908
204 240545
205 242084
206 243686
207 245293
208 246733
209 247790
210 249157
211 250453
212 251468
213 252565
214 253715
215 254676
216 255378
217 256330
218 257278
219 258336
220 259230
221 260155
222 261028
223 261830
224 262751
225 263744
226 264606
227 265367
228 266120
229 266925
230 267427
231 267992
232 268601
233 269232
234 269828
235 270450
236 270967
237 271649
238 272370
239 273013
240 273625
241 274260
242 274833
243 275217
244 275708
245 276244
246 276753
247 277304
248 277931
249 278523
250 278839
251 279456
252 279991
253 280565
254 281083
255 281400
256 281872
257 282177
258 282574
259 283048
260 283463
261 283924
262 284217
263 284611
264 284849
265 285102
266 285519
267 285898
268 286244
269 286542
270 286893
271 287117
272 287468
273 287899
274 288275
275 288577
276 288926
277 289325
278 289631
279 289987
280 290354
281 290630
282 290894
