1 1614069
2 1614069
3 1614069
4 1614069
5 1614069
6 1614069
7 1614069
8 1614069
9 1614069
10 1614069
11 1614069
12 1614069
13 1614069
14 1614069
15 1614069
16 1614069
17 1614069
18 1614069
19 1614069
20 1614069
21 1614069
22 1614069
23 1614069
24 1614069
25 1614069
26 1614069
27 1614069
28 1614069
29 1614069
30 1614069
31 1614069
32 1614069
33 1614069
34 1614069
35 1614069
36 1614069
37 1614069
38 1614069
39 1614069
40 1614069
41 1614069
42 1614069
43 1614069
44 1614069
45 1614069
46 1614069
47 1614069
48 1614069
49 1614069
50 1614069
51 1614069
52 1614069
53 1614069
54 1614069
55 1614069
56 1614069
57 1614069
58 1614069
59 1614069
60 1614069
61 1614069
62 1614069
63 1614069
64 1614069
65 1614069
66 1614069
67 1614069
68 1614069
69 1614069
70 1614069
71 1614069
72 1614069
73 1614069
74 1614069
75 1614069
76 1614069
77 1614069
78 1614069
79 1614069
80 1614069
81 1614069
82 1614069
83 1614069
84 1614069
85 1614069
86 1614069
87 1614069
88 1614069
89 1614069
90 1614069
91 1614069
92 1614069
93 1614069
94 1614069
95 1614069
96 1614069
97 1614069
98 1614069
99 1614069
100 1614069
101 1614069
102 1614069
103 1614069
104 1614069
105 1614069
106 1614069
107 1614069
108 1614069
109 1614069
110 1614069
111 1614069
112 1614069
113 1614069
114 1614069
115 1614069
116 1614069
117 1614069
118 1614069
119 1614069
120 1614069
121 1614069
122 1614069
123 1614069
124 1614069
125 1614069
126 1614069
127 1614069
128 1614069
129 1614069
130 1614069
131 1614069
132 1614069
133 1614069
134 1614069
135 1614069
136 1614069
137 1614069
138 1614069
139 1614069
140 1614069
141 1614069
142 1614069
143 1614069
144 1614069
145 1614069
146 1614069
147 1614069
148 1614069
149 1614069
150 1614069
151 1614069
152 1614069
153 1614069
154 1614069
155 1614069
156 1614069
157 1614069
158 1614069
159 1614069
160 1614069
161 1614069
162 1614069
163 1614069
164 1614069
165 1614069
166 1614069
167 1614069
168 1614069
169 1614069
170 1614069
171 1614069
172 1614069
173 1614069
174 1614069
175 1614069
176 1614069
177 1614069
178 1614069
