1 61
2 64
3 67
4 73
5 78
6 78
7 81
8 84
9 88
10 91
11 95
12 97
13 100
14 105
15 129
16 145
17 155
18 155
19 177
20 177
21 206
22 229
23 274
24 321
25 377
26 437
27 507
28 582
29 631
30 667
31 698
32 720
33 735
34 783
35 833
36 862
37 891
38 917
39 957
40 987
41 1009
42 1029
43 1056
44 1077
45 1104
46 1134
47 1163
48 1178
49 1200
50 1218
51 1240
52 1276
53 1293
54 1316
55 1338
56 1360
57 1395
58 1444
59 1483
60 1532
61 1588
62 1613
63 1635
64 1663
65 1668
66 1694
67 1755
68 1786
69 1845
70 1886
71 1911
72 1938
73 1965
74 2005
75 2037
76 2066
77 2091
78 2125
79 2163
80 2211
81 2266
82 2307
83 2340
84 2370
85 2391
86 2436
87 2473
88 2514
89 2521
90 2555
91 2592
92 2625
93 2657
94 2689
95 2715
96 2738
97 2762
98 2794
99 2821
100 2836
101 2845
102 2912
103 2936
104 2977
105 3024
106 3045
107 3067
108 3101
109 3135
110 3190
111 3233
112 3290
113 3320
114 3344
115 3362
116 3390
117 3417
118 3462
119 3486
120 3500
121 3525
122 3542
123 3578
124 3631
125 3667
126 3688
127 3714
128 3734
129 3754
130 3778
131 3801
132 3820
133 3847
134 3864
135 3874
136 3888
137 3901
138 3917
139 3926
140 3938
141 3945
142 3956
143 3961
144 3969
145 3977
146 3985
147 3988
148 3997
149 4003
150 4009
151 4018
152 4028
153 4042
154 4048
155 4058
156 4068
157 4078
158 4090
159 4101
160 4108
161 4114
162 4121
163 4131
164 4137
165 4146
166 4156
167 4162
168 4170
169 4176
170 4183
171 4190
172 4197
173 4210
174 4218
175 4224
176 4230
177 4233
178 4238
179 4241
180 4245
181 4252
182 4256
183 4266
184 4268
185 4273
186 4280
187 4282
188 4283
189 4287
190 4291
191 4299
192 4304
193 4306
194 4311
195 4317
196 4321
197 4322
198 4326
199 4327
200 4333
201 4336
202 4341
203 4343
204 4346
205 4346
206 4348
207 4350
208 4352
209 4355
210 4357
211 4359
212 4360
213 4366
214 4370
215 4372
216 4373
217 4375
218 4376
219 4378
220 4380
221 4382
222 4383
223 4385
224 4386
225 4388
226 4391
227 4393
