1 x
2 x
3 x
4 x
5 x
6 x
7 x
8 x
9 x
10 x
11 x
12 x
13 x
14 x
15 x
16 x
17 x
18 x
19 x
20 x
21 x
22 x
23 x
24 x
25 x
26 x
27 x
28 x
29 x
30 x
31 x
32 x
33 x
34 x
35 x
36 x
37 x
38 x
39 x
40 x
41 x
42 x
43 x
44 x
45 x
46 x
47 x
48 x
49 x
50 x
51 x
52 x
53 x
54 x
55 x
56 x
57 x
58 x
59 x
60 x
61 x
62 x
63 x
64 x
65 x
66 x
67 x
68 x
69 x
70 x
71 x
72 x
73 x
74 x
75 x
76 x
77 x
78 x
79 x
80 x
81 x
82 x
83 x
84 x
85 x
86 x
87 x
88 x
89 x
90 x
91 x
92 x
93 x
94 x
95 x
96 x
97 x
98 x
99 x
100 x
101 x
102 x
103 x
104 x
105 x
106 x
107 x
108 x
109 x
110 x
111 x
112 x
113 x
114 x
115 x
116 x
117 x
118 x
119 x
120 x
121 x
122 x
123 x
124 x
125 x
126 x
127 x
128 x
129 x
130 x
131 x
132 x
133 x
134 x
135 x
136 x
137 x
138 x
139 x
140 x
141 x
142 x
143 x
144 x
145 x
146 x
147 x
148 x
149 44
150 44
151 43
152 43
153 43
154 43
155 47
156 47
157 47
158 47
159 47
160 47
161 47
162 47
163 50
164 50
165 50
166 50
167 50
168 50
169 50
170 50
171 50
172 50
173 50
174 50
175 50
176 50
177 50
178 50
179 50
180 50
181 50
182 50
183 50
184 50
185 50
186 51
187 51
188 51
189 53
190 53
191 53
192 53
193 53
194 53
195 57
196 57
197 57
198 57
199 57
200 57
201 70
202 70
203 70
204 70
205 70
206 70
207 72
208 73
209 73
210 73
211 73
212 75
213 75
214 75
215 77
216 77
217 77
218 77
219 77
220 77
221 77
222 82
223 82
224 82
225 82
226 82
227 91
228 91
229 92
230 92
231 92
232 92
233 100
234 100
235 100
236 100
237 100
238 127
239 127
240 127
241 127
242 127
243 132
244 132
245 132
246 140
247 140
248 141
249 141
250 141
251 141
252 141
253 141
254 141
255 141
256 141
257 141
258 142
259 142
260 154
261 154
262 154
263 154
264 155
265 155
266 155
267 155
268 155
269 155
270 155
271 155
272 155
273 155
274 155
275 169
276 169
277 188
278 191
279 191
280 191
281 191
282 195
283 195
284 195
285 195
286 195
287 195
288 195
289 195
290 195
291 226
292 226
293 226
294 226
295 226
296 234
297 234
298 234
299 234
300 240
301 240
302 240
303 240
304 240
305 240
306 240
307 243
308 243
309 243
310 243
311 243
312 243
313 243
314 243
315 243
316 243
317 243
318 243
319 243
320 243
321 243
322 243
323 243
324 243
325 243
326 243
327 243
328 243
329 243
330 243
331 243
332 243
333 243
334 243
335 243
336 243
337 243
338 243
339 243
340 243
341 243
342 245
