1 x
2 x
3 x
4 x
5 x
6 x
7 x
8 x
9 x
10 x
11 x
12 x
13 x
14 x
15 x
16 x
17 x
18 x
19 x
20 x
21 x
22 x
23 x
24 x
25 x
26 x
27 x
28 x
29 x
30 x
31 x
32 x
33 x
34 x
35 x
36 x
37 x
38 x
39 x
40 x
41 x
42 x
43 x
44 x
45 x
46 x
47 x
48 x
49 x
50 x
51 x
52 x
53 x
54 x
55 x
56 x
57 x
58 x
59 x
60 x
61 x
62 x
63 x
64 x
65 x
66 x
67 x
68 x
69 x
70 x
71 x
72 x
73 x
74 x
75 x
76 x
77 x
78 x
79 x
80 x
81 x
82 x
83 x
84 x
85 x
86 x
87 x
88 x
89 x
90 x
91 x
92 x
93 x
94 x
95 x
96 x
97 x
98 x
99 x
100 x
101 x
102 x
103 x
104 x
105 x
106 x
107 x
108 x
109 x
110 x
111 x
112 x
113 x
114 x
115 x
116 x
117 x
118 x
119 x
120 x
121 x
122 x
123 x
124 x
125 x
126 1
127 1
128 1
129 1
130 1
131 2
132 2
133 2
134 3
135 3
136 3
137 4
138 4
139 4
140 5
141 5
142 5
143 5
144 5
145 7
146 7
147 7
148 9
149 9
150 9
151 13
152 13
153 13
154 13
155 13
156 18
157 18
158 18
159 18
160 18
161 18
162 18
163 18
164 18
165 18
166 18
167 18
168 18
169 18
170 18
171 18
172 18
173 18
174 19
175 19
176 19
177 19
178 19
179 19
180 20
181 20
182 20
183 22
184 22
185 22
186 22
187 27
188 27
189 27
190 28
191 28
192 28
193 29
194 29
195 29
196 30
197 31
198 36
199 37
200 37
201 39
202 39
203 40
204 40
205 40
206 44
207 44
208 44
209 44
210 44
211 44
212 44
213 44
214 46
215 46
216 46
217 46
218 46
219 48
220 52
221 52
222 52
223 52
224 54
225 55
226 55
227 56
228 57
229 58
230 61
231 80
232 80
233 81
234 101
235 103
236 103
237 103
238 103
239 103
240 105
241 107
242 107
243 108
244 108
245 108
246 111
247 111
248 113
249 113
250 113
251 114
252 114
253 114
254 115
255 117
256 117
257 118
258 118
259 119
260 120
261 120
262 120
263 120
264 120
265 120
266 120
267 120
268 120
269 120
270 120
271 120
272 120
273 120
274 120
275 120
276 120
277 120
278 120
279 121
280 121
281 121
282 123
283 123
284 123
285 123
286 123
287 123
288 123
289 123
290 123
291 127
292 127
293 135
294 143
295 148
296 161
297 163
298 164
299 164
300 164
301 169
302 170
303 172
304 172
305 172
306 172
307 177
308 177
309 178
310 179
311 179
312 179
313 179
314 179
315 179
316 179
317 179
318 179
319 181
320 182
321 182
322 184
323 185
324 186
325 186
326 189
327 190
328 191
329 191
330 191
331 191
332 191
333 192
334 192
335 192
336 192
337 192
338 192
339 192
340 192
341 192
342 192
