1 x
2 x
3 x
4 x
5 x
6 x
7 x
8 x
9 x
10 x
11 x
12 x
13 x
14 x
15 x
16 x
17 x
18 x
19 x
20 x
21 x
22 x
23 x
24 x
25 x
26 x
27 x
28 x
29 x
30 x
31 x
32 x
33 x
34 x
35 1
36 4
37 5
38 6
39 7
40 7
41 7
42 7
43 8
44 10
45 11
46 11
47 11
48 12
49 12
50 13
51 13
52 13
53 16
54 17
55 18
56 18
57 18
58 20
59 22
60 22
61 22
62 24
63 25
64 25
65 27
66 28
67 28
68 28
69 29
70 29
71 32
72 35
73 36
74 38
75 38
76 39
77 40
78 44
79 44
80 45
81 46
82 46
83 47
84 48
85 51
86 52
87 55
88 57
89 59
90 60
91 62
92 62
93 63
94 64
95 64
96 64
97 65
98 67
99 68
100 69
101 71
102 74
103 75
104 78
105 80
106 83
107 86
108 88
109 91
110 93
111 97
112 103
113 104
114 109
115 111
116 116
117 117
118 121
119 124
120 127
121 132
122 138
123 139
124 144
125 150
126 156
127 160
128 164
129 168
130 171
131 180
132 184
133 187
134 189
135 191
136 194
137 197
138 198
139 200
140 202
141 207
142 213
143 218
144 221
145 224
146 225
147 231
148 231
149 232
150 233
151 236
152 238
153 240
154 245
155 249
156 256
157 263
158 273
159 281
160 289
161 291
162 294
163 295
164 299
165 306
166 309
167 311
168 318
169 318
170 320
171 322
172 322
173 324
174 327
175 329
176 332
177 334
178 336
179 337
180 337
181 337
182 338
183 341
184 344
185 344
186 348
187 348
188 353
189 354
190 355
191 356
192 357
193 358
194 361
195 363
196 363
197 364
198 364
199 365
200 365
201 365
202 365
203 365
204 365
205 365
206 366
207 366
208 366
209 367
210 367
211 367
212 369
213 369
214 369
215 369
216 369
217 370
218 370
219 371
220 371
221 371
222 371
