1 1064989
2 1064989
3 1064989
4 1064989
5 1064989
6 1064989
7 1064989
8 1064989
9 1064989
10 1064989
11 1064989
12 1064989
13 1064989
14 1064989
15 1064989
16 1064989
17 1064989
18 1064989
19 1064989
20 1064989
21 1064989
22 1064989
23 1064989
24 1064989
25 1064989
26 1064989
27 1064989
28 1064989
29 1064989
30 1064989
31 1064989
32 1064989
33 1064989
34 1064989
35 1064989
36 1064989
37 1064989
38 1064989
39 1064989
40 1064989
41 1064989
42 1064989
43 1064989
44 1064989
45 1064989
46 1064989
47 1064989
48 1064989
49 1064989
50 1064989
51 1064989
52 1064989
53 1064989
54 1064989
55 1064989
56 1064989
57 1064989
58 1064989
59 1064989
60 1064989
61 1064989
62 1064989
63 1064989
64 1064989
65 1064989
66 1064989
67 1064989
68 1064989
69 1064989
70 1064989
71 1064989
72 1064989
73 1064989
74 1064989
75 1064989
76 1064989
77 1064989
78 1064989
79 1064989
80 1064989
81 1064989
82 1064989
83 1064989
84 1064989
85 1064989
86 1064989
87 1064989
88 1064989
89 1064989
90 1064989
91 1064989
92 1064989
93 1064989
94 1064989
95 1064989
96 1064989
97 1064989
98 1064989
99 1064989
100 1064989
101 1064989
102 1064989
103 1064989
104 1064989
105 1064989
106 1064989
107 1064989
108 1064989
109 1064989
110 1064989
111 1064989
112 1064989
113 1064989
114 1064989
115 1064989
116 1064989
117 1064989
118 1064989
119 1064989
120 1064989
121 1064989
122 1064989
123 1064989
124 1064989
125 1064989
126 1064989
127 1064989
128 1064989
129 1064989
130 1064989
131 1064989
132 1064989
133 1064989
134 1064989
135 1064989
136 1064989
137 1064989
138 1064989
139 1064989
140 1064989
