1 30
2 32
3 33
4 33
5 34
6 34
7 34
8 35
9 36
10 36
11 38
12 40
13 40
14 43
15 44
16 46
17 47
18 48
19 48
20 49
21 49
22 51
23 54
24 56
25 56
26 58
27 59
28 59
29 59
30 58
31 58
32 58
33 54
34 54
35 54
36 56
37 55
38 57
39 57
40 59
41 60
42 60
43 60
44 60
45 61
46 63
47 65
48 66
49 68
50 68
51 69
52 69
53 69
54 69
55 70
56 70
57 70
58 71
59 72
60 72
61 73
62 73
63 74
64 74
65 75
66 75
67 76
68 76
69 76
70 77
71 78
72 78
73 78
74 78
75 80
76 80
77 80
78 80
79 84
80 84
81 84
82 84
83 85
84 85
85 86
86 86
87 86
88 87
89 88
90 88
91 89
92 89
93 90
94 90
95 90
96 90
97 90
98 91
99 92
100 92
101 92
102 93
103 93
104 93
105 93
106 93
107 93
108 94
109 94
110 94
111 94
112 94
113 94
114 94
115 95
116 95
117 95
118 95
119 95
120 95
121 95
122 95
123 95
124 95
125 95
126 95
127 97
128 97
129 97
130 97
131 97
132 97
133 97
134 97
135 97
136 97
137 97
138 97
139 97
140 97
141 97
142 97
143 97
144 97
145 97
146 97
147 97
148 97
149 97
150 97
151 97
152 97
153 97
154 97
155 97
156 97
157 97
158 97
159 97
160 97
161 97
162 97
163 97
164 97
165 97
166 97
167 97
168 97
169 97
170 97
171 97
172 97
173 97
174 97
175 97
176 98
177 98
178 98
179 98
180 98
181 98
182 98
