1 815
2 833
3 884
4 901
5 915
6 954
7 971
8 1002
9 1036
10 1062
11 1084
12 1109
13 1128
14 1157
15 1169
16 1190
17 1209
18 1223
19 1244
20 1268
21 1296
22 1310
23 1323
24 1350
25 1384
26 1397
27 1411
28 1427
29 1464
30 1480
31 1492
32 1502
33 1531
34 1542
35 1544
36 1779
37 1789
38 1792
39 1804
40 1814
41 1831
42 1839
43 1851
44 1864
45 1869
46 1881
47 1893
48 1895
49 1901
50 1914
51 1920
52 1928
53 1946
54 1952
55 1960
56 1969
57 1982
58 1989
59 1990
60 1993
61 1998
62 2005
63 2010
64 2015
65 2028
66 2040
67 2047
68 2054
69 2082
70 2094
71 2101
72 2116
73 2126
74 2136
75 2151
76 2155
77 2156
78 2156
79 2157
80 2163
81 2170
82 2189
83 2209
84 2216
85 2226
86 2233
87 2243
88 2256
89 2266
90 2271
91 2285
92 2291
93 2298
94 2305
95 2313
96 2323
97 2331
98 2339
99 2347
100 2354
101 2358
102 2364
103 2374
104 2380
105 2388
106 2400
107 2413
108 2425
109 2428
110 2437
111 2447
112 2457
113 2471
114 2484
115 2496
116 2508
117 2520
118 2546
119 2554
120 2566
121 2576
122 2591
123 2606
124 2625
125 2649
126 2679
127 2692
128 2702
129 2714
130 2728
131 2736
132 2739
133 2739
134 2740
135 2740
136 2743
137 2747
138 2753
139 2758
140 2760
141 2765
142 2767
143 2769
144 2773
145 2775
146 2777
