1 3
2 3
3 3
4 3
5 3
6 3
7 3
8 5
9 6
10 7
11 7
12 8
13 8
14 8
15 8
16 8
17 8
18 9
19 9
20 9
21 9
22 9
23 9
24 9
25 9
26 9
27 9
28 9
29 9
30 9
31 9
32 9
33 9
34 9
35 9
36 9
37 9
38 9
39 9
40 9
41 9
42 9
43 9
44 9
45 9
46 10
47 10
48 10
49 10
50 10
51 11
52 12
53 12
54 13
55 13
56 13
57 13
58 13
59 13
60 13
61 13
62 13
63 13
64 13
65 13
66 13
67 14
68 14
69 14
70 14
71 14
72 14
73 14
74 15
75 15
76 15
77 15
78 15
79 15
80 15
81 15
82 15
83 15
84 15
85 15
86 15
87 15
88 15
89 15
90 15
91 15
92 15
93 15
94 15
95 15
96 15
97 15
98 15
99 15
100 15
101 15
102 16
103 16
104 16
105 16
106 16
107 16
108 16
109 16
110 16
111 16
112 16
113 16
114 16
115 16
116 16
117 16
118 16
119 16
120 16
121 16
122 16
123 16
124 16
125 16
126 16
127 16
128 16
129 16
130 16
131 16
132 16
133 18
134 17
135 17
136 17
137 17
