1 597
2 639
3 675
4 722
5 769
6 823
7 852
8 924
9 985
10 1074
11 1137
12 1198
13 1257
14 1288
15 1382
16 1441
17 1530
18 1650
19 1715
20 1771
21 1879
22 1986
23 2126
24 2232
25 2303
26 2444
27 2572
28 2684
29 2807
30 2941
31 3032
32 3142
33 3261
34 3300
35 3388
36 3497
37 3583
38 3686
39 3787
40 3838
41 3898
42 3922
43 3961
44 4030
45 4078
46 4149
47 4207
48 4263
49 4288
50 4334
51 4380
52 4439
53 4508
54 4569
55 4632
56 4682
57 4722
58 4763
59 4799
60 4831
61 4866
62 4904
63 4919
64 4958
65 5018
66 5057
67 5091
68 5125
69 5166
70 5194
71 5238
72 5262
73 5284
74 5329
75 5341
76 5383
77 5407
78 5435
79 5463
80 5479
81 5512
82 5539
83 5579
84 5591
85 5610
86 5642
87 5669
88 5709
89 5726
90 5737
91 5748
92 5762
93 5785
94 5813
95 5828
96 5853
97 5868
98 5889
99 5920
100 5947
101 5975
102 5992
103 6014
104 6029
105 6042
106 6055
107 6067
108 6080
109 6093
110 6124
111 6146
112 6160
113 6170
114 6178
115 6192
116 6200
117 6220
118 6236
119 6236
120 6253
121 6264
122 6269
123 6276
124 6289
125 6300
126 6304
127 6323
128 6337
129 6351
130 6372
131 6380
132 6392
133 6398
134 6417
135 6429
136 6444
137 6461
138 6477
139 6496
140 6504
141 6514
142 6535
143 6544
144 6561
145 6581
146 6597
147 6599
148 6610
149 6625
150 6644
151 6655
152 6669
153 6685
154 6700
155 6724
156 6744
157 6777
158 6824
159 6843
160 6861
161 6866
162 6885
163 6907
164 6929
165 6957
166 6969
167 6987
168 7002
169 7021
170 7039
171 7063
172 7081
173 7091
174 7099
175 7106
176 7112
177 7126
178 7135
179 7141
180 7154
181 7169
182 7173
183 7185
184 7195
185 7208
186 7210
187 7216
188 7237
189 7276
190 7280
191 7280
192 7281
193 7288
