1 25
2 25
3 27
4 28
5 30
6 31
7 32
8 34
9 35
10 38
11 41
12 42
13 45
14 47
15 49
16 51
17 55
18 58
19 61
20 65
21 69
22 69
23 73
24 79
25 84
26 86
27 91
28 91
29 100
30 103
31 108
32 110
33 112
34 116
35 116
36 116
37 116
38 116
39 120
40 122
41 123
42 125
43 126
44 127
45 129
46 132
47 132
48 132
49 138
50 140
51 142
52 145
53 145
54 145
55 147
56 148
57 151
58 153
59 157
60 159
61 160
62 161
63 163
64 165
65 166
66 166
67 168
68 170
69 170
70 170
71 174
72 174
73 174
74 175
75 175
76 175
77 175
78 177
79 178
80 179
81 181
82 181
83 181
84 181
85 182
86 182
87 182
88 182
89 182
90 183
91 185
92 185
93 185
94 185
95 185
96 186
97 186
98 186
99 186
100 187
101 187
102 187
103 187
104 187
105 187
106 187
107 188
108 188
109 188
110 188
111 188
112 188
113 189
114 189
115 189
116 189
117 189
118 189
119 189
120 189
121 189
122 189
123 189
124 189
125 189
126 189
127 189
128 189
129 189
130 189
131 189
132 189
133 189
134 189
135 189
136 189
137 190
138 190
139 190
140 190
141 190
142 190
143 190
144 190
145 190
146 190
147 190
148 190
149 190
150 190
151 190
152 190
153 190
154 190
155 190
156 190
157 190
158 190
159 190
160 190
161 190
162 190
163 190
164 190
165 190
166 190
167 190
168 190
169 190
170 190
171 190
172 190
173 190
174 190
175 190
176 190
177 190
178 190
179 190
180 190
181 190
182 190
183 190
184 190
185 190
