1 5168488
2 5168488
3 5168488
4 5168488
5 5168488
6 5168488
7 5168488
8 5168488
9 5168488
10 5168488
11 5168488
12 5168488
13 5168488
14 5168488
15 5168488
16 5168488
17 5168488
18 5168488
19 5168488
20 5168488
21 5168488
22 5168488
23 5168488
24 5168488
25 5168488
26 5168488
27 5168488
28 5168488
29 5168488
30 5168488
31 5168488
32 5168488
33 5168488
34 5168488
35 5168488
36 5168488
37 5168488
38 5168488
39 5168488
40 5168488
41 5168488
42 5168488
43 5168488
44 5168488
45 5168488
46 5168488
47 5168488
48 5168488
49 5168488
50 5168488
51 5168488
52 5168488
53 5168488
54 5168488
55 5168488
56 5168488
57 5168488
58 5168488
59 5168488
60 5168488
61 5168488
62 5168488
63 5168488
64 5168488
65 5168488
66 5168488
67 5168488
68 5168488
69 5168488
70 5168488
71 5168488
72 5168488
73 5168488
74 5168488
75 5168488
76 5168488
77 5168488
78 5168488
79 5168488
80 5168488
81 5168488
82 5168488
83 5168488
84 5168488
85 5168488
86 5168488
87 5168488
88 5168488
89 5168488
90 5168488
91 5168488
92 5168488
93 5168488
94 5168488
95 5168488
96 5168488
97 5168488
98 5168488
99 5168488
100 5168488
101 5168488
102 5168488
103 5168488
104 5168488
105 5168488
106 5168488
107 5168488
108 5168488
109 5168488
110 5168488
111 5168488
112 5168488
113 5168488
114 5168488
115 5168488
116 5168488
117 5168488
118 5168488
119 5168488
120 5168488
121 5168488
122 5168488
123 5168488
124 5168488
125 5168488
126 5168488
127 5168488
128 5168488
129 5168488
130 5168488
131 5168488
132 5168488
133 5168488
134 5168488
135 5168488
136 5168488
137 5168488
138 5168488
139 5168488
140 5168488
141 5168488
142 5168488
143 5168488
144 5168488
145 5168488
146 5168488
147 5168488
148 5168488
149 5168488
150 5168488
151 5168488
152 5168488
153 5168488
154 5168488
155 5168488
156 5168488
157 5168488
158 5168488
159 5168488
160 5168488
161 5168488
162 5168488
163 5168488
164 5168488
165 5168488
166 5168488
167 5168488
168 5168488
169 5168488
170 5168488
171 5168488
172 5168488
173 5168488
174 5168488
175 5168488
176 5168488
177 5168488
178 5168488
179 5168488
180 5168488
181 5168488
182 5168488
183 5168488
184 5168488
185 5168488
186 5168488
