1 8
2 8
3 8
4 8
5 10
6 11
7 11
8 11
9 11
10 11
11 11
12 11
13 11
14 11
15 11
16 11
17 13
18 13
19 13
20 13
21 13
22 14
23 15
24 15
25 16
26 16
27 17
28 17
29 17
30 17
31 18
32 18
33 18
34 19
35 19
36 19
37 20
38 20
39 20
40 20
41 21
42 21
43 23
44 24
45 24
46 25
47 25
48 25
49 26
50 26
51 27
52 27
53 28
54 29
55 29
56 30
57 31
58 32
59 33
60 33
61 33
62 34
63 34
64 34
65 34
66 35
67 36
68 37
69 38
70 39
71 40
72 41
73 42
74 43
75 44
76 44
77 45
78 45
79 45
80 45
81 46
82 47
83 48
84 49
85 50
86 51
87 52
88 53
89 54
90 55
91 56
92 56
93 57
94 58
95 58
96 59
97 60
98 61
99 62
100 62
101 62
102 63
103 64
104 65
105 66
106 67
107 67
108 67
109 67
110 69
111 70
112 71
113 72
114 73
115 73
116 74
117 75
118 75
119 76
120 77
121 77
122 78
123 79
124 80
125 80
126 81
127 82
128 83
129 83
130 84
131 85
132 86
133 86
134 87
135 89
136 90
137 90
138 90
139 90
140 90
141 91
142 92
143 93
144 93
145 94
146 95
147 95
148 95
149 95
150 95
151 95
152 95
153 96
154 97
155 98
156 98
157 98
158 98
159 98
160 98
161 98
162 98
163 98
164 98
165 99
166 99
167 100
168 100
169 100
170 100
171 100
172 100
173 100
174 100
175 100
176 100
177 100
178 100
179 100
180 100
181 100
182 100
183 101
184 101
185 101
186 101
