1 393
2 393
3 417
4 449
5 523
6 640
7 640
8 736
9 757
10 860
11 920
12 948
13 1037
14 1065
15 1135
16 1176
17 1232
18 1348
19 1407
20 1490
21 1651
22 1654
23 1724
24 1809
25 1896
26 1909
27 1994
28 2264
29 2501
30 2864
31 2976
32 3114
33 3309
34 3518
35 3518
36 4085
37 4347
38 4522
39 4640
40 4801
41 4890
42 5006
43 5139
44 5397
45 5397
46 5502
47 5698
48 5771
49 5915
50 6039
51 6133
52 6320
53 6499
54 6620
55 7383
56 7383
57 7383
58 7383
59 7600
60 7800
61 7899
62 7961
63 8000
64 8090
65 8120
66 8205
67 8500
68 8680
69 8820
70 8962
71 9088
72 9180
73 9290
74 9400
75 9515
76 9641
77 9710
78 9855
79 9995
80 10168
81 10219
82 10339
83 10475
84 10560
85 10630
86 10840
87 10949
88 11073
89 11289
90 11392
91 11512
92 11649
93 11942
94 12050
95 12169
96 12284
97 12398
98 12559
99 12737
100 12878
101 12984
102 13080
103 13277
104 13398
105 13469
106 13680
107 13783
108 13890
109 13990
110 14080
111 14221
112 14398
113 14480
114 14530
115 14590
116 14633
117 14780
118 14890
119 15100
120 15302
121 15429
122 15549
123 15649
124 15790
125 15898
126 16002
127 16069
128 16150
129 16280
130 16340
131 16499
132 16698
133 16801
134 16970
135 17180
136 17298
137 17389
138 17580
139 17737
140 17882
141 18129
142 18254
143 18459
144 18658
145 18797
146 19068
147 19344
148 19545
149 19841
150 19988
151 20120
152 20163
153 20258
154 20292
155 20362
156 20382
157 20404
158 20438
159 20468
160 20527
161 20547
162 20617
163 20662
164 20701
165 20740
166 20753
167 20787
168 20826
169 20865
170 20903
171 20913
172 20935
173 20949
174 20965
175 20978
176 20990
177 21013
178 21029
179 21047
180 21097
181 21165
182 21189
183 21259
184 21317
185 21353
186 21372
187 21376
188 21394
189 21406
190 21420
191 21439
192 21457
193 21483
194 21515
195 21522
196 21526
197 21537
198 21556
199 21556
200 21565
201 21572
202 21586
203 21597
204 21611
205 21626
206 21634
207 21646
