1 x
2 x
3 x
4 x
5 x
6 x
7 x
8 x
9 x
10 x
11 x
12 x
13 x
14 x
15 x
16 x
17 x
18 x
19 x
20 x
21 x
22 x
23 x
24 x
25 x
26 x
27 x
28 x
29 x
30 x
31 x
32 x
33 x
34 x
35 x
36 x
37 x
38 x
39 x
40 x
41 x
42 x
43 x
44 x
45 x
46 x
47 x
48 x
49 x
50 x
51 x
52 x
53 x
54 x
55 x
56 x
57 x
58 x
59 x
60 x
61 x
62 x
63 x
64 x
65 x
66 x
67 x
68 x
69 x
70 x
71 x
72 x
73 x
74 x
75 x
76 x
77 x
78 x
79 x
80 x
81 x
82 x
83 x
84 x
85 x
86 x
87 x
88 x
89 x
90 x
91 x
92 x
93 x
94 x
95 x
96 x
97 13310
98 13310
99 13310
100 13310
101 13310
102 13310
103 13310
104 13310
105 13310
106 13310
107 13310
108 13310
109 13310
110 13310
111 13310
112 13310
113 13310
114 13310
115 13310
116 13310
117 13310
118 13310
119 13310
120 13310
121 13310
122 13310
123 13310
124 13310
125 13310
126 13310
127 13310
128 13310
129 13310
130 13310
131 13310
132 13310
133 13310
134 13310
135 13310
136 13310
137 13310
138 13310
139 13310
140 13310
141 13310
142 13310
143 13310
144 13310
145 13310
146 13310
147 13310
148 13310
149 13310
150 13310
151 13310
152 13310
153 13310
154 13310
155 13310
156 13310
157 13310
158 13310
159 13310
160 13310
161 13310
162 13310
163 13310
164 13310
165 13310
166 13310
167 13310
168 13310
169 13310
170 13310
171 13310
172 13310
173 13310
174 13310
175 13310
176 13310
177 13310
178 13310
179 13310
180 13310
181 13310
182 13310
183 13310
184 13310
185 13310
186 13310
187 13310
188 13310
189 13310
190 13310
191 13310
192 13310
193 13310
194 13310
195 13310
196 13310
197 13310
198 13310
199 13310
200 13310
201 13310
202 13310
203 13310
204 13310
205 13310
206 13310
207 13310
208 13310
209 13310
210 13310
211 13310
212 13310
213 13310
214 13310
215 13310
216 13310
217 13310
218 13310
219 13310
220 13310
221 13310
222 13310
223 13310
224 13310
225 13310
226 13310
227 13310
228 13310
229 13310
230 13310
231 13310
232 13310
233 13310
234 13310
235 13310
236 13310
237 13310
238 13310
239 13310
240 13310
241 13310
242 13310
243 13310
244 13310
245 13310
246 13310
247 13310
248 13310
249 13310
250 13310
251 13310
252 13310
253 13310
254 13310
255 13310
256 13310
257 13310
258 13310
259 13310
260 13310
261 13310
262 13310
263 13310
264 13310
265 13310
266 13310
267 13310
268 13310
269 13310
270 13310
271 13310
272 13310
273 13310
274 13310
275 13310
276 13310
277 13310
278 13310
279 13310
280 13310
281 13310
282 13310
283 13310
284 13310
285 13310
286 13310
287 13310
288 13310
289 13310
290 13310
291 13310
292 13310
293 13310
294 13310
295 13310
296 13310
297 13310
298 13310
299 13310
300 13310
301 13310
302 13310
303 13310
304 13310
305 13310
306 13310
307 13310
308 13310
309 13310
310 13310
311 13310
312 13310
313 13310
314 13310
315 13310
316 13310
317 13310
318 13310
319 13310
320 13310
321 13310
322 13310
323 13310
324 13310
325 13310
326 13310
327 13310
328 13310
329 13310
330 13310
331 13310
332 13310
333 13310
334 13310
335 13310
336 13310
337 13310
338 13310
339 13310
340 13310
341 13310
342 13310
