1 9
2 9
3 9
4 9
5 9
6 9
7 10
8 11
9 11
10 11
11 11
12 11
13 11
14 11
15 11
16 11
17 12
18 12
19 15
20 19
21 21
22 25
23 25
24 25
25 27
26 35
27 38
28 44
29 50
30 55
31 61
32 64
33 65
34 69
35 75
36 79
37 82
38 90
39 99
40 106
41 110
42 115
43 122
44 128
45 130
46 133
47 136
48 139
49 144
50 147
51 151
52 158
53 164
54 166
55 167
56 170
57 172
58 173
59 175
60 178
61 180
62 182
63 185
64 187
65 187
66 189
67 190
68 192
69 192
70 193
71 193
72 191
73 191
74 192
75 192
76 193
77 195
78 194
79 194
80 194
81 195
82 196
83 196
84 196
85 198
86 199
87 200
88 199
89 199
90 199
91 199
92 199
93 199
94 200
95 200
96 200
97 201
98 202
99 202
100 204
101 204
102 205
103 205
104 205
105 205
106 205
107 205
108 206
109 207
110 207
111 208
112 208
113 208
114 208
115 208
116 208
117 208
118 208
119 208
120 208
121 208
122 208
123 208
124 208
125 208
126 208
127 208
128 209
129 210
130 210
131 209
132 209
133 210
134 209
135 209
136 209
137 209
138 209
139 209
140 209
141 209
142 209
143 209
144 209
145 209
146 210
147 210
148 210
149 210
150 210
151 210
152 210
153 210
154 210
155 210
156 210
157 210
158 210
159 210
160 210
161 210
162 210
163 210
164 211
165 211
166 211
167 211
168 211
169 211
170 211
171 211
172 211
173 211
174 211
175 211
176 211
177 211
178 211
179 211
180 211
181 211
182 211
183 211
184 212
185 212
186 212
187 212
188 212
189 212
190 212
191 212
192 212
193 212
194 212
195 212
196 212
197 212
198 212
199 212
200 212
201 212
202 212
203 213
204 213
205 213
206 213
207 213
208 213
209 213
210 213
211 213
212 213
