1 327391
2 327391
3 327391
4 327391
5 327391
6 327391
7 327391
8 327391
9 327391
10 327391
11 327391
12 327391
13 327391
14 327391
15 327391
16 327391
17 327391
18 327391
19 327391
20 327391
21 327391
22 327391
23 327391
24 327391
25 327391
26 327391
27 327391
28 327391
29 327391
30 327391
31 327391
32 327391
33 327391
34 327391
35 327391
36 327391
37 327391
38 327391
39 327391
40 327391
41 327391
42 327391
43 327391
44 327391
45 327391
46 327391
47 327391
48 327391
49 327391
50 327391
51 327391
52 327391
53 327391
54 327391
55 327391
56 327391
57 327391
58 327391
59 327391
60 327391
61 327391
62 327391
63 327391
64 327391
65 327391
66 327391
67 327391
68 327391
69 327391
70 327391
71 327391
72 327391
73 327391
74 327391
75 327391
76 327391
77 327391
78 327391
79 327391
80 327391
81 327391
82 327391
83 327391
84 327391
85 327391
86 327391
87 327391
88 327391
89 327391
90 327391
91 327391
92 327391
93 327391
94 327391
95 327391
96 327391
97 327391
98 327391
99 327391
100 327391
101 327391
102 327391
103 327391
104 327391
105 327391
106 327391
107 327391
108 327391
109 327391
110 327391
111 327391
112 327391
113 327391
114 327391
115 327391
116 327391
117 327391
118 327391
119 327391
120 327391
121 327391
122 327391
123 327391
124 327391
125 327391
126 327391
127 327391
128 327391
129 327391
130 327391
131 327391
132 327391
133 327391
134 327391
135 327391
136 327391
137 327391
138 327391
139 327391
140 327391
141 327391
142 327391
143 327391
144 327391
145 327391
146 327391
147 327391
148 327391
149 327391
150 327391
151 327391
152 327391
153 327391
