1 1059
2 1126
3 1218
4 1273
5 1299
6 1315
7 1395
8 1472
9 1555
10 1648
11 1792
12 1860
13 1900
14 2135
15 2239
16 2326
17 2435
18 2591
19 2677
20 2821
21 2965
22 3086
23 3201
24 3336
25 3454
26 3500
27 3636
28 3853
29 4010
30 4245
31 4306
32 4423
33 4623
34 4840
35 5227
36 5559
37 5838
38 6075
39 6287
40 6597
41 6843
42 7130
43 7421
44 7587
45 7913
46 8205
47 8387
48 8652
49 8871
50 9074
51 9273
52 9441
53 9625
54 9704
55 9882
56 10014
57 10211
58 10326
59 10453
60 10593
61 10672
62 10796
63 10941
64 11063
65 11127
66 11241
67 11311
68 11384
69 11455
70 11504
71 11591
72 11664
73 11741
74 11771
75 11843
76 11892
77 11964
78 12019
79 12101
80 12152
81 12210
82 12257
83 12279
84 12328
85 12404
86 12463
87 12527
88 12585
89 12643
90 12686
91 12759
92 12794
93 12857
94 12910
95 12987
96 13021
97 13050
98 13110
99 13142
100 13180
101 13200
102 13234
103 13249
104 13283
105 13313
106 13341
107 13350
108 13370
109 13379
110 13402
111 13419
112 13448
113 13464
114 13501
115 13527
116 13542
117 13555
118 13574
119 13605
120 13624
121 13637
122 13651
123 13669
124 13687
125 13709
126 13734
127 13756
128 13770
129 13785
130 13799
131 13820
132 13839
133 13857
134 13860
135 13861
136 13881
137 13909
138 13936
139 13960
140 13971
141 13987
142 13991
143 13992
144 13993
145 13993
146 13995
147 13996
148 13997
149 13997
150 14009
151 14022
152 14028
153 14037
154 14047
155 14057
156 14063
157 14067
158 14076
159 14084
160 14099
161 14109
162 14124
163 14138
164 14157
165 14170
166 14186
167 14203
168 14223
169 14246
170 14264
171 14279
172 14289
173 14296
174 14300
175 14309
176 14310
177 14318
178 14325
179 14333
180 14337
