1 1005
2 1103
3 1141
4 1188
5 1249
6 1316
7 1393
8 1427
9 1498
10 1519
11 1560
12 1607
13 1667
14 1765
15 1854
16 1925
17 1953
18 2067
19 2145
20 2206
21 2356
22 2456
23 2551
24 2837
25 3001
26 3175
27 3326
28 3418
29 3658
30 3919
31 3969
32 3992
33 4086
34 4228
35 4475
36 4702
37 4934
38 5132
39 5259
40 5486
41 5638
42 5779
43 5863
44 5863
45 6189
46 6311
47 6400
48 6464
49 6543
50 6613
51 6811
52 6987
53 7173
54 7353
55 7435
56 7604
57 7680
58 7802
59 8078
60 8410
61 8627
62 8842
63 9260
64 9707
65 10085
66 10295
67 10537
68 10699
69 10858
70 10953
71 11033
72 11259
73 11365
74 11474
75 11548
76 11627
77 11726
78 11810
79 11909
80 11995
81 12065
82 12135
83 12176
84 12298
85 12357
86 12422
87 12466
88 12501
89 12553
90 12582
91 12618
92 12716
93 12822
94 12891
95 12922
96 12977
97 13018
98 13051
99 13075
100 13127
101 13143
102 13156
103 13200
104 13229
105 13262
106 13296
107 13314
108 13341
109 13382
110 13452
111 13464
112 13501
113 13547
114 13570
115 13571
116 13604
117 13650
118 13690
119 13704
120 13712
121 13732
122 13735
123 13787
124 13828
125 13850
126 13890
127 13941
128 13974
129 13979
130 13989
131 14040
132 14067
133 14082
134 14098
135 14105
136 14124
137 14134
138 14152
139 14171
140 14184
141 14193
142 14214
143 14224
144 14231
145 14250
146 14270
147 14309
148 14314
149 14322
150 14359
151 14365
152 14376
153 14380
154 14390
155 14410
156 14415
157 14429
158 14446
159 14470
160 14489
161 14492
162 14500
163 14513
164 14530
165 14546
166 14565
167 14571
168 14579
169 14602
170 14609
171 14619
172 14630
173 14643
174 14658
175 14678
176 14689
177 14703
178 14708
