1 1003
2 1004
3 1022
4 1030
5 1033
6 1038
7 1042
8 1044
9 1044
10 1054
11 1057
12 1063
13 1071
14 1078
15 1117
16 1122
17 1127
18 1128
19 1128
20 1129
21 1129
22 1131
23 1140
24 1145
25 1147
26 1154
27 1157
28 1158
29 1166
30 1167
31 1169
32 1170
33 1172
34 1173
35 1177
36 1182
37 1190
38 1200
39 1201
40 1204
41 1204
42 1204
43 1206
44 1208
45 1208
46 1209
47 1209
48 1211
49 1211
50 1212
51 1217
52 1217
53 1217
54 1218
55 1219
56 1224
57 1228
58 1228
59 1232
60 1235
61 1237
62 1239
63 1240
64 1245
65 1247
66 1247
67 1248
68 1248
69 1248
70 1248
71 1249
72 1249
73 1254
74 1254
75 1256
76 1256
77 1257
78 1257
79 1257
80 1258
81 1258
82 1258
83 1260
84 1261
85 1261
86 1263
87 1263
88 1264
89 1264
90 1265
91 1265
92 1265
93 1266
94 1266
95 1267
96 1267
97 1267
98 1268
99 1268
100 1268
101 1268
102 1268
