1 1311382
2 1311382
3 1311382
4 1311382
5 1311382
6 1311382
7 1311382
8 1311382
9 1311382
10 1311382
11 1311382
12 1311382
13 1311382
14 1311382
15 1311382
16 1311382
17 1311382
18 1311382
19 1311382
20 1311382
21 1311382
22 1311382
23 1311382
24 1311382
25 1311382
26 1311382
27 1311382
28 1311382
29 1311382
30 1311382
31 1311382
32 1311382
33 1311382
34 1311382
35 1311382
36 1311382
37 1311382
38 1311382
39 1311382
40 1311382
41 1311382
42 1311382
43 1311382
44 1311382
45 1311382
46 1311382
47 1311382
48 1311382
49 1311382
50 1311382
51 1311382
52 1311382
53 1311382
54 1311382
55 1311382
56 1311382
57 1311382
58 1311382
59 1311382
60 1311382
61 1311382
62 1311382
63 1311382
64 1311382
65 1311382
66 1311382
67 1311382
68 1311382
69 1311382
70 1311382
71 1311382
72 1311382
73 1311382
74 1311382
75 1311382
76 1311382
77 1311382
78 1311382
79 1311382
80 1311382
81 1311382
82 1311382
83 1311382
84 1311382
85 1311382
86 1311382
87 1311382
88 1311382
89 1311382
90 1311382
91 1311382
92 1311382
93 1311382
94 1311382
95 1311382
96 1311382
97 1311382
98 1311382
99 1311382
100 1311382
101 1311382
102 1311382
103 1311382
104 1311382
105 1311382
106 1311382
107 1311382
108 1311382
109 1311382
110 1311382
111 1311382
112 1311382
113 1311382
114 1311382
115 1311382
116 1311382
117 1311382
118 1311382
119 1311382
120 1311382
121 1311382
122 1311382
123 1311382
124 1311382
125 1311382
126 1311382
127 1311382
128 1311382
129 1311382
130 1311382
131 1311382
132 1311382
133 1311382
134 1311382
135 1311382
136 1311382
137 1311382
138 1311382
139 1311382
140 1311382
141 1311382
142 1311382
