1 615
2 646
3 682
4 708
5 727
6 745
7 822
8 854
9 882
10 901
11 912
12 950
13 968
14 978
15 998
16 1016
17 1044
18 1049
19 1074
20 1107
21 1135
22 1170
23 1214
24 1241
25 1263
26 1303
27 1367
28 1402
29 1443
30 1519
31 1583
32 1691
33 1754
34 1803
35 1896
36 1940
37 1968
38 1998
39 2188
40 2287
41 2384
42 2431
43 2512
44 2648
45 2898
46 3097
47 3211
48 3455
49 3744
50 4268
51 4836
52 5241
53 5548
54 5798
55 6058
56 6436
57 7071
58 7666
59 8024
60 8185
61 8482
62 8798
63 9219
64 9596
65 10043
66 10425
67 10738
68 10930
69 11150
70 11449
71 11709
72 11953
73 12145
74 12399
75 12718
76 13004
77 13294
78 13580
79 13814
80 14202
81 14518
82 14868
83 15257
84 15563
85 15939
86 16303
87 16678
88 17018
89 17460
90 17778
91 18242
92 18671
93 18945
94 19340
95 19612
96 19965
97 20413
98 20768
99 21089
100 21343
101 21616
102 21871
103 22039
104 22243
105 22428
106 22581
107 22740
108 22860
109 23019
110 23214
111 23358
112 23510
113 23708
114 23819
115 23991
116 24185
117 24765
118 24868
119 24972
120 25314
121 25588
122 25708
123 25677
124 25784
125 25843
126 25682
127 25898
128 26211
129 26324
130 26398
131 26525
132 26561
133 26674
134 26737
135 26787
136 26832
137 26909
138 26930
139 26986
140 27044
141 27098
142 27144
143 27203
144 27285
145 27347
146 27409
147 27492
148 27577
149 27650
150 27728
151 27805
152 27877
153 27961
154 28063
155 28142
156 28175
157 28291
158 28432
159 28574
160 28703
161 28823
162 28933
163 29028
164 29106
165 29246
166 29339
167 29434
168 29516
169 29625
170 29744
171 29826
172 29908
173 29956
174 30008
175 30072
176 30136
177 30162
178 30247
179 30316
180 30379
181 30417
182 30435
183 30521
184 30580
185 30632
186 30691
187 30745
188 30785
189 30833
190 30904
191 30904
192 31002
193 31042
194 31084
195 31157
196 31195
197 31232
198 31263
199 31293
200 31342
201 31375
202 31396
203 31423
204 31455
205 31470
206 31510
207 31539
208 31571
209 31597
210 31625
211 31648
212 31680
213 31698
214 31711
215 31727
216 31776
217 31810
218 31818
219 31828
220 31845
221 31856
222 31864
223 31880
