1 x
2 x
3 x
4 x
5 x
6 x
7 x
8 x
9 x
10 x
11 x
12 x
13 x
14 x
15 x
16 x
17 x
18 x
19 x
20 x
21 x
22 x
23 x
24 x
25 x
26 x
27 x
28 x
29 x
30 x
31 x
32 x
33 x
34 x
35 x
36 x
37 x
38 x
39 x
40 x
41 x
42 x
43 x
44 x
45 x
46 x
47 x
48 x
49 x
50 x
51 x
52 x
53 x
54 x
55 x
56 x
57 x
58 x
59 x
60 x
61 x
62 x
63 x
64 x
65 x
66 x
67 x
68 x
69 x
70 x
71 x
72 x
73 x
74 x
75 x
76 x
77 x
78 x
79 x
80 x
81 x
82 x
83 x
84 x
85 x
86 x
87 x
88 x
89 x
90 x
91 x
92 x
93 1
94 2
95 2
96 2
97 2
98 2
99 2
100 5
101 5
102 7
103 7
104 8
105 8
106 8
107 8
108 8
109 8
110 10
111 10
112 10
113 11
114 11
115 11
116 11
117 13
118 13
119 13
120 15
121 13
122 13
123 13
124 13
125 13
126 30
127 30
128 30
129 30
130 30
131 32
132 32
133 40
134 41
135 41
136 41
137 46
138 49
139 49
140 49
141 49
142 49
143 49
144 49
145 49
146 49
147 49
148 49
149 49
150 50
151 50
152 50
153 50
154 51
155 51
156 51
157 51
158 51
159 51
160 51
161 51
162 51
163 51
164 51
165 51
166 51
167 51
168 52
169 52
170 52
171 52
172 53
173 53
174 53
175 53
176 53
177 53
178 53
179 55
180 57
181 57
182 57
183 57
184 59
185 59
186 59
187 72
188 72
189 72
190 73
191 73
192 73
193 73
194 73
195 73
196 73
197 73
198 73
199 73
200 73
201 73
202 73
203 74
204 74
205 74
206 75
207 75
208 75
209 76
210 77
211 79
212 79
213 79
214 79
215 79
216 83
217 83
218 85
219 85
220 113
221 113
222 113
223 113
224 113
225 113
226 113
227 113
228 115
229 116
230 116
231 116
232 117
233 132
234 134
235 134
236 134
237 135
238 146
239 146
240 146
241 147
242 152
243 152
244 152
245 153
246 151
247 151
248 152
249 152
250 152
251 152
252 152
253 154
254 154
255 154
256 154
257 155
258 156
259 156
260 158
261 159
262 159
263 159
264 168
265 168
266 169
267 182
268 182
269 183
270 197
271 197
272 202
273 202
274 202
275 210
276 211
277 212
278 213
279 213
280 213
281 226
282 226
283 226
284 226
285 228
286 237
287 237
288 238
289 238
290 238
291 238
292 238
293 238
294 238
295 238
296 244
297 244
298 244
299 244
300 244
301 244
302 244
303 244
304 244
305 244
306 244
307 244
308 244
309 244
310 244
311 244
312 244
313 244
314 244
315 244
316 244
317 244
318 244
319 244
320 244
321 244
322 244
323 244
324 244
325 244
326 244
327 245
328 245
329 245
330 245
331 245
332 245
333 245
334 245
335 246
336 247
337 247
338 247
339 247
340 247
341 247
342 248
