1 476820
2 476820
3 476820
4 476820
5 476820
6 476820
7 476820
8 476820
9 476820
10 476820
11 476820
12 476820
13 476820
14 476820
15 476820
16 476820
17 476820
18 476820
19 476820
20 476820
21 476820
22 476820
23 476820
24 476820
25 476820
26 476820
27 476820
28 476820
29 476820
30 476820
31 476820
32 476820
33 476820
34 476820
35 476820
36 476820
37 476820
38 476820
39 476820
40 476820
41 476820
42 476820
43 476820
44 476820
45 476820
46 476820
47 476820
48 476820
49 476820
50 476820
51 476820
52 476820
53 476820
54 476820
55 476820
56 476820
57 476820
58 476820
59 476820
60 476820
61 476820
62 476820
63 476820
64 476820
65 476820
66 476820
67 476820
68 476820
69 476820
70 476820
71 476820
72 476820
73 476820
74 476820
75 476820
76 476820
77 476820
78 476820
79 476820
80 476820
81 476820
82 476820
83 476820
84 476820
85 476820
86 476820
87 476820
88 476820
89 476820
90 476820
91 476820
92 476820
93 476820
94 476820
95 476820
96 476820
97 476820
98 476820
99 476820
100 476820
101 476820
102 476820
103 476820
104 476820
105 476820
106 476820
107 476820
108 476820
109 476820
110 476820
111 476820
112 476820
113 476820
114 476820
115 476820
116 476820
117 476820
118 476820
119 476820
120 476820
121 476820
122 476820
123 476820
124 476820
125 476820
126 476820
127 476820
128 476820
129 476820
130 476820
131 476820
132 476820
133 476820
134 476820
135 476820
136 476820
137 476820
138 476820
139 476820
