1 1331699
2 1331699
3 1331699
4 1331699
5 1331699
6 1331699
7 1331699
8 1331699
9 1331699
10 1331699
11 1331699
12 1331699
13 1331699
14 1331699
15 1331699
16 1331699
17 1331699
18 1331699
19 1331699
20 1331699
21 1331699
22 1331699
23 1331699
24 1331699
25 1331699
26 1331699
27 1331699
28 1331699
29 1331699
30 1331699
31 1331699
32 1331699
33 1331699
34 1331699
35 1331699
36 1331699
37 1331699
38 1331699
39 1331699
40 1331699
41 1331699
42 1331699
43 1331699
44 1331699
45 1331699
46 1331699
47 1331699
48 1331699
49 1331699
50 1331699
51 1331699
52 1331699
53 1331699
54 1331699
55 1331699
56 1331699
57 1331699
58 1331699
59 1331699
60 1331699
61 1331699
62 1331699
63 1331699
64 1331699
65 1331699
66 1331699
67 1331699
68 1331699
69 1331699
70 1331699
71 1331699
72 1331699
73 1331699
74 1331699
75 1331699
76 1331699
77 1331699
78 1331699
79 1331699
80 1331699
81 1331699
82 1331699
83 1331699
84 1331699
85 1331699
86 1331699
87 1331699
88 1331699
89 1331699
90 1331699
91 1331699
92 1331699
93 1331699
94 1331699
95 1331699
96 1331699
97 1331699
98 1331699
99 1331699
100 1331699
101 1331699
102 1331699
103 1331699
104 1331699
105 1331699
106 1331699
107 1331699
108 1331699
109 1331699
110 1331699
111 1331699
112 1331699
113 1331699
114 1331699
115 1331699
116 1331699
117 1331699
118 1331699
119 1331699
120 1331699
121 1331699
122 1331699
123 1331699
124 1331699
125 1331699
126 1331699
127 1331699
128 1331699
129 1331699
130 1331699
131 1331699
132 1331699
133 1331699
134 1331699
135 1331699
136 1331699
137 1331699
138 1331699
139 1331699
