1 x
2 x
3 x
4 x
5 x
6 x
7 x
8 x
9 x
10 x
11 x
12 x
13 x
14 x
15 1
16 1
17 1
18 1
19 1
20 1
21 1
22 1
23 1
24 1
25 1
26 1
27 1
28 1
29 1
30 1
31 1
32 1
33 1
34 1
35 1
36 1
37 1
38 1
39 1
40 1
41 2
42 4
43 5
44 5
45 5
46 5
47 5
48 7
49 10
50 12
51 14
52 15
53 16
54 17
55 17
56 18
57 18
58 18
59 18
60 18
61 18
62 18
63 18
64 18
65 20
66 20
67 20
68 20
69 20
70 20
71 20
72 20
73 20
74 20
75 20
76 20
77 21
78 21
79 21
80 21
81 21
82 21
83 23
84 23
85 23
86 23
87 24
88 24
89 25
90 25
91 25
92 25
93 25
94 25
95 25
96 25
97 25
98 25
99 25
100 25
101 25
102 26
103 26
104 26
105 26
106 26
107 26
108 26
109 26
110 27
111 27
112 27
113 27
114 27
115 27
116 27
117 27
118 27
119 27
120 27
121 27
122 27
123 27
124 27
125 27
126 27
127 27
128 27
129 27
130 27
131 27
132 27
133 27
134 27
135 27
136 27
137 27
138 27
139 27
140 27
141 27
142 27
143 27
144 27
145 27
146 27
