1 3869675
2 3869675
3 3869675
4 3869675
5 3869675
6 3869675
7 3869675
8 3869675
9 3869675
10 3869675
11 3869675
12 3869675
13 3869675
14 3869675
15 3869675
16 3869675
17 3869675
18 3869675
19 3869675
20 3869675
21 3869675
22 3869675
23 3869675
24 3869675
25 3869675
26 3869675
27 3869675
28 3869675
29 3869675
30 3869675
31 3869675
32 3869675
33 3869675
34 3869675
35 3869675
36 3869675
37 3869675
38 3869675
39 3869675
40 3869675
41 3869675
42 3869675
43 3869675
44 3869675
45 3869675
46 3869675
47 3869675
48 3869675
49 3869675
50 3869675
51 3869675
52 3869675
53 3869675
54 3869675
55 3869675
56 3869675
57 3869675
58 3869675
59 3869675
60 3869675
61 3869675
62 3869675
63 3869675
64 3869675
65 3869675
66 3869675
67 3869675
68 3869675
69 3869675
70 3869675
71 3869675
72 3869675
73 3869675
74 3869675
75 3869675
76 3869675
77 3869675
78 3869675
79 3869675
80 3869675
81 3869675
82 3869675
83 3869675
84 3869675
85 3869675
86 3869675
87 3869675
88 3869675
89 3869675
90 3869675
91 3869675
92 3869675
93 3869675
94 3869675
95 3869675
96 3869675
97 3869675
98 3869675
99 3869675
100 3869675
101 3869675
102 3869675
103 3869675
104 3869675
105 3869675
106 3869675
107 3869675
108 3869675
109 3869675
110 3869675
111 3869675
112 3869675
113 3869675
114 3869675
115 3869675
116 3869675
117 3869675
118 3869675
119 3869675
120 3869675
121 3869675
122 3869675
123 3869675
124 3869675
125 3869675
126 3869675
127 3869675
128 3869675
129 3869675
130 3869675
131 3869675
132 3869675
133 3869675
134 3869675
135 3869675
136 3869675
137 3869675
138 3869675
139 3869675
140 3869675
141 3869675
142 3869675
143 3869675
144 3869675
145 3869675
146 3869675
147 3869675
148 3869675
149 3869675
150 3869675
151 3869675
152 3869675
153 3869675
154 3869675
155 3869675
156 3869675
157 3869675
158 3869675
159 3869675
160 3869675
161 3869675
162 3869675
163 3869675
164 3869675
165 3869675
166 3869675
167 3869675
168 3869675
169 3869675
170 3869675
171 3869675
172 3869675
173 3869675
174 3869675
175 3869675
176 3869675
177 3869675
178 3869675
179 3869675
180 3869675
181 3869675
182 3869675
183 3869675
184 3869675
185 3869675
186 3869675
187 3869675
188 3869675
189 3869675
190 3869675
191 3869675
192 3869675
193 3869675
