1 667
2 686
3 719
4 746
5 777
6 814
7 851
8 890
9 946
10 1002
11 1041
12 1106
13 1158
14 1224
15 1262
16 1344
17 1443
18 1512
19 1572
20 1649
21 1706
22 1761
23 1797
24 1859
25 1897
26 1925
27 1960
28 1994
29 2024
30 2062
31 2111
32 2160
33 2197
34 2231
35 2281
36 2340
37 2377
38 2433
39 2481
40 2503
41 2575
42 2619
43 2689
44 2751
45 2788
46 2831
47 2868
48 2911
49 2948
50 3004
51 3052
52 3112
53 3181
54 3253
55 3322
56 3408
57 3469
58 3498
59 3607
60 3698
61 3751
62 3805
63 3866
64 3914
65 3969
66 4031
67 4069
68 4124
69 4189
70 4211
71 4236
72 4276
73 4314
74 4349
75 4379
76 4407
77 4450
78 4474
79 4504
80 4548
81 4589
82 4614
83 4643
84 4666
85 4700
86 4727
87 4758
88 4776
89 4806
90 4828
91 4877
92 4893
93 4914
94 4922
95 4932
96 4948
97 4956
98 4966
99 4972
100 4977
101 4984
102 4997
103 5003
104 5010
105 5022
106 5036
107 5055
108 5067
109 5068
110 5084
111 5111
112 5118
113 5123
114 5134
115 5158
116 5176
117 5182
118 5195
119 5217
120 5231
121 5240
122 5252
123 5262
124 5281
125 5293
126 5309
127 5320
128 5340
129 5351
130 5364
131 5391
132 5402
133 5406
134 5416
135 5424
136 5432
137 5437
138 5462
139 5466
140 5474
141 5482
142 5484
143 5486
144 5488
145 5493
146 5497
147 5502
148 5514
149 5516
150 5522
151 5526
152 5529
153 5532
154 5536
155 5540
156 5543
157 5548
158 5551
159 5555
160 5560
161 5561
162 5562
163 5562
164 5562
165 5567
166 5568
167 5573
168 5574
169 5575
170 5580
171 5580
172 5584
173 5586
174 5586
175 5587
176 5590
177 5591
178 5591
179 5593
180 5594
181 5595
182 5595
183 5597
184 5597
