1 9
2 9
3 9
4 9
5 9
6 9
7 9
8 10
9 10
10 11
11 11
12 11
13 11
14 11
15 12
16 12
17 12
18 12
19 13
20 13
21 14
22 14
23 16
24 16
25 16
26 16
27 16
28 16
29 22
30 22
31 22
32 22
33 22
34 22
35 22
36 22
37 22
38 22
39 24
40 25
41 25
42 25
43 25
44 25
45 25
46 25
47 25
48 25
49 26
50 26
51 26
52 26
53 27
54 27
55 27
56 27
57 27
58 27
59 27
60 27
61 28
62 28
63 29
64 29
65 29
66 29
67 29
68 30
69 32
70 32
71 32
72 32
73 32
74 32
75 32
76 32
77 33
78 33
79 33
80 33
81 33
82 33
83 33
84 33
85 33
86 33
87 34
88 34
89 34
90 34
91 36
92 37
93 37
94 37
95 38
96 38
97 38
98 38
99 38
100 38
101 38
102 38
103 38
104 39
105 39
106 39
107 41
108 42
109 44
110 44
111 45
112 45
113 45
114 45
115 45
116 45
117 45
118 45
119 47
120 47
121 47
122 48
123 48
124 48
125 48
126 48
127 48
128 48
129 48
130 48
131 48
132 48
133 48
134 49
135 50
136 51
137 51
138 51
139 52
140 52
141 52
142 52
143 52
144 52
145 52
146 52
147 52
148 52
149 52
150 52
151 52
152 52
153 52
154 52
155 52
156 52
157 52
158 52
159 52
160 53
161 54
162 55
163 55
164 55
165 55
166 55
167 55
168 56
169 56
170 56
171 56
172 57
173 58
174 58
175 58
176 58
177 58
178 59
179 59
180 59
181 59
182 60
183 60
184 60
185 60
186 61
187 62
188 62
189 62
190 62
191 64
192 64
193 64
