1 681
2 700
3 727
4 746
5 772
6 792
7 810
8 836
9 858
10 879
11 900
12 930
13 963
14 979
15 1005
16 1031
17 1031
18 1085
19 1097
20 1116
21 1135
22 1153
23 1167
24 1175
25 1175
26 1194
27 1214
28 1230
29 1249
30 1249
31 1293
32 1310
33 1327
34 1349
35 1374
36 1396
37 1424
38 1449
39 1483
40 1483
41 1518
42 1518
43 1518
44 1518
45 1518
46 1518
47 1518
48 1518
49 1518
50 1518
51 1683
52 1864
53 2020
54 2048
55 2072
56 2072
57 2123
58 2150
59 2150
60 2150
61 2173
62 2196
63 2220
64 2245
65 2267
66 2289
67 2312
68 2333
69 2351
70 2371
71 2390
72 2408
73 2426
74 2447
75 2466
76 2481
77 2495
78 2511
79 2561
80 2574
81 2591
82 2609
83 2624
84 2637
85 2648
86 2661
87 2674
88 2674
89 2721
90 2738
91 2760
92 2778
93 2800
94 2800
95 2816
96 2837
97 2854
98 2866
99 2891
100 2914
101 2984
102 2998
103 3017
104 3041
105 3062
106 3084
107 3104
108 3121
109 3137
110 3155
111 3173
112 3195
113 3216
114 3216
115 3259
116 3288
117 3317
118 3341
119 3368
120 3393
121 3416
122 3442
123 3470
124 3496
125 3524
126 3555
127 3582
128 3609
129 3639
130 3664
131 3688
132 3717
133 3750
134 3776
135 3807
136 3842
137 3860
138 3885
139 3906
140 3924
141 3943
142 3962
143 3983
144 4003
145 4026
146 4067
147 4086
148 4086
149 4133
150 4149
151 4162
152 4179
153 4199
154 4222
155 4244
156 4244
157 4244
158 4284
159 4284
160 4305
161 4318
162 4334
163 4346
164 4361
165 4377
166 4389
