1 781
2 785
3 788
4 803
5 845
6 879
7 896
8 923
9 943
10 953
11 993
12 1018
13 1019
14 1048
15 1112
16 1169
17 1202
18 1266
19 1275
20 1330
21 1378
22 1454
23 1494
24 1608
25 1723
26 1821
27 1884
28 1918
29 1946
30 2010
31 2048
32 2076
33 2162
34 2186
35 2236
36 2250
37 2269
38 2283
39 2320
40 2370
41 2402
42 2433
43 2435
44 2436
45 2452
46 2480
47 2481
48 2482
49 2502
50 2509
51 2509
52 2510
53 2549
54 2586
55 2604
56 2616
57 2640
58 2665
59 2671
60 2684
61 2690
62 2700
63 2709
64 2714
65 2722
66 2725
67 2744
68 2751
69 2756
70 2761
71 2770
72 2779
73 2787
74 2798
75 2814
76 2824
77 2835
78 2868
79 2888
80 2909
81 2921
82 2941
83 2999
84 3020
85 3042
86 3079
87 3101
88 3135
89 3154
90 3187
91 3222
92 3242
93 3256
94 3270
95 3291
96 3308
97 3323
98 3337
99 3355
100 3367
101 3378
102 3388
103 3396
104 3403
105 3417
106 3436
107 3454
108 3475
109 3490
110 3501
111 3531
112 3561
113 3577
114 3600
115 3626
116 3652
117 3670
118 3693
119 3709
120 3739
121 3749
122 3759
123 3771
124 3783
125 3801
126 3808
127 3814
128 3824
129 3831
130 3841
131 3855
132 3861
133 3868
134 3876
135 3883
136 3924
137 3937
138 3951
139 3958
140 3963
141 3968
142 3974
143 3981
144 3986
145 3994
146 4000
147 4006
148 4015
149 4021
150 4025
