1 26
2 30
3 33
4 33
5 35
6 35
7 38
8 44
9 45
10 48
11 48
12 48
13 50
14 53
15 53
16 60
17 61
18 67
19 74
20 76
21 78
22 81
23 86
24 91
25 93
26 97
27 104
28 109
29 115
30 123
31 128
32 129
33 139
34 142
35 159
36 172
37 189
38 193
39 215
40 227
41 236
42 244
43 263
44 271
45 274
46 282
47 291
48 294
49 298
50 303
51 310
52 331
53 346
54 354
55 355
56 364
57 372
58 387
59 406
60 423
61 435
62 446
63 468
64 504
65 521
66 542
67 553
68 569
69 581
70 597
71 613
72 624
73 640
74 648
75 660
76 661
77 672
78 684
79 696
80 700
81 701
82 708
83 712
84 715
85 722
86 737
87 753
88 777
89 788
90 791
91 793
92 793
93 799
94 803
95 808
96 811
97 816
98 818
99 818
100 832
101 837
102 840
103 841
104 841
105 843
106 845
107 849
108 853
109 853
110 854
111 857
112 880
113 887
114 891
115 897
116 898
117 901
118 901
119 902
120 908
121 909
122 917
123 917
124 919
125 919
126 919
127 919
128 921
129 921
130 921
131 921
132 921
133 921
134 921
135 921
136 924
137 933
138 933
139 933
140 933
141 938
142 940
143 956
144 962
145 965
146 966
147 968
148 969
149 972
150 974
151 980
152 984
153 985
154 990
155 999
156 1003
157 1013
158 1016
159 1019
160 1020
161 1024
162 1029
163 1030
164 1031
165 1032
166 1035
167 1038
168 1040
169 1043
170 1044
171 1045
172 1047
173 1048
174 1048
175 1051
176 1054
177 1057
178 1061
179 1062
180 1063
181 1063
182 1063
183 1064
184 1067
185 1069
186 1069
187 1069
188 1070
189 1073
190 1074
191 1075
192 1078
193 1080
194 1087
195 1087
196 1089
197 1089
198 1093
199 1096
200 1096
201 1096
202 1096
