1 x
2 x
3 x
4 x
5 x
6 x
7 x
8 x
9 x
10 x
11 x
12 x
13 x
14 x
15 x
16 x
17 x
18 x
19 x
20 x
21 x
22 x
23 x
24 x
25 x
26 x
27 x
28 x
29 x
30 x
31 x
32 x
33 x
34 x
35 x
36 x
37 x
38 x
39 x
40 x
41 x
42 x
43 x
44 x
45 x
46 x
47 x
48 x
49 x
50 x
51 x
52 x
53 x
54 x
55 x
56 x
57 x
58 x
59 x
60 x
61 2
62 2
63 2
64 2
65 2
66 2
67 2
68 2
69 2
70 2
71 2
72 2
73 2
74 2
75 2
76 2
77 2
78 2
79 4
80 4
81 4
82 4
83 4
84 4
85 5
86 5
87 5
88 5
89 5
90 7
91 7
92 7
93 8
94 8
95 8
96 8
97 8
98 8
99 8
100 9
101 10
102 12
103 13
104 13
105 14
106 15
107 16
108 16
109 18
110 18
111 21
112 21
113 21
114 21
115 21
116 22
117 23
118 23
119 23
120 23
121 23
122 23
123 24
124 26
125 26
126 27
127 28
128 28
129 29
130 30
131 30
132 31
133 31
134 31
135 31
136 31
137 31
138 31
139 32
140 33
141 33
142 34
143 34
144 34
145 34
146 34
147 34
148 34
149 34
150 34
151 34
152 34
153 34
154 35
155 37
156 37
157 37
158 37
159 37
160 37
161 39
162 39
163 39
164 39
165 39
166 39
167 39
168 39
169 39
170 39
171 39
172 39
173 39
174 39
175 39
176 39
177 39
178 39
179 39
180 39
181 39
182 39
183 39
184 39
185 39
186 39
187 39
188 39
189 39
190 39
191 39
192 39
193 39
194 39
195 39
196 39
197 39
198 39
199 39
200 39
201 39
202 39
203 39
204 39
205 39
206 39
207 39
208 39
209 39
210 39
211 39
212 39
213 39
214 39
215 39
216 39
217 39
218 39
219 39
220 39
221 39
222 39
223 39
224 39
225 39
226 39
227 39
228 39
229 39
230 39
231 39
232 39
233 39
234 39
235 39
236 40
237 39
238 39
239 39
240 39
241 39
242 39
243 39
244 39
245 39
246 39
247 39
248 39
249 39
250 39
251 39
252 39
253 39
254 39
255 39
256 39
257 39
258 39
259 39
260 39
261 39
262 39
263 39
264 39
265 39
266 39
267 39
268 39
269 39
270 39
271 39
272 39
273 39
274 39
275 39
276 39
277 39
278 39
279 39
280 39
281 39
282 39
283 39
284 39
285 39
286 39
287 39
288 39
289 39
290 39
291 39
292 39
293 39
294 39
295 39
296 39
297 39
298 39
299 39
300 39
301 39
302 39
303 39
304 39
305 39
306 39
307 39
308 39
309 39
310 39
311 39
312 39
313 39
314 39
315 39
316 39
317 39
318 39
319 39
320 39
321 39
322 39
323 39
324 39
325 39
326 39
327 39
328 39
329 39
330 39
331 39
332 39
333 39
334 39
335 39
336 39
337 39
338 39
339 39
340 39
341 39
342 39
