1 x
2 x
3 x
4 x
5 x
6 x
7 x
8 x
9 x
10 x
11 x
12 x
13 x
14 x
15 x
16 x
17 x
18 x
19 x
20 x
21 x
22 x
23 x
24 x
25 x
26 x
27 x
28 x
29 x
30 x
31 x
32 x
33 x
34 x
35 x
36 x
37 x
38 x
39 x
40 x
41 x
42 x
43 x
44 x
45 x
46 x
47 x
48 x
49 x
50 x
51 x
52 x
53 x
54 x
55 x
56 x
57 x
58 x
59 x
60 x
61 x
62 x
63 x
64 x
65 x
66 x
67 x
68 x
69 x
70 x
71 x
72 x
73 x
74 x
75 x
76 x
77 x
78 x
79 x
80 x
81 x
82 x
83 x
84 x
85 x
86 x
87 x
88 x
89 x
90 x
91 x
92 x
93 x
94 x
95 x
96 x
97 x
98 x
99 x
100 x
101 x
102 x
103 x
104 x
105 x
106 x
107 x
108 x
109 x
110 x
111 x
112 x
113 x
114 x
115 x
116 x
117 x
118 x
119 x
120 x
121 x
122 x
123 x
124 x
125 x
126 x
127 x
128 x
129 x
130 x
131 x
132 x
133 x
134 x
135 x
136 x
137 x
138 x
139 x
140 x
141 x
142 x
143 x
144 x
145 x
146 x
147 x
148 x
149 x
150 x
151 x
152 x
153 x
154 x
155 x
156 x
157 x
158 x
159 x
160 x
161 x
162 x
163 x
164 x
165 x
166 x
167 x
168 x
169 x
170 x
171 x
172 x
173 x
174 x
175 x
176 x
177 x
178 x
179 x
180 x
181 x
182 x
183 x
184 x
185 x
186 x
187 x
188 x
189 x
190 x
191 x
192 x
193 1
194 1
195 1
196 1
197 3
198 3
199 3
200 3
201 3
202 3
203 3
204 3
205 3
206 3
207 3
208 3
209 3
210 3
211 4
212 4
213 4
214 4
215 4
216 4
217 4
218 4
219 4
220 4
221 4
222 4
223 6
224 6
225 6
226 7
227 7
228 7
229 7
230 28
231 28
232 28
233 28
234 28
235 29
236 29
237 29
238 29
239 29
240 29
241 29
242 29
243 29
244 29
245 32
246 32
247 32
248 32
249 32
250 32
251 32
252 32
253 32
254 32
255 32
256 32
257 32
258 33
259 33
260 33
261 33
262 33
263 33
264 33
265 36
266 36
267 36
268 36
269 36
270 36
271 36
272 36
273 36
274 36
275 36
276 36
277 36
278 36
279 36
280 36
281 36
282 36
283 36
284 36
285 36
286 37
287 37
288 37
289 37
290 37
291 37
292 37
293 37
294 37
295 37
296 37
297 37
298 37
299 37
300 37
301 37
302 37
303 37
304 37
305 37
306 37
307 37
308 37
309 37
310 37
311 37
312 37
313 37
314 37
315 37
316 37
317 37
318 37
319 37
320 37
321 37
322 37
323 37
324 37
325 37
326 37
327 37
328 37
329 37
330 37
331 37
332 37
333 37
334 37
335 37
336 37
337 37
338 37
339 37
340 37
341 37
342 37
