1 594
2 621
3 641
4 670
5 687
6 751
7 796
8 820
9 888
10 936
11 1002
12 1047
13 1087
14 1137
15 1199
16 1243
17 1340
18 1394
19 1425
20 1495
21 1538
22 1599
23 1643
24 1691
25 1727
26 1767
27 1840
28 1840
29 1871
30 1911
31 1963
32 2036
33 2062
34 2115
35 2160
36 2191
37 2224
38 2253
39 2285
40 2299
41 2330
42 2357
43 2378
44 2394
45 2410
46 2433
47 2440
48 2473
49 2499
50 2519
51 2543
52 2557
53 2583
54 2593
55 2618
56 2665
57 2675
58 2689
59 2750
60 2754
61 2761
62 2783
63 2795
64 2795
65 2800
66 2820
67 2824
68 2832
69 2841
70 2854
71 2863
72 2869
73 2880
74 2886
75 2933
76 2948
77 2976
78 2987
79 2999
80 3034
81 3052
82 3054
83 3066
84 3072
85 3094
86 3118
87 3134
88 3141
89 3143
90 3160
91 3188
92 3198
93 3217
94 3220
95 3246
96 3252
97 3273
98 3299
99 3318
100 3346
101 3359
102 3381
103 3397
104 3419
105 3442
106 3468
107 3484
108 3501
109 3520
110 3524
111 3538
112 3561
113 3563
114 3579
115 3594
116 3604
117 3611
118 3624
119 3632
120 3645
121 3649
122 3654
123 3661
124 3668
125 3669
126 3675
127 3679
128 3684
129 3686
130 3695
131 3699
132 3706
133 3709
134 3714
135 3717
136 3723
137 3727
138 3730
139 3738
140 3747
141 3754
142 3757
143 3758
144 3761
145 3762
146 3768
147 3771
148 3774
149 3775
150 3779
151 3779
152 3779
153 3783
154 3786
155 3795
156 3797
157 3797
