1 2461056
2 2461056
3 2461056
4 2461056
5 2461056
6 2461056
7 2461056
8 2461056
9 2461056
10 2461056
11 2461056
12 2461056
13 2461056
14 2461056
15 2461056
16 2461056
17 2461056
18 2461056
19 2461056
20 2461056
21 2461056
22 2461056
23 2461056
24 2461056
25 2461056
26 2461056
27 2461056
28 2461056
29 2461056
30 2461056
31 2461056
32 2461056
33 2461056
34 2461056
35 2461056
36 2461056
37 2461056
38 2461056
39 2461056
40 2461056
41 2461056
42 2461056
43 2461056
44 2461056
45 2461056
46 2461056
47 2461056
48 2461056
49 2461056
50 2461056
51 2461056
52 2461056
53 2461056
54 2461056
55 2461056
56 2461056
57 2461056
58 2461056
59 2461056
60 2461056
61 2461056
62 2461056
63 2461056
64 2461056
65 2461056
66 2461056
67 2461056
68 2461056
69 2461056
70 2461056
71 2461056
72 2461056
73 2461056
74 2461056
75 2461056
76 2461056
77 2461056
78 2461056
79 2461056
80 2461056
81 2461056
82 2461056
83 2461056
84 2461056
85 2461056
86 2461056
87 2461056
88 2461056
89 2461056
90 2461056
91 2461056
92 2461056
93 2461056
94 2461056
95 2461056
96 2461056
97 2461056
98 2461056
99 2461056
100 2461056
101 2461056
102 2461056
103 2461056
104 2461056
105 2461056
106 2461056
107 2461056
108 2461056
109 2461056
110 2461056
111 2461056
112 2461056
113 2461056
114 2461056
115 2461056
116 2461056
117 2461056
118 2461056
119 2461056
120 2461056
121 2461056
122 2461056
123 2461056
124 2461056
125 2461056
126 2461056
127 2461056
128 2461056
129 2461056
130 2461056
131 2461056
132 2461056
133 2461056
134 2461056
135 2461056
136 2461056
137 2461056
138 2461056
139 2461056
140 2461056
141 2461056
142 2461056
143 2461056
144 2461056
145 2461056
146 2461056
147 2461056
148 2461056
149 2461056
150 2461056
151 2461056
152 2461056
153 2461056
154 2461056
155 2461056
156 2461056
157 2461056
158 2461056
159 2461056
160 2461056
161 2461056
162 2461056
163 2461056
164 2461056
165 2461056
166 2461056
167 2461056
168 2461056
169 2461056
170 2461056
171 2461056
172 2461056
173 2461056
174 2461056
175 2461056
176 2461056
177 2461056
178 2461056
179 2461056
180 2461056
181 2461056
182 2461056
