1 781
2 800
3 822
4 849
5 883
6 922
7 957
8 989
9 1020
10 1048
11 1093
12 1107
13 1126
14 1153
15 1187
16 1223
17 1251
18 1262
19 1292
20 1302
21 1319
22 1335
23 1350
24 1370
25 1383
26 1405
27 1414
28 1425
29 1456
30 1469
31 1483
32 1502
33 1514
34 1523
35 1547
36 1552
37 1567
38 1579
39 1605
40 1621
41 1631
42 1657
43 1664
44 1695
45 1713
46 1731
47 1747
48 1770
49 1794
50 1815
51 1825
52 1834
53 1848
54 1863
55 1879
56 1890
57 1903
58 1911
59 1923
60 1935
61 1942
62 1954
63 1964
64 1972
65 1984
66 1994
67 2002
68 2008
69 2014
70 2023
71 2029
72 2037
73 2053
74 2072
75 2086
76 2100
77 2103
78 2111
79 2115
80 2120
81 2124
82 2126
83 2129
84 2132
85 2141
86 2144
87 2149
88 2152
89 2159
90 2162
91 2174
92 2177
93 2182
94 2195
95 2204
96 2206
97 2208
98 2211
99 2211
100 2212
101 2212
102 2212
103 2212
104 2213
105 2216
106 2216
107 2218
108 2219
109 2219
110 2220
111 2221
112 2222
113 2222
114 2222
115 2222
116 2223
117 2224
118 2224
119 2225
120 2225
121 2225
122 2227
123 2227
124 2227
125 2227
126 2228
127 2228
128 2230
129 2230
130 2230
131 2231
132 2232
133 2232
134 2233
135 2233
136 2233
137 2233
138 2233
139 2234
140 2234
141 2234
142 2235
143 2235
144 2235
145 2236
146 2236
147 2237
148 2237
149 2237
150 2238
151 2238
152 2238
153 2238
154 2238
155 2238
156 2238
157 2238
158 2238
159 2238
160 2238
161 2239
162 2239
163 2239
164 2239
165 2239
166 2239
167 2239
168 2239
