1 1890826
2 1890826
3 1890826
4 1890826
5 1890826
6 1890826
7 1890826
8 1890826
9 1890826
10 1890826
11 1890826
12 1890826
13 1890826
14 1890826
15 1890826
16 1890826
17 1890826
18 1890826
19 1890826
20 1890826
21 1890826
22 1890826
23 1890826
24 1890826
25 1890826
26 1890826
27 1890826
28 1890826
29 1890826
30 1890826
31 1890826
32 1890826
33 1890826
34 1890826
35 1890826
36 1890826
37 1890826
38 1890826
39 1890826
40 1890826
41 1890826
42 1890826
43 1890826
44 1890826
45 1890826
46 1890826
47 1890826
48 1890826
49 1890826
50 1890826
51 1890826
52 1890826
53 1890826
54 1890826
55 1890826
56 1890826
57 1890826
58 1890826
59 1890826
60 1890826
61 1890826
62 1890826
63 1890826
64 1890826
65 1890826
66 1890826
67 1890826
68 1890826
69 1890826
70 1890826
71 1890826
72 1890826
73 1890826
74 1890826
75 1890826
76 1890826
77 1890826
78 1890826
79 1890826
80 1890826
81 1890826
82 1890826
83 1890826
84 1890826
85 1890826
86 1890826
87 1890826
88 1890826
89 1890826
90 1890826
91 1890826
92 1890826
93 1890826
94 1890826
95 1890826
96 1890826
97 1890826
98 1890826
99 1890826
100 1890826
101 1890826
102 1890826
103 1890826
104 1890826
105 1890826
106 1890826
107 1890826
108 1890826
109 1890826
110 1890826
111 1890826
112 1890826
113 1890826
114 1890826
115 1890826
116 1890826
117 1890826
118 1890826
119 1890826
120 1890826
121 1890826
122 1890826
123 1890826
124 1890826
125 1890826
126 1890826
127 1890826
128 1890826
129 1890826
130 1890826
131 1890826
132 1890826
133 1890826
134 1890826
135 1890826
136 1890826
137 1890826
138 1890826
139 1890826
140 1890826
141 1890826
142 1890826
143 1890826
144 1890826
145 1890826
146 1890826
147 1890826
148 1890826
149 1890826
150 1890826
151 1890826
152 1890826
153 1890826
154 1890826
155 1890826
156 1890826
157 1890826
158 1890826
159 1890826
160 1890826
161 1890826
162 1890826
163 1890826
164 1890826
165 1890826
166 1890826
167 1890826
168 1890826
169 1890826
170 1890826
171 1890826
172 1890826
173 1890826
174 1890826
175 1890826
176 1890826
177 1890826
178 1890826
179 1890826
180 1890826
181 1890826
182 1890826
183 1890826
184 1890826
185 1890826
186 1890826
187 1890826
188 1890826
189 1890826
190 1890826
191 1890826
192 1890826
193 1890826
