1 1271703
2 1271703
3 1271703
4 1271703
5 1271703
6 1271703
7 1271703
8 1271703
9 1271703
10 1271703
11 1271703
12 1271703
13 1271703
14 1271703
15 1271703
16 1271703
17 1271703
18 1271703
19 1271703
20 1271703
21 1271703
22 1271703
23 1271703
24 1271703
25 1271703
26 1271703
27 1271703
28 1271703
29 1271703
30 1271703
31 1271703
32 1271703
33 1271703
34 1271703
35 1271703
36 1271703
37 1271703
38 1271703
39 1271703
40 1271703
41 1271703
42 1271703
43 1271703
44 1271703
45 1271703
46 1271703
47 1271703
48 1271703
49 1271703
50 1271703
51 1271703
52 1271703
53 1271703
54 1271703
55 1271703
56 1271703
57 1271703
58 1271703
59 1271703
60 1271703
61 1271703
62 1271703
63 1271703
64 1271703
65 1271703
66 1271703
67 1271703
68 1271703
69 1271703
70 1271703
71 1271703
72 1271703
73 1271703
74 1271703
75 1271703
76 1271703
77 1271703
78 1271703
79 1271703
80 1271703
81 1271703
82 1271703
83 1271703
84 1271703
85 1271703
86 1271703
87 1271703
88 1271703
89 1271703
90 1271703
91 1271703
92 1271703
93 1271703
94 1271703
95 1271703
96 1271703
97 1271703
98 1271703
99 1271703
100 1271703
101 1271703
102 1271703
103 1271703
104 1271703
105 1271703
106 1271703
107 1271703
108 1271703
109 1271703
110 1271703
111 1271703
112 1271703
113 1271703
114 1271703
115 1271703
116 1271703
117 1271703
118 1271703
119 1271703
120 1271703
121 1271703
122 1271703
123 1271703
124 1271703
125 1271703
126 1271703
127 1271703
128 1271703
129 1271703
130 1271703
131 1271703
132 1271703
133 1271703
134 1271703
135 1271703
136 1271703
137 1271703
138 1271703
139 1271703
140 1271703
141 1271703
142 1271703
143 1271703
144 1271703
145 1271703
146 1271703
147 1271703
148 1271703
149 1271703
150 1271703
151 1271703
152 1271703
