1 x
2 x
3 x
4 x
5 x
6 x
7 x
8 x
9 x
10 x
11 x
12 x
13 x
14 x
15 x
16 x
17 x
18 x
19 x
20 x
21 x
22 x
23 x
24 x
25 x
26 x
27 x
28 x
29 x
30 x
31 x
32 x
33 x
34 x
35 x
36 x
37 x
38 x
39 x
40 x
41 x
42 x
43 x
44 x
45 x
46 x
47 x
48 x
49 x
50 x
51 x
52 x
53 x
54 x
55 x
56 x
57 x
58 x
59 x
60 x
61 x
62 x
63 x
64 x
65 x
66 x
67 x
68 x
69 x
70 x
71 x
72 x
73 x
74 x
75 x
76 x
77 x
78 x
79 x
80 x
81 x
82 x
83 x
84 x
85 x
86 x
87 x
88 x
89 x
90 x
91 4
92 4
93 4
94 4
95 5
96 5
97 5
98 5
99 5
100 5
101 5
102 5
103 5
104 17
105 17
106 29
107 29
108 29
109 29
110 29
111 29
112 29
113 29
114 29
115 30
116 30
117 30
118 30
119 30
120 30
121 30
122 31
123 31
124 31
125 31
126 31
127 33
128 33
129 33
130 34
131 35
132 35
133 35
134 42
135 53
136 70
137 73
138 73
139 93
140 104
141 104
142 109
143 112
144 115
145 115
146 124
147 189
148 189
149 193
150 199
151 199
152 203
153 203
154 220
155 230
156 231
157 238
158 239
159 243
160 256
161 281
162 314
163 314
164 314
165 318
166 324
167 325
168 327
169 329
170 337
171 338
172 347
173 350
174 366
175 381
176 393
177 393
178 408
179 418
180 421
181 427
182 435
183 438
184 446
185 449
186 457
187 458
188 515
189 525
190 542
191 544
192 545
193 548
194 550
195 550
196 560
197 569
198 572
199 573
200 574
201 584
202 586
203 589
204 596
205 602
206 604
207 614
208 623
209 651
210 655
211 667
212 669
213 676
214 714
215 714
216 721
217 721
218 721
219 754
220 771
221 780
222 786
223 793
224 793
225 794
226 798
227 799
228 803
229 803
230 803
231 807
232 818
233 820
234 820
235 828
236 829
237 829
238 832
239 834
240 840
241 840
242 840
243 840
244 840
245 861
246 863
247 866
248 867
249 868
250 869
251 869
252 869
253 869
254 871
255 871
256 871
257 871
258 871
259 871
260 871
261 879
262 880
263 880
264 880
265 880
266 882
267 883
268 883
269 883
270 883
271 883
272 883
273 883
274 884
275 886
276 889
277 889
278 889
279 890
280 890
281 892
282 893
283 894
284 894
285 894
286 899
287 899
288 899
289 899
290 899
291 899
292 900
293 900
294 900
295 900
296 900
297 900
298 900
299 900
300 900
301 900
302 900
303 900
304 900
305 900
306 900
307 900
308 900
309 900
310 900
311 900
312 900
313 902
314 902
315 902
316 902
317 902
318 902
319 902
320 902
321 902
322 902
323 902
324 902
325 902
326 902
327 902
328 902
329 902
330 902
331 902
332 902
333 902
334 902
335 902
336 902
337 902
338 902
339 902
340 902
341 902
342 902
