1 643579
2 643579
3 643579
4 643579
5 643579
6 643579
7 643579
8 643579
9 643579
10 643579
11 643579
12 643579
13 643579
14 643579
15 643579
16 643579
17 643579
18 643579
19 643579
20 643579
21 643579
22 643579
23 643579
24 643579
25 643579
26 643579
27 643579
28 643579
29 643579
30 643579
31 643579
32 643579
33 643579
34 643579
35 643579
36 643579
37 643579
38 643579
39 643579
40 643579
41 643579
42 643579
43 643579
44 643579
45 643579
46 643579
47 643579
48 643579
49 643579
50 643579
51 643579
52 643579
53 643579
54 643579
55 643579
56 643579
57 643579
58 643579
59 643579
60 643579
61 643579
62 643579
63 643579
64 643579
65 643579
66 643579
67 643579
68 643579
69 643579
70 643579
71 643579
72 643579
73 643579
74 643579
75 643579
76 643579
77 643579
78 643579
79 643579
80 643579
81 643579
82 643579
83 643579
84 643579
85 643579
