1 1102
2 1157
3 1250
4 1253
5 1286
6 1416
7 1457
8 1536
9 1575
10 1656
11 1739
12 1772
13 1815
14 1878
15 1980
16 2050
17 2127
18 2180
19 2262
20 2315
21 2413
22 2489
23 2534
24 2588
25 2665
26 2725
27 2791
28 2875
29 3065
30 3123
31 3151
32 3224
33 3405
34 3441
35 3537
36 3721
37 3822
38 3903
39 4010
40 4108
41 4217
42 4303
43 4394
44 4491
45 4581
46 4672
47 4761
48 4825
49 4908
50 4978
51 5107
52 5151
53 5247
54 5324
55 5375
56 5436
57 5479
58 5516
59 5549
60 5593
61 5641
62 5682
63 5717
64 5741
65 5767
66 5787
67 5830
68 5870
69 5892
70 5933
71 5970
72 5998
73 6024
74 6056
75 6068
76 6098
77 6123
78 6144
79 6166
80 6182
81 6196
82 6209
83 6228
84 6252
85 6258
86 6267
87 6277
88 6289
89 6292
90 6309
91 6330
92 6339
93 6346
94 6353
95 6369
96 6374
97 6387
98 6400
99 6417
100 6431
101 6442
102 6475
103 6501
104 6507
105 6521
106 6530
107 6536
108 6545
109 6549
110 6554
111 6566
112 6573
113 6586
114 6594
115 6594
116 6610
117 6626
118 6630
119 6638
120 6647
121 6651
122 6659
123 6668
124 6673
125 6683
126 6698
127 6699
128 6702
129 6703
130 6710
131 6714
132 6721
133 6725
134 6731
135 6734
136 6736
137 6737
138 6737
139 6740
140 6747
141 6754
142 6760
143 6762
144 6770
145 6774
146 6786
147 6791
148 6792
149 6796
150 6803
151 6810
152 6816
153 6816
154 6826
155 6829
156 6832
157 6837
158 6851
159 6856
160 6859
161 6865
162 6868
163 6868
164 6873
165 6882
166 6886
167 6896
168 6898
169 6907
170 6916
171 6921
172 6919
173 6919
174 6926
175 6926
176 6928
177 6928
178 6927
179 6929
180 6931
181 6932
182 6933
183 6933
184 6935
185 6935
