1 2
2 2
3 3
4 3
5 3
6 3
7 3
8 4
9 4
10 5
11 5
12 6
13 6
14 6
15 6
16 6
17 6
18 6
19 7
20 7
21 7
22 8
23 8
24 8
25 8
26 8
27 8
28 8
29 8
30 8
31 9
32 9
33 9
34 10
35 10
36 10
37 10
38 10
39 10
40 10
41 10
42 10
43 10
44 12
45 12
46 12
47 14
48 14
49 14
50 14
51 14
52 14
53 14
54 14
55 14
56 14
57 14
58 15
59 15
60 15
61 15
62 15
63 15
64 15
65 15
66 15
67 15
68 15
69 15
70 15
71 15
72 15
73 17
74 19
75 20
76 21
77 21
78 21
79 21
80 21
81 21
82 21
83 21
84 21
85 21
86 21
87 21
88 21
89 21
90 21
91 21
92 21
93 21
94 21
95 21
96 21
97 21
98 21
99 21
100 21
101 21
102 21
103 21
104 21
105 21
106 21
107 21
108 21
109 21
110 21
111 21
112 21
113 21
114 21
115 21
116 21
117 21
118 21
119 21
120 21
121 21
122 21
123 21
124 21
125 21
126 21
127 21
128 21
129 21
130 21
131 21
132 21
133 21
134 21
135 21
136 21
137 21
138 21
139 21
140 21
141 21
142 21
143 21
144 21
145 21
146 21
147 21
148 21
149 21
