1 872
2 886
3 891
4 912
5 930
6 935
7 943
8 951
9 954
10 976
11 985
12 1005
13 1024
14 1039
15 1062
16 1085
17 1089
18 1102
19 1137
20 1151
21 1174
22 1213
23 1242
24 1263
25 1306
26 1354
27 1398
28 1424
29 1461
30 1518
31 1567
32 1637
33 1682
34 1739
35 1802
36 1854
37 1906
38 1953
39 2012
40 2110
41 2158
42 2203
43 2238
44 2282
45 2353
46 2384
47 2430
48 2509
49 2553
50 2649
51 2698
52 2814
53 2916
54 2996
55 3074
56 3457
57 3604
58 3667
59 3733
60 3861
61 3916
62 3956
63 4007
64 4091
65 4150
66 4239
67 4356
68 4431
69 4558
70 4622
71 4668
72 4752
73 4812
74 4842
75 4900
76 4915
77 4971
78 5014
79 5070
80 5136
81 5165
82 5276
83 5324
84 5362
85 5393
86 5424
87 5462
88 5495
89 5536
90 5564
91 5594
92 5610
93 5643
94 5688
95 5716
96 5738
97 5757
98 5776
99 5804
100 5836
101 5857
102 5876
103 5895
104 5915
105 5940
106 5967
107 5982
108 6000
109 6014
110 6031
111 6048
112 6065
113 6082
114 6084
115 6091
116 6095
117 6116
118 6134
119 6134
120 6146
121 6552
122 6561
123 6569
124 6581
125 6590
126 6600
127 6607
128 6610
129 6617
130 6620
131 6629
132 6632
133 6638
134 6651
135 6661
136 6665
137 6671
138 6677
139 6679
140 6686
141 6689
142 6690
143 6695
144 6695
145 6700
146 6704
147 6704
148 6711
149 6713
150 6716
151 6718
152 6721
153 6724
154 6724
155 6725
156 6726
157 6729
158 6732
159 6732
160 6735
161 6737
162 6741
163 6742
164 6742
165 6742
166 6743
167 6745
168 6745
169 6745
170 6746
171 6746
172 6746
173 6747
