1 440
2 459
3 474
4 512
5 545
6 578
7 704
8 760
9 860
10 898
11 958
12 1029
13 1084
14 1145
15 1185
16 1230
17 1270
18 1354
19 1384
20 1440
21 1468
22 1566
23 1608
24 1670
25 1703
26 1762
27 1835
28 1867
29 1907
30 1926
31 1965
32 1984
33 2017
34 2057
35 2085
36 2120
37 2161
38 2200
39 2245
40 2268
41 2309
42 2339
43 2367
44 2418
45 2464
46 2494
47 2541
48 2578
49 2615
50 2666
51 2684
52 2703
53 2718
54 2736
55 2761
56 2780
57 2807
58 2829
59 2886
60 2943
61 2960
62 2993
63 3011
64 3028
65 3035
66 3054
67 3066
68 3083
69 3103
70 3136
71 3172
72 3213
73 3235
74 3295
75 3306
76 3334
77 3349
78 3361
79 3393
80 3439
81 3443
82 3449
83 3473
84 3476
85 3486
86 3510
87 3520
88 3525
89 3531
90 3542
91 3551
92 3570
93 3592
94 3605
95 3630
96 3642
97 3654
98 3660
99 3667
100 3672
101 3678
102 3682
103 3684
104 3690
105 3695
106 3700
107 3705
108 3710
109 3714
110 3715
111 3721
112 3735
113 3732
114 3737
115 3747
116 3760
117 3760
118 3770
119 3776
120 3780
121 3784
122 3800
123 3801
124 3805
125 3813
126 3810
127 3819
128 3831
129 3843
130 3845
131 3847
132 3849
133 3853
134 3860
135 3868
136 3868
137 3878
138 3882
139 3886
140 3892
141 3898
142 3900
143 3907
144 3915
145 3915
146 3925
147 3930
148 3934
149 3935
150 3939
151 3941
152 3947
153 3951
154 3953
155 3955
156 3959
157 3961
158 3964
159 3965
160 3967
161 3969
162 3975
163 3978
164 3982
165 3983
166 3984
167 3988
168 3992
169 3993
170 3995
171 3997
172 4007
173 4010
174 4014
175 4015
176 4017
177 4018
