1 1526406
2 1526406
3 1526406
4 1526406
5 1526406
6 1526406
7 1526406
8 1526406
9 1526406
10 1526406
11 1526406
12 1526406
13 1526406
14 1526406
15 1526406
16 1526406
17 1526406
18 1526406
19 1526406
20 1526406
21 1526406
22 1526406
23 1526406
24 1526406
25 1526406
26 1526406
27 1526406
28 1526406
29 1526406
30 1526406
31 1526406
32 1526406
33 1526406
34 1526406
35 1526406
36 1526406
37 1526406
38 1526406
39 1526406
40 1526406
41 1526406
42 1526406
43 1526406
44 1526406
45 1526406
46 1526406
47 1526406
48 1526406
49 1526406
50 1526406
51 1526406
52 1526406
53 1526406
54 1526406
55 1526406
56 1526406
57 1526406
58 1526406
59 1526406
60 1526406
61 1526406
62 1526406
63 1526406
64 1526406
65 1526406
66 1526406
67 1526406
68 1526406
69 1526406
70 1526406
71 1526406
72 1526406
73 1526406
74 1526406
75 1526406
76 1526406
77 1526406
78 1526406
79 1526406
80 1526406
81 1526406
82 1526406
83 1526406
84 1526406
85 1526406
86 1526406
87 1526406
88 1526406
89 1526406
90 1526406
91 1526406
92 1526406
93 1526406
94 1526406
95 1526406
96 1526406
97 1526406
98 1526406
99 1526406
100 1526406
101 1526406
102 1526406
103 1526406
104 1526406
105 1526406
106 1526406
107 1526406
108 1526406
109 1526406
110 1526406
111 1526406
112 1526406
113 1526406
114 1526406
115 1526406
116 1526406
117 1526406
118 1526406
119 1526406
120 1526406
121 1526406
122 1526406
123 1526406
124 1526406
125 1526406
126 1526406
127 1526406
128 1526406
129 1526406
130 1526406
131 1526406
132 1526406
133 1526406
134 1526406
135 1526406
136 1526406
137 1526406
138 1526406
139 1526406
140 1526406
141 1526406
142 1526406
143 1526406
144 1526406
145 1526406
146 1526406
147 1526406
148 1526406
149 1526406
150 1526406
151 1526406
152 1526406
153 1526406
154 1526406
155 1526406
156 1526406
157 1526406
158 1526406
159 1526406
160 1526406
161 1526406
162 1526406
163 1526406
164 1526406
165 1526406
166 1526406
167 1526406
168 1526406
169 1526406
170 1526406
171 1526406
172 1526406
173 1526406
174 1526406
175 1526406
176 1526406
177 1526406
178 1526406
179 1526406
180 1526406
181 1526406
182 1526406
183 1526406
184 1526406
185 1526406
186 1526406
187 1526406
