1 x
2 x
3 x
4 x
5 x
6 x
7 x
8 x
9 x
10 x
11 x
12 x
13 x
14 x
15 x
16 x
17 x
18 x
19 x
20 x
21 x
22 x
23 x
24 x
25 x
26 x
27 x
28 x
29 x
30 x
31 x
32 x
33 x
34 x
35 x
36 x
37 x
38 x
39 x
40 x
41 x
42 x
43 x
44 x
45 x
46 x
47 x
48 x
49 x
50 x
51 x
52 x
53 x
54 x
55 x
56 x
57 x
58 x
59 x
60 x
61 1
62 1
63 1
64 1
65 1
66 1
67 1
68 1
69 1
70 1
71 1
72 1
73 1
74 1
75 1
76 1
77 1
78 1
79 1
80 1
81 1
82 1
83 1
84 1
85 1
86 1
87 1
88 1
89 1
90 1
91 1
92 1
93 1
94 1
95 1
96 1
97 1
98 1
99 1
100 1
101 1
102 1
103 1
104 1
105 1
106 1
107 1
108 1
109 1
110 1
111 1
112 1
113 1
114 1
115 1
116 1
117 1
118 2
119 2
120 2
121 2
122 3
123 3
124 3
125 3
126 3
127 3
128 3
129 3
130 3
131 3
132 3
133 3
134 4
135 4
136 4
137 4
138 4
139 4
140 4
141 4
142 4
143 4
144 4
145 4
146 4
147 4
148 4
149 4
150 4
151 4
152 4
153 4
154 4
155 4
156 4
157 4
158 4
159 4
160 11
161 13
162 17
163 17
164 24
165 24
166 24
167 24
168 24
169 24
170 24
171 24
172 24
173 24
174 29
175 30
176 30
177 30
178 30
179 66
180 99
181 99
182 114
183 114
184 114
185 114
186 121
187 121
188 122
189 122
190 122
191 124
192 132
193 140
194 135
195 135
196 135
197 137
198 139
199 139
200 141
201 141
202 144
203 150
204 152
205 165
206 172
207 172
208 174
209 174
210 181
211 194
212 195
213 197
214 197
215 199
216 199
217 202
218 210
219 212
220 213
221 217
222 217
223 221
224 226
225 229
226 241
227 252
228 253
229 253
230 256
231 268
232 269
233 269
234 269
235 273
236 273
237 294
238 302
239 319
240 366
241 408
242 408
243 408
244 416
245 417
246 442
247 462
248 464
249 465
250 465
251 466
252 484
253 512
254 519
255 520
256 523
257 526
258 532
259 541
260 541
261 544
262 544
263 545
264 545
265 547
266 547
267 547
268 549
269 549
270 549
271 549
272 549
273 549
274 554
275 555
276 555
277 556
278 557
279 558
280 558
281 558
282 558
283 558
284 558
285 558
286 558
287 559
288 559
289 559
290 559
291 559
292 560
293 562
294 562
295 562
296 562
297 562
298 562
299 562
300 562
301 562
302 562
303 565
304 565
305 565
306 565
307 567
308 567
309 567
310 567
311 567
312 567
313 567
314 567
315 567
316 567
317 567
318 568
319 570
320 570
321 570
322 570
323 570
324 570
325 570
326 570
327 571
328 571
329 571
330 571
331 571
332 571
333 572
334 572
335 572
336 572
337 572
338 572
339 572
340 572
341 572
342 572
