1 4778439
2 4778439
3 4778439
4 4778439
5 4778439
6 4778439
7 4778439
8 4778439
9 4778439
10 4778439
11 4778439
12 4778439
13 4778439
14 4778439
15 4778439
16 4778439
17 4778439
18 4778439
19 4778439
20 4778439
21 4778439
22 4778439
23 4778439
24 4778439
25 4778439
26 4778439
27 4778439
28 4778439
29 4778439
30 4778439
31 4778439
32 4778439
33 4778439
34 4778439
35 4778439
36 4778439
37 4778439
38 4778439
39 4778439
40 4778439
41 4778439
42 4778439
43 4778439
44 4778439
45 4778439
46 4778439
47 4778439
48 4778439
49 4778439
50 4778439
51 4778439
52 4778439
53 4778439
54 4778439
55 4778439
56 4778439
57 4778439
58 4778439
59 4778439
60 4778439
61 4778439
62 4778439
63 4778439
64 4778439
65 4778439
66 4778439
67 4778439
68 4778439
69 4778439
70 4778439
71 4778439
72 4778439
73 4778439
74 4778439
75 4778439
76 4778439
77 4778439
78 4778439
79 4778439
80 4778439
81 4778439
82 4778439
83 4778439
84 4778439
85 4778439
86 4778439
87 4778439
88 4778439
89 4778439
90 4778439
91 4778439
92 4778439
93 4778439
94 4778439
95 4778439
96 4778439
97 4778439
98 4778439
99 4778439
100 4778439
101 4778439
102 4778439
103 4778439
104 4778439
105 4778439
106 4778439
107 4778439
108 4778439
109 4778439
110 4778439
111 4778439
112 4778439
113 4778439
114 4778439
115 4778439
116 4778439
117 4778439
118 4778439
119 4778439
120 4778439
121 4778439
122 4778439
123 4778439
124 4778439
125 4778439
126 4778439
127 4778439
128 4778439
129 4778439
130 4778439
131 4778439
132 4778439
133 4778439
134 4778439
135 4778439
136 4778439
137 4778439
138 4778439
139 4778439
140 4778439
141 4778439
142 4778439
143 4778439
144 4778439
145 4778439
146 4778439
147 4778439
148 4778439
149 4778439
150 4778439
151 4778439
152 4778439
153 4778439
154 4778439
155 4778439
156 4778439
157 4778439
158 4778439
159 4778439
160 4778439
161 4778439
162 4778439
163 4778439
164 4778439
165 4778439
166 4778439
167 4778439
168 4778439
169 4778439
170 4778439
171 4778439
172 4778439
173 4778439
174 4778439
175 4778439
176 4778439
177 4778439
178 4778439
179 4778439
180 4778439
181 4778439
182 4778439
183 4778439
184 4778439
185 4778439
186 4778439
187 4778439
188 4778439
189 4778439
190 4778439
191 4778439
192 4778439
193 4778439
194 4778439
195 4778439
196 4778439
197 4778439
198 4778439
