1 1053
2 1107
3 1178
4 1301
5 1384
6 1515
7 1630
8 1715
9 1819
10 1982
11 2107
12 2267
13 2399
14 2548
15 2651
16 2748
17 2798
18 2853
19 2904
20 2961
21 2991
22 3033
23 3070
24 3103
25 3137
26 3170
27 3211
28 3232
29 3263
30 3311
31 3335
32 3376
33 3426
34 3452
35 3482
36 3507
37 3525
38 3538
39 3562
40 3585
41 3607
42 3642
43 3673
44 3690
45 3719
46 3743
47 3760
48 3799
49 3808
50 3833
51 3857
52 3883
53 3900
54 3932
55 3963
56 3976
57 3997
58 4038
59 4051
60 4078
61 4111
62 4138
63 4164
64 4194
65 4228
66 4255
67 4279
68 4295
69 4313
70 4333
71 4360
72 4381
73 4406
74 4435
75 4458
76 4487
77 4496
78 4527
79 4564
80 4584
81 4598
82 4610
83 4638
84 4647
85 4669
86 4690
87 4704
88 4715
89 4718
90 4730
91 4735
92 4741
93 4754
94 4769
95 4776
96 4789
97 4798
98 4812
99 4819
100 4832
101 4836
102 4846
103 4856
104 4865
105 4869
106 4872
107 4877
108 4887
109 4898
110 4916
111 4924
112 4936
113 4945
114 4979
115 5007
116 5019
117 5030
118 5032
119 5034
120 5045
121 5064
122 5074
123 5097
124 5118
125 5129
126 5133
127 5144
128 5154
129 5163
130 5178
131 5182
132 5188
133 5193
134 5200
135 5208
136 5219
137 5233
138 5240
139 5245
140 5249
141 5265
142 5274
143 5291
144 5301
145 5302
146 5311
147 5314
148 5328
149 5334
150 5343
151 5356
152 5367
153 5380
154 5385
155 5394
156 5400
157 5408
158 5418
159 5425
160 5432
161 5442
162 5454
163 5460
164 5465
165 5476
166 5493
167 5498
168 5499
169 5506
170 5510
171 5515
172 5520
173 5522
174 5527
175 5531
176 5541
177 5557
178 5562
179 5567
180 5571
181 5577
182 5581
183 5583
184 5586
185 5593
186 5595
187 5598
188 5600
189 5603
