1 1302253
2 1302253
3 1302253
4 1302253
5 1302253
6 1302253
7 1302253
8 1302253
9 1302253
10 1302253
11 1302253
12 1302253
13 1302253
14 1302253
15 1302253
16 1302253
17 1302253
18 1302253
19 1302253
20 1302253
21 1302253
22 1302253
23 1302253
24 1302253
25 1302253
26 1302253
27 1302253
28 1302253
29 1302253
30 1302253
31 1302253
32 1302253
33 1302253
34 1302253
35 1302253
36 1302253
37 1302253
38 1302253
39 1302253
40 1302253
41 1302253
42 1302253
43 1302253
44 1302253
45 1302253
46 1302253
47 1302253
48 1302253
49 1302253
50 1302253
51 1302253
52 1302253
53 1302253
54 1302253
55 1302253
56 1302253
57 1302253
58 1302253
59 1302253
60 1302253
61 1302253
62 1302253
63 1302253
64 1302253
65 1302253
66 1302253
67 1302253
68 1302253
69 1302253
70 1302253
71 1302253
72 1302253
73 1302253
74 1302253
75 1302253
76 1302253
77 1302253
78 1302253
79 1302253
80 1302253
81 1302253
82 1302253
83 1302253
84 1302253
85 1302253
86 1302253
87 1302253
88 1302253
89 1302253
90 1302253
91 1302253
92 1302253
93 1302253
94 1302253
95 1302253
96 1302253
97 1302253
98 1302253
99 1302253
100 1302253
101 1302253
102 1302253
103 1302253
104 1302253
105 1302253
106 1302253
107 1302253
108 1302253
109 1302253
110 1302253
111 1302253
112 1302253
113 1302253
114 1302253
115 1302253
116 1302253
117 1302253
118 1302253
119 1302253
120 1302253
121 1302253
122 1302253
123 1302253
124 1302253
125 1302253
126 1302253
127 1302253
128 1302253
129 1302253
130 1302253
131 1302253
132 1302253
133 1302253
134 1302253
135 1302253
136 1302253
137 1302253
138 1302253
139 1302253
140 1302253
141 1302253
142 1302253
143 1302253
144 1302253
145 1302253
146 1302253
147 1302253
148 1302253
149 1302253
150 1302253
