1 1178132
2 1178132
3 1178132
4 1178132
5 1178132
6 1178132
7 1178132
8 1178132
9 1178132
10 1178132
11 1178132
12 1178132
13 1178132
14 1178132
15 1178132
16 1178132
17 1178132
18 1178132
19 1178132
20 1178132
21 1178132
22 1178132
23 1178132
24 1178132
25 1178132
26 1178132
27 1178132
28 1178132
29 1178132
30 1178132
31 1178132
32 1178132
33 1178132
34 1178132
35 1178132
36 1178132
37 1178132
38 1178132
39 1178132
40 1178132
41 1178132
42 1178132
43 1178132
44 1178132
45 1178132
46 1178132
47 1178132
48 1178132
49 1178132
50 1178132
51 1178132
52 1178132
53 1178132
54 1178132
55 1178132
56 1178132
57 1178132
58 1178132
59 1178132
60 1178132
61 1178132
62 1178132
63 1178132
64 1178132
65 1178132
66 1178132
67 1178132
68 1178132
69 1178132
70 1178132
71 1178132
72 1178132
73 1178132
74 1178132
75 1178132
76 1178132
77 1178132
78 1178132
79 1178132
80 1178132
81 1178132
82 1178132
83 1178132
84 1178132
85 1178132
86 1178132
87 1178132
88 1178132
89 1178132
90 1178132
91 1178132
92 1178132
93 1178132
94 1178132
95 1178132
96 1178132
97 1178132
98 1178132
99 1178132
100 1178132
101 1178132
102 1178132
103 1178132
104 1178132
105 1178132
106 1178132
107 1178132
108 1178132
109 1178132
110 1178132
111 1178132
112 1178132
113 1178132
114 1178132
115 1178132
116 1178132
117 1178132
118 1178132
