1 598855
2 598855
3 598855
4 598855
5 598855
6 598855
7 598855
8 598855
9 598855
10 598855
11 598855
12 598855
13 598855
14 598855
15 598855
16 598855
17 598855
18 598855
19 598855
20 598855
21 598855
22 598855
23 598855
24 598855
25 598855
26 598855
27 598855
28 598855
29 598855
30 598855
31 598855
32 598855
33 598855
34 598855
35 598855
36 598855
37 598855
38 598855
39 598855
40 598855
41 598855
42 598855
43 598855
44 598855
45 598855
46 598855
47 598855
48 598855
49 598855
50 598855
51 598855
52 598855
53 598855
54 598855
55 598855
56 598855
57 598855
58 598855
59 598855
60 598855
61 598855
62 598855
63 598855
64 598855
65 598855
66 598855
67 598855
68 598855
69 598855
70 598855
71 598855
72 598855
73 598855
74 598855
75 598855
76 598855
77 598855
78 598855
79 598855
80 598855
81 598855
82 598855
83 598855
84 598855
85 598855
86 598855
87 598855
88 598855
89 598855
90 598855
91 598855
92 598855
93 598855
94 598855
95 598855
96 598855
97 598855
98 598855
99 598855
100 598855
101 598855
102 598855
103 598855
104 598855
105 598855
106 598855
107 598855
108 598855
109 598855
110 598855
111 598855
112 598855
113 598855
114 598855
115 598855
116 598855
117 598855
118 598855
119 598855
120 598855
121 598855
122 598855
123 598855
124 598855
