1 x
2 x
3 x
4 x
5 x
6 x
7 x
8 x
9 x
10 x
11 x
12 x
13 x
14 x
15 x
16 x
17 x
18 x
19 x
20 x
21 x
22 x
23 x
24 x
25 x
26 x
27 x
28 x
29 x
30 x
31 x
32 x
33 x
34 x
35 x
36 x
37 x
38 x
39 x
40 x
41 x
42 x
43 x
44 x
45 x
46 x
47 x
48 x
49 x
50 x
51 x
52 x
53 x
54 x
55 x
56 x
57 x
58 x
59 x
60 x
61 x
62 x
63 x
64 x
65 x
66 x
67 x
68 x
69 x
70 x
71 x
72 x
73 x
74 x
75 x
76 x
77 x
78 x
79 x
80 x
81 x
82 x
83 x
84 x
85 x
86 x
87 x
88 x
89 x
90 x
91 x
92 x
93 x
94 x
95 x
96 x
97 22256
98 22256
99 22256
100 22256
101 22256
102 22256
103 22256
104 22256
105 22256
106 22256
107 22256
108 22256
109 22256
110 22256
111 22256
112 22256
113 22256
114 22256
115 22256
116 22256
117 22256
118 22256
119 22256
120 22256
121 22256
122 22256
123 22256
124 22256
125 22256
126 22256
127 22256
128 22256
129 22256
130 22256
131 22256
132 22256
133 22256
134 22256
135 22256
136 22256
137 22256
138 22256
139 22256
140 22256
141 22256
142 22256
143 22256
144 22256
145 22256
146 22256
147 22256
148 22256
149 22256
150 22256
151 22256
152 22256
153 22256
154 22256
155 22256
156 22256
157 22256
158 22256
159 22256
160 22256
161 22256
162 22256
163 22256
164 22256
165 22256
166 22256
167 22256
168 22256
169 22256
170 22256
171 22256
172 22256
173 22256
174 22256
175 22256
176 22256
177 22256
178 22256
179 22256
180 22256
181 22256
182 22256
183 22256
184 22256
185 22256
186 22256
187 22256
188 22256
189 22256
190 22256
191 22256
192 22256
193 22256
194 22256
195 22256
196 22256
197 22256
198 22256
199 22256
200 22256
201 22256
202 22256
203 22256
204 22256
205 22256
206 22256
207 22256
208 22256
209 22256
210 22256
211 22256
212 22256
213 22256
214 22256
215 22256
216 22256
217 22256
218 22256
219 22256
220 22256
221 22256
222 22256
223 22256
224 22256
225 22256
226 22256
227 22256
228 22256
229 22256
230 22256
231 22256
232 22256
233 22256
234 22256
235 22256
236 22256
237 22256
238 22256
239 22256
240 22256
241 22256
242 22256
243 22256
244 22256
245 22256
246 22256
247 22256
248 22256
249 22256
250 22256
251 22256
252 22256
253 22256
254 22256
255 22256
256 22256
257 22256
258 22256
259 22256
260 22256
261 22256
262 22256
263 22256
264 22256
265 22256
266 22256
267 22256
268 22256
269 22256
270 22256
271 22256
272 22256
273 22256
274 22256
275 22256
276 22256
277 22256
278 22256
279 22256
280 22256
281 22256
282 22256
283 22256
284 22256
285 22256
286 22256
287 22256
288 22256
289 22256
290 22256
291 22256
292 22256
293 22256
294 22256
295 22256
296 22256
297 22256
298 22256
299 22256
300 22256
301 22256
302 22256
303 22256
304 22256
305 22256
306 22256
307 22256
308 22256
309 22256
310 22256
311 22256
312 22256
313 22256
314 22256
315 22256
316 22256
317 22256
318 22256
319 22256
320 22256
321 22256
322 22256
323 22256
324 22256
325 22256
326 22256
327 22256
328 22256
329 22256
330 22256
331 22256
332 22256
333 22256
334 22256
335 22256
336 22256
337 22256
338 22256
339 22256
340 22256
341 22256
342 22256
