1 1670931
2 1670931
3 1670931
4 1670931
5 1670931
6 1670931
7 1670931
8 1670931
9 1670931
10 1670931
11 1670931
12 1670931
13 1670931
14 1670931
15 1670931
16 1670931
17 1670931
18 1670931
19 1670931
20 1670931
21 1670931
22 1670931
23 1670931
24 1670931
25 1670931
26 1670931
27 1670931
28 1670931
29 1670931
30 1670931
31 1670931
32 1670931
33 1670931
34 1670931
35 1670931
36 1670931
37 1670931
38 1670931
39 1670931
40 1670931
41 1670931
42 1670931
43 1670931
44 1670931
45 1670931
46 1670931
47 1670931
48 1670931
49 1670931
50 1670931
51 1670931
52 1670931
53 1670931
54 1670931
55 1670931
56 1670931
57 1670931
58 1670931
59 1670931
60 1670931
61 1670931
62 1670931
63 1670931
64 1670931
65 1670931
66 1670931
67 1670931
68 1670931
69 1670931
70 1670931
71 1670931
72 1670931
73 1670931
74 1670931
75 1670931
76 1670931
77 1670931
78 1670931
79 1670931
80 1670931
81 1670931
82 1670931
83 1670931
84 1670931
85 1670931
86 1670931
87 1670931
88 1670931
89 1670931
90 1670931
91 1670931
92 1670931
93 1670931
94 1670931
95 1670931
96 1670931
97 1670931
98 1670931
99 1670931
100 1670931
101 1670931
102 1670931
103 1670931
104 1670931
105 1670931
106 1670931
107 1670931
108 1670931
109 1670931
110 1670931
111 1670931
112 1670931
113 1670931
114 1670931
115 1670931
116 1670931
117 1670931
118 1670931
119 1670931
120 1670931
121 1670931
122 1670931
123 1670931
124 1670931
125 1670931
126 1670931
127 1670931
128 1670931
129 1670931
130 1670931
131 1670931
132 1670931
133 1670931
134 1670931
135 1670931
136 1670931
137 1670931
138 1670931
139 1670931
140 1670931
141 1670931
142 1670931
143 1670931
144 1670931
145 1670931
146 1670931
147 1670931
148 1670931
149 1670931
150 1670931
151 1670931
152 1670931
153 1670931
154 1670931
155 1670931
156 1670931
157 1670931
158 1670931
159 1670931
160 1670931
161 1670931
162 1670931
163 1670931
164 1670931
165 1670931
166 1670931
167 1670931
168 1670931
169 1670931
170 1670931
171 1670931
172 1670931
173 1670931
174 1670931
175 1670931
176 1670931
177 1670931
178 1670931
179 1670931
180 1670931
181 1670931
182 1670931
183 1670931
184 1670931
185 1670931
186 1670931
187 1670931
188 1670931
189 1670931
190 1670931
