1 1019
2 1057
3 1081
4 1113
5 1138
6 1160
7 1184
8 1211
9 1233
10 1261
11 1287
12 1307
13 1327
14 1344
15 1358
16 1383
17 1403
18 1432
19 1467
20 1499
21 1512
22 1532
23 1557
24 1575
25 1603
26 1633
27 1652
28 1686
29 1716
30 1750
31 1776
32 1811
33 1838
34 1871
35 1898
36 1931
37 1961
38 2003
39 2037
40 2074
41 2098
42 2122
43 2148
44 2179
45 2208
46 2227
47 2254
48 2272
49 2299
50 2319
51 2348
52 2373
53 2391
54 2415
55 2430
56 2450
57 2481
58 2504
59 2519
60 2534
61 2555
62 2571
63 2597
64 2619
65 2637
66 2650
67 2666
68 2680
69 2692
70 2706
71 2727
72 2736
73 2747
74 2754
75 2762
76 2771
77 2784
78 2797
79 2811
80 2831
81 2845
82 2865
83 2878
84 2891
85 2909
86 2923
87 2933
88 2951
89 2971
90 2994
91 3006
92 3021
93 3041
94 3071
95 3102
96 3113
97 3125
98 3144
99 3165
100 3180
101 3196
102 3218
103 3251
104 3274
105 3302
106 3332
107 3350
108 3375
109 3399
110 3425
111 3446
112 3464
113 3485
114 3509
115 3542
116 3570
117 3587
118 3622
119 3641
120 3664
121 3689
122 3727
123 3744
124 3775
125 3788
126 3812
127 3843
128 3859
129 3888
130 3914
131 3948
132 3971
133 3997
134 4025
135 4047
136 4073
137 4105
138 4128
139 4142
140 4153
141 4170
142 4188
143 4204
144 4224
145 4235
146 4243
147 4255
148 4266
149 4276
150 4285
151 4301
152 4314
153 4325
154 4339
155 4349
156 4364
157 4375
158 4385
159 4393
160 4398
161 4403
162 4407
163 4416
164 4424
165 4432
166 4434
