1 717
2 731
3 755
4 772
5 792
6 827
7 841
8 868
9 891
10 914
11 944
12 986
13 1003
14 1043
15 1075
16 1112
17 1129
18 1172
19 1195
20 1230
21 1258
22 1293
23 1370
24 1397
25 1439
26 1450
27 1483
28 1513
29 1561
30 1589
31 1630
32 1670
33 1701
34 1772
35 1816
36 1847
37 1888
38 1924
39 1947
40 1966
41 1996
42 2035
43 2063
44 2108
45 2256
46 2292
47 2531
48 2613
49 2691
50 2721
51 2735
52 2781
53 2820
54 3245
55 3276
56 3307
57 3334
58 3351
59 3382
60 3416
61 3434
62 3473
63 3494
64 3512
65 3545
66 3557
67 3581
68 3600
69 3627
70 3649
71 3662
72 3672
73 3688
74 3704
75 3724
76 3754
77 3771
78 3792
79 3798
80 3810
81 3825
82 3833
83 3842
84 3865
85 3876
86 3888
87 3907
88 3916
89 3924
90 3945
91 3967
92 3985
93 3989
94 3993
95 4011
96 4013
97 4028
98 4044
99 4065
100 4077
101 4085
102 4113
103 4138
104 4160
105 4190
106 4208
107 4214
108 4233
109 4255
110 4262
111 4272
112 4280
113 4286
114 4292
115 4301
116 4307
117 4318
118 4335
119 4345
120 4361
121 4365
122 4379
123 4388
124 4401
125 4410
126 4422
127 4433
128 4440
129 4447
130 4453
131 4453
132 4458
133 4464
134 4466
135 4471
136 4478
137 4484
138 4487
139 4501
140 4505
141 4506
142 4513
143 4517
144 4524
145 4526
146 4535
147 4541
148 4549
149 4550
150 4568
151 4574
152 4574
153 4579
154 4579
155 4579
156 4579
157 4580
158 4581
159 4582
160 4583
161 4585
162 4585
163 4589
