1 655
2 696
3 749
4 780
5 791
6 817
7 893
8 997
9 1037
10 1086
11 1101
12 1107
13 1122
14 1132
15 1177
16 1185
17 1199
18 1220
19 1269
20 1275
21 1307
22 1352
23 1374
24 1417
25 1445
26 1495
27 1606
28 1661
29 1756
30 1775
31 1798
32 1842
33 1897
34 1942
35 1960
36 2035
37 2070
38 2096
39 2133
40 2165
41 2219
42 2249
43 2287
44 2321
45 2326
46 2377
47 2425
48 2440
49 2456
50 2553
51 2599
52 2646
53 2695
54 2720
55 2763
56 2803
57 2846
58 2890
59 2936
60 2983
61 2983
62 3019
63 3065
64 3109
65 3164
66 3203
67 3268
68 3317
69 3359
70 3426
71 3481
72 3518
73 3568
74 3573
75 3621
76 3666
77 3712
78 3748
79 3788
80 3830
81 3882
82 3934
83 3970
84 3974
85 4007
86 4032
87 4052
88 4068
89 4123
90 4173
91 4214
92 4219
93 4247
94 4292
95 4320
96 4358
97 4382
98 4431
99 4457
100 4491
101 4537
102 4572
103 4641
104 4674
105 4708
106 4753
107 4784
108 4839
109 4864
110 4900
111 4957
112 5014
113 5088
114 5126
115 5152
116 5216
117 5254
118 5286
119 5305
120 5342
121 5365
122 5401
123 5412
124 5422
125 5430
126 5438
127 5463
128 5484
129 5498
130 5516
131 5564
132 5602
133 5616
134 5682
135 5738
136 5767
137 5801
138 5831
139 5858
140 5893
141 5910
142 5929
143 5953
144 5969
145 5992
146 6011
147 6026
148 6061
149 6083
150 6102
151 6124
152 6135
153 6150
154 6167
155 6182
156 6191
157 6206
158 6221
159 6233
160 6245
161 6264
162 6274
163 6287
164 6297
165 6309
166 6316
167 6330
168 6339
169 6345
170 6353
171 6361
172 6369
173 6378
174 6384
175 6389
176 6396
177 6403
178 6405
179 6407
180 6412
181 6416
182 6423
183 6427
184 6430
185 6434
186 6436
187 6440
188 6443
189 6447
