1 744
2 762
3 800
4 840
5 857
6 904
7 908
8 918
9 963
10 991
11 1017
12 1048
13 1058
14 1077
15 1089
16 1174
17 1191
18 1244
19 1247
20 1261
21 1271
22 1287
23 1353
24 1373
25 1395
26 1460
27 1484
28 1494
29 1514
30 1552
31 1563
32 1576
33 1594
34 1630
35 1631
36 1646
37 1654
38 1708
39 1713
40 1715
41 1735
42 1782
43 1804
44 1850
45 1860
46 1861
47 1863
48 1928
49 1962
50 2005
51 2036
52 2059
53 2121
54 2147
55 2178
56 2181
57 2197
58 2202
59 2218
60 2292
61 2292
62 2346
63 2370
64 2420
65 2423
66 2428
67 2449
68 2458
69 2475
70 2486
71 2522
72 2580
73 2658
74 2683
75 2686
76 2766
77 2777
78 2785
79 2836
80 2843
81 2878
82 2891
83 2947
84 2999
85 3012
86 3029
87 3029
88 3029
89 3029
90 3133
91 3139
92 3143
93 3177
94 3185
95 3190
96 3190
97 3197
98 3206
99 3211
100 3222
101 3231
102 3231
103 3231
104 3237
105 3243
106 3244
107 3245
108 3249
109 3251
110 3251
111 3261
112 3262
113 3263
114 3269
115 3278
116 3282
117 3282
118 3335
119 3343
120 3345
121 3345
122 3346
123 3347
124 3347
125 3348
