1 649
2 663
3 704
4 758
5 810
6 810
7 840
8 877
9 918
10 991
11 1072
12 1128
13 1179
14 1241
15 1299
16 1342
17 1387
18 1454
19 1507
20 1563
21 1622
22 1673
23 1716
24 1754
25 1805
26 1840
27 1860
28 1884
29 1918
30 1950
31 1985
32 2040
33 2091
34 2125
35 2178
36 2208
37 2257
38 2308
39 2350
40 2394
41 2430
42 2471
43 2513
44 2530
45 2549
46 2589
47 2619
48 2643
49 2693
50 2735
51 2760
52 2790
53 2839
54 2895
55 2924
56 2988
57 3039
58 3068
59 3112
60 3163
61 3211
62 3230
63 3282
64 3329
65 3375
66 3410
67 3433
68 3477
69 3498
70 3546
71 3594
72 3622
73 3666
74 3700
75 3761
76 3781
77 3831
78 3869
79 3914
80 3958
81 3980
82 4011
83 4046
84 4085
85 4113
86 4145
87 4164
88 4189
89 4203
90 4216
91 4231
92 4260
93 4272
94 4281
95 4294
96 4313
97 4324
98 4351
99 4372
100 4387
101 4399
102 4402
103 4404
104 4413
105 4428
106 4434
107 4443
108 4453
109 4463
110 4488
111 4492
112 4508
113 4514
114 4528
115 4530
116 4545
117 4552
118 4557
119 4574
120 4588
121 4595
122 4600
123 4609
124 4618
125 4622
126 4632
127 4644
128 4651
129 4658
130 4661
131 4673
132 4678
133 4694
134 4696
135 4705
136 4710
137 4715
138 4718
139 4721
140 4722
141 4732
142 4736
143 4739
144 4748
145 4761
146 4761
147 4770
148 4773
149 4774
150 4782
151 4784
152 4789
153 4793
154 4798
155 4801
156 4802
157 4803
158 4804
159 4809
160 4810
161 4811
162 4813
163 4813
164 4815
165 4818
166 4819
167 4821
168 4825
169 4826
170 4826
171 4826
172 4830
173 4835
174 4838
175 4841
176 4843
177 4844
178 4844
