1 15
2 15
3 17
4 17
5 18
6 18
7 18
8 20
9 20
10 20
11 20
12 22
13 24
14 24
15 25
16 26
17 26
18 26
19 27
20 27
21 27
22 28
23 28
24 28
25 28
26 28
27 28
28 28
29 28
30 28
31 28
32 28
33 29
34 29
35 29
36 29
37 29
38 29
39 29
40 29
41 29
42 29
43 29
44 29
45 29
46 29
47 29
48 29
49 29
50 29
51 29
52 30
53 30
54 30
55 30
56 30
57 30
58 30
59 30
60 30
61 30
62 30
63 30
64 30
65 30
66 30
67 30
68 30
69 31
70 31
71 31
72 31
73 31
74 31
75 31
76 31
77 31
78 31
79 31
80 31
81 31
82 31
83 31
84 31
85 32
86 32
87 32
88 33
89 33
90 33
91 33
92 33
93 33
94 33
95 33
96 33
97 33
98 33
99 33
100 33
101 33
102 33
103 33
104 33
105 33
106 33
107 33
108 33
109 33
110 33
111 33
112 33
113 33
114 33
115 33
116 34
117 34
118 34
119 34
120 34
121 34
122 34
123 35
124 35
125 35
126 35
127 35
128 35
129 35
130 35
131 35
132 35
133 35
134 35
135 35
136 35
137 35
138 35
139 35
140 35
141 35
142 35
143 35
144 35
145 35
