1 2445203
2 2445203
3 2445203
4 2445203
5 2445203
6 2445203
7 2445203
8 2445203
9 2445203
10 2445203
11 2445203
12 2445203
13 2445203
14 2445203
15 2445203
16 2445203
17 2445203
18 2445203
19 2445203
20 2445203
21 2445203
22 2445203
23 2445203
24 2445203
25 2445203
26 2445203
27 2445203
28 2445203
29 2445203
30 2445203
31 2445203
32 2445203
33 2445203
34 2445203
35 2445203
36 2445203
37 2445203
38 2445203
39 2445203
40 2445203
41 2445203
42 2445203
43 2445203
44 2445203
45 2445203
46 2445203
47 2445203
48 2445203
49 2445203
50 2445203
51 2445203
52 2445203
53 2445203
54 2445203
55 2445203
56 2445203
57 2445203
58 2445203
59 2445203
60 2445203
61 2445203
62 2445203
63 2445203
64 2445203
65 2445203
66 2445203
67 2445203
68 2445203
69 2445203
70 2445203
71 2445203
72 2445203
73 2445203
74 2445203
75 2445203
76 2445203
77 2445203
78 2445203
79 2445203
80 2445203
81 2445203
82 2445203
83 2445203
84 2445203
85 2445203
86 2445203
87 2445203
88 2445203
89 2445203
90 2445203
91 2445203
92 2445203
93 2445203
94 2445203
95 2445203
96 2445203
97 2445203
98 2445203
99 2445203
100 2445203
101 2445203
102 2445203
103 2445203
104 2445203
105 2445203
106 2445203
107 2445203
108 2445203
109 2445203
110 2445203
111 2445203
112 2445203
113 2445203
114 2445203
115 2445203
116 2445203
117 2445203
118 2445203
119 2445203
120 2445203
121 2445203
122 2445203
123 2445203
124 2445203
125 2445203
126 2445203
127 2445203
128 2445203
129 2445203
130 2445203
131 2445203
132 2445203
133 2445203
134 2445203
135 2445203
136 2445203
137 2445203
138 2445203
139 2445203
140 2445203
141 2445203
142 2445203
143 2445203
144 2445203
145 2445203
146 2445203
147 2445203
148 2445203
149 2445203
150 2445203
151 2445203
152 2445203
153 2445203
154 2445203
155 2445203
156 2445203
157 2445203
158 2445203
159 2445203
160 2445203
161 2445203
162 2445203
163 2445203
164 2445203
165 2445203
166 2445203
167 2445203
168 2445203
169 2445203
170 2445203
171 2445203
172 2445203
173 2445203
174 2445203
175 2445203
176 2445203
177 2445203
178 2445203
