1 1660378
2 1660378
3 1660378
4 1660378
5 1660378
6 1660378
7 1660378
8 1660378
9 1660378
10 1660378
11 1660378
12 1660378
13 1660378
14 1660378
15 1660378
16 1660378
17 1660378
18 1660378
19 1660378
20 1660378
21 1660378
22 1660378
23 1660378
24 1660378
25 1660378
26 1660378
27 1660378
28 1660378
29 1660378
30 1660378
31 1660378
32 1660378
33 1660378
34 1660378
35 1660378
36 1660378
37 1660378
38 1660378
39 1660378
40 1660378
41 1660378
42 1660378
43 1660378
44 1660378
45 1660378
46 1660378
47 1660378
48 1660378
49 1660378
50 1660378
51 1660378
52 1660378
53 1660378
54 1660378
55 1660378
56 1660378
57 1660378
58 1660378
59 1660378
60 1660378
61 1660378
62 1660378
63 1660378
64 1660378
65 1660378
66 1660378
67 1660378
68 1660378
69 1660378
70 1660378
71 1660378
72 1660378
73 1660378
74 1660378
75 1660378
76 1660378
77 1660378
78 1660378
79 1660378
80 1660378
81 1660378
82 1660378
83 1660378
84 1660378
85 1660378
86 1660378
87 1660378
88 1660378
89 1660378
90 1660378
91 1660378
92 1660378
93 1660378
94 1660378
95 1660378
96 1660378
97 1660378
98 1660378
99 1660378
100 1660378
101 1660378
102 1660378
103 1660378
104 1660378
105 1660378
106 1660378
107 1660378
108 1660378
109 1660378
110 1660378
111 1660378
112 1660378
113 1660378
114 1660378
115 1660378
116 1660378
117 1660378
118 1660378
119 1660378
120 1660378
121 1660378
122 1660378
123 1660378
124 1660378
125 1660378
126 1660378
127 1660378
128 1660378
129 1660378
130 1660378
131 1660378
132 1660378
133 1660378
134 1660378
135 1660378
136 1660378
137 1660378
138 1660378
139 1660378
140 1660378
141 1660378
142 1660378
143 1660378
144 1660378
145 1660378
146 1660378
147 1660378
148 1660378
149 1660378
150 1660378
151 1660378
152 1660378
153 1660378
154 1660378
155 1660378
156 1660378
157 1660378
158 1660378
159 1660378
160 1660378
161 1660378
162 1660378
163 1660378
164 1660378
165 1660378
166 1660378
167 1660378
168 1660378
169 1660378
170 1660378
171 1660378
172 1660378
173 1660378
174 1660378
175 1660378
176 1660378
177 1660378
178 1660378
