1 1020
2 1032
3 1096
4 1104
5 1128
6 1170
7 1190
8 1200
9 1228
10 1244
11 1287
12 1318
13 1341
14 1373
15 1403
16 1432
17 1479
18 1553
19 1583
20 1656
21 1689
22 1715
23 1734
24 1746
25 1852
26 1880
27 1979
28 2005
29 2034
30 2051
31 2123
32 2177
33 2210
34 2231
35 2267
36 2342
37 2378
38 2423
39 2449
40 2477
41 2517
42 2553
43 2576
44 2594
45 2624
46 2631
47 2661
48 2672
49 2688
50 2695
51 2708
52 2714
53 2721
54 2729
55 2746
56 2762
57 2785
58 2801
59 2818
60 2838
61 2846
62 2886
63 2918
64 2946
65 2962
66 2980
67 2980
68 2998
69 3017
70 3047
71 3077
72 3097
73 3105
74 3140
75 3159
76 3183
77 3209
78 3220
79 3237
80 3248
81 3258
82 3270
83 3281
84 3288
85 3301
86 3302
87 3308
88 3319
89 3342
90 3351
91 3361
92 3374
93 3379
94 3384
95 3394
96 3405
97 3415
98 3429
99 3433
100 3444
101 3451
102 3456
103 3459
104 3467
105 3474
106 3485
107 3491
108 3498
109 3506
110 3520
111 3525
112 3528
113 3530
114 3533
115 3537
116 3542
117 3544
118 3550
119 3555
120 3562
121 3565
122 3569
123 3573
124 3575
125 3577
126 3584
127 3590
128 3593
129 3596
130 3601
131 3601
132 3607
133 3612
134 3614
135 3620
136 3624
137 3629
138 3631
139 3632
140 3633
141 3636
142 3638
143 3639
144 3643
145 3645
146 3648
147 3650
148 3650
149 3650
150 3650
151 3650
152 3650
153 3650
154 3650
155 3651
156 3651
157 3651
158 3651
159 3651
160 3652
161 3652
162 3652
163 3652
164 3652
165 3652
