1 x
2 x
3 x
4 x
5 x
6 x
7 x
8 x
9 x
10 x
11 x
12 x
13 x
14 x
15 x
16 x
17 x
18 x
19 x
20 x
21 x
22 x
23 x
24 x
25 x
26 x
27 x
28 x
29 x
30 x
31 x
32 x
33 x
34 x
35 x
36 x
37 x
38 x
39 x
40 x
41 x
42 x
43 x
44 x
45 x
46 x
47 x
48 x
49 x
50 x
51 x
52 x
53 x
54 x
55 x
56 x
57 x
58 x
59 x
60 x
61 x
62 x
63 x
64 x
65 x
66 x
67 x
68 x
69 x
70 x
71 x
72 x
73 x
74 x
75 x
76 x
77 x
78 x
79 x
80 x
81 x
82 x
83 x
84 x
85 x
86 x
87 x
88 x
89 x
90 x
91 x
92 x
93 x
94 x
95 x
96 x
97 x
98 x
99 x
100 x
101 x
102 x
103 x
104 x
105 83054
106 83054
107 83054
108 83054
109 83054
110 83054
111 83054
112 83054
113 83054
114 83054
115 83054
116 83054
117 83054
118 83054
119 83054
120 83054
121 83054
122 83054
123 83054
124 83054
125 83054
126 83054
127 83054
128 83054
129 83054
130 83054
131 83054
132 83054
133 83054
134 83054
135 83054
136 83054
137 83054
138 83054
139 83054
140 83054
141 83054
142 83054
143 83054
144 83054
145 83054
146 83054
147 83054
148 83054
149 83054
150 83054
151 83054
152 83054
153 83054
154 83054
155 83054
156 83054
157 83054
158 83054
159 83054
160 83054
161 83054
162 83054
163 83054
164 83054
165 83054
166 83054
167 83054
168 83054
169 83054
170 83054
171 83054
172 83054
173 83054
174 83054
175 83054
176 83054
177 83054
178 83054
179 83054
180 83054
181 83054
182 83054
183 83054
184 83054
185 83054
186 83054
187 83054
188 83054
189 83054
190 83054
191 83054
192 83054
193 83054
194 83054
195 83054
196 83054
197 83054
198 83054
199 83054
200 83054
201 83054
202 83054
203 83054
204 83054
205 83054
206 83054
207 83054
208 83054
209 83054
210 83054
211 83054
212 83054
213 83054
214 83054
215 83054
216 83054
217 83054
218 83054
219 83054
220 83054
221 83054
222 83054
223 83054
224 83054
225 83054
226 83054
227 83054
228 83054
229 83054
230 83054
231 83054
232 83054
233 83054
234 83054
235 83054
236 83054
237 83054
238 83054
239 83054
240 83054
241 83054
242 83054
243 83054
244 83054
245 83054
246 83054
247 83054
248 83054
249 83054
250 83054
251 83054
252 83054
253 83054
254 83054
255 83054
256 83054
257 83054
258 83054
259 83054
260 83054
261 83054
262 83054
263 83054
264 83054
265 83054
266 83054
267 83054
268 83054
269 83054
270 83054
271 83054
272 83054
273 83054
274 83054
275 83054
276 83054
277 83054
278 83054
279 83054
280 83054
281 83054
282 83054
283 83054
284 83054
285 83054
286 83054
287 83054
288 83054
289 83054
290 83054
291 83054
292 83054
293 83054
294 83054
295 83054
296 83054
297 83054
298 83054
299 83054
300 83054
301 83054
302 83054
303 83054
304 83054
305 83054
306 83054
307 83054
308 83054
309 83054
310 83054
311 83054
312 83054
313 83054
314 83054
315 83054
316 83054
317 83054
318 83054
319 83054
320 83054
321 83054
322 83054
323 83054
324 83054
325 83054
326 83054
327 83054
328 83054
329 83054
330 83054
331 83054
332 83054
333 83054
334 83054
335 83054
336 83054
337 83054
338 83054
339 83054
340 83054
341 83054
342 83054
