1 554762
2 554762
3 554762
4 554762
5 554762
6 554762
7 554762
8 554762
9 554762
10 554762
11 554762
12 554762
13 554762
14 554762
15 554762
16 554762
17 554762
18 554762
19 554762
20 554762
21 554762
22 554762
23 554762
24 554762
25 554762
26 554762
27 554762
28 554762
29 554762
30 554762
31 554762
32 554762
33 554762
34 554762
35 554762
36 554762
37 554762
38 554762
39 554762
40 554762
41 554762
42 554762
43 554762
44 554762
45 554762
46 554762
47 554762
48 554762
49 554762
50 554762
51 554762
52 554762
53 554762
54 554762
55 554762
56 554762
57 554762
58 554762
59 554762
60 554762
61 554762
62 554762
63 554762
64 554762
65 554762
66 554762
67 554762
68 554762
69 554762
70 554762
71 554762
72 554762
73 554762
74 554762
75 554762
76 554762
77 554762
78 554762
79 554762
80 554762
81 554762
82 554762
83 554762
84 554762
85 554762
86 554762
87 554762
88 554762
89 554762
90 554762
91 554762
92 554762
93 554762
94 554762
95 554762
96 554762
97 554762
98 554762
99 554762
100 554762
101 554762
102 554762
103 554762
104 554762
105 554762
106 554762
107 554762
108 554762
109 554762
110 554762
111 554762
112 554762
113 554762
114 554762
115 554762
116 554762
117 554762
118 554762
119 554762
120 554762
121 554762
122 554762
123 554762
124 554762
125 554762
126 554762
127 554762
128 554762
129 554762
130 554762
131 554762
132 554762
133 554762
134 554762
135 554762
136 554762
137 554762
138 554762
139 554762
140 554762
141 554762
142 554762
143 554762
144 554762
145 554762
146 554762
147 554762
148 554762
149 554762
150 554762
151 554762
152 554762
153 554762
154 554762
155 554762
156 554762
157 554762
158 554762
159 554762
160 554762
161 554762
162 554762
163 554762
164 554762
165 554762
166 554762
167 554762
