1 1030
2 1089
3 1166
4 1194
5 1295
6 1398
7 1454
8 1508
9 1559
10 1603
11 1685
12 1716
13 1735
14 1797
15 1827
16 1891
17 1939
18 1988
19 2048
20 2089
21 2125
22 2163
23 2212
24 2253
25 2273
26 2303
27 2342
28 2369
29 2402
30 2416
31 2426
32 2443
33 2469
34 2481
35 2493
36 2500
37 2516
38 2537
39 2547
40 2551
41 2561
42 2561
43 2572
44 2582
45 2596
46 2608
47 2620
48 2628
49 2633
50 2637
51 2643
52 2649
53 2670
54 2700
55 2707
56 2729
57 2731
58 2744
59 2755
60 2764
61 2786
62 2824
63 2844
64 2863
65 2887
66 2907
67 2942
68 2960
69 3001
70 3009
71 3026
72 3054
73 3104
74 3140
75 3190
76 3258
77 3302
78 3322
79 3359
80 3405
81 3433
82 3482
83 3513
84 3539
85 3565
86 3590
87 3644
88 3694
89 3745
90 3779
91 3807
92 3836
93 3857
94 3884
95 3896
96 3909
97 3935
98 3949
99 3956
100 3968
101 3982
102 3992
103 4002
104 4008
105 4015
106 4023
107 4037
108 4045
109 4054
110 4062
111 4064
112 4068
113 4071
114 4076
115 4079
116 4082
117 4089
118 4092
119 4095
120 4096
121 4103
122 4106
123 4150
124 4156
125 4161
126 4161
127 4166
128 4171
129 4172
130 4176
131 4178
132 4179
133 4180
134 4184
135 4184
136 4186
137 4191
138 4193
139 4193
140 4194
141 4195
142 4196
143 4197
144 4197
145 4200
146 4201
147 4203
148 4203
