1 726
2 740
3 772
4 789
5 804
6 820
7 834
8 861
9 896
10 908
11 924
12 934
13 947
14 968
15 981
16 1007
17 1040
18 1085
19 1117
20 1146
21 1180
22 1200
23 1244
24 1286
25 1311
26 1364
27 1406
28 1467
29 1480
30 1517
31 1559
32 1600
33 1654
34 1684
35 1708
36 1740
37 1790
38 1804
39 1846
40 1851
41 1854
42 1887
43 1926
44 1929
45 1974
46 1974
47 1974
48 1999
49 1999
50 2022
51 2095
52 2145
53 2201
54 2201
55 2281
56 2277
57 2357
58 2389
59 2394
60 2434
61 2476
62 2531
63 2534
64 2553
65 2569
66 2649
67 2650
68 2663
69 2678
70 2696
71 2699
72 2722
73 2751
74 2756
75 2780
76 2790
77 2792
78 2792
79 2827
80 2828
81 2833
82 2874
83 2875
84 2897
85 2921
86 2923
87 2943
88 2946
89 2949
90 3031
91 3076
92 3079
93 3090
94 3106
95 3136
96 3199
97 3202
98 3203
99 3219
100 3244
101 3246
102 3249
103 3276
104 3285
105 3291
106 3315
107 3317
108 3362
109 3363
110 3381
111 3389
112 3398
113 3399
114 3431
115 3432
116 3435
117 3454
118 3468
119 3481
120 3486
121 3488
122 3497
123 3499
124 3501
125 3511
126 3519
127 3523
128 3524
129 3535
130 3537
131 3547
132 3563
133 3564
134 3564
135 3568
136 3578
137 3586
138 3595
139 3596
140 3604
141 3619
142 3623
143 3630
144 3630
145 3631
146 3631
147 3641
148 3643
149 3651
150 3653
151 3656
152 3661
153 3661
154 3661
155 3664
156 3666
157 3666
158 3668
159 3670
160 3670
161 3670
162 3671
163 3672
164 3677
165 3678
166 3681
