1 726
2 756
3 791
4 867
5 886
6 929
7 947
8 1015
9 1078
10 1151
11 1199
12 1251
13 1290
14 1312
15 1358
16 1416
17 1437
18 1437
19 1451
20 1497
21 1561
22 1615
23 1699
24 1741
25 1779
26 1813
27 1855
28 1900
29 1955
30 1981
31 2020
32 2020
33 2042
34 2077
35 2122
36 2165
37 2233
38 2287
39 2365
40 2413
41 2437
42 2458
43 2496
44 2542
45 2555
46 2555
47 2591
48 2607
49 2607
50 2641
51 2683
52 2708
53 2726
54 2748
55 2774
56 2774
57 2792
58 2812
59 2812
60 2812
61 2812
62 2830
63 2841
64 2851
65 2895
66 2913
67 2932
68 2943
69 2943
70 2943
71 2943
72 2955
73 2965
74 2973
75 2973
76 2987
77 2995
78 3005
79 3005
80 3012
81 3022
82 3028
83 3040
84 3040
85 3059
86 3075
87 3087
88 3094
89 3102
90 3102
91 3114
92 3125
93 3137
94 3145
95 3154
96 3154
97 3164
98 3165
99 3176
100 3176
101 3184
102 3194
103 3194
104 3205
105 3219
106 3227
107 3227
108 3237
109 3250
110 3250
111 3260
112 3260
113 3267
114 3275
115 3286
116 3293
117 3297
118 3305
119 3305
120 3313
121 3313
122 3327
123 3327
124 3333
125 3340
126 3344
127 3356
128 3364
129 3368
130 3374
131 3382
132 3389
133 3400
134 3408
135 3414
136 3422
137 3431
138 3437
139 3446
140 3452
141 3457
142 3469
143 3477
144 3488
145 3496
146 3507
147 3515
148 3522
149 3530
150 3534
151 3540
152 3547
153 3555
154 3559
155 3565
156 3572
157 3577
158 3583
159 3587
160 3591
161 3593
162 3593
163 3593
164 3593
165 3596
166 3596
167 3596
168 3596
169 3604
