1 1014
2 1059
3 1061
4 1156
5 1256
6 1349
7 1416
8 1548
9 1661
10 1665
11 1693
12 1738
13 1781
14 1799
15 1830
16 1851
17 1874
18 1919
19 1947
20 1998
21 2026
22 2113
23 2119
24 2146
25 2202
26 2254
27 2319
28 2390
29 2431
30 2551
31 2612
32 2680
33 2755
34 2784
35 2896
36 2955
37 3062
38 3156
39 3276
40 3386
41 3481
42 3586
43 3686
44 3819
45 3898
46 3996
47 4107
48 4219
49 4361
50 4560
51 4687
52 4816
53 4975
54 5123
55 5267
56 5409
57 5538
58 5678
59 5784
60 5883
61 5984
62 6071
63 6194
64 6310
65 6409
66 6552
67 6683
68 6824
69 6950
70 7076
71 7136
72 7192
73 7315
74 7457
75 7600
76 7746
77 7842
78 7943
79 8049
80 8099
81 8211
82 8300
83 8396
84 8511
85 8621
86 8703
87 8765
88 8834
89 8921
90 9007
91 9080
92 9144
93 9188
94 9251
95 9303
96 9354
97 9400
98 9446
99 9487
100 9520
101 9559
102 9595
103 9632
104 9680
105 9730
106 9770
107 9806
108 9851
109 9883
110 9922
111 9958
112 9988
113 10018
114 10044
115 10066
116 10092
117 10116
118 10141
119 10164
120 10192
121 10213
122 10239
123 10262
124 10278
125 10302
126 10333
127 10355
128 10379
129 10387
130 10402
131 10427
132 10435
133 10449
134 10474
135 10491
136 10509
137 10521
138 10547
139 10562
140 10574
141 10602
142 10620
143 10630
144 10640
145 10663
146 10677
147 10695
148 10705
149 10720
150 10730
151 10746
152 10761
153 10785
154 10792
155 10804
156 10827
157 10844
158 10857
159 10863
160 10875
161 10886
162 10898
163 10923
164 10932
165 10942
166 10948
167 10958
168 10972
169 10982
170 10992
171 11000
172 11015
173 11024
174 11031
175 11037
176 11042
177 11047
178 11055
179 11062
180 11065
181 11072
182 11086
183 11090
184 11101
185 11107
186 11115
187 11142
188 11146
189 11155
190 11164
191 11172
192 11177
193 11179
194 11182
195 11191
196 11201
