1 x
2 x
3 x
4 x
5 x
6 x
7 x
8 x
9 x
10 x
11 x
12 x
13 x
14 x
15 x
16 x
17 x
18 x
19 x
20 x
21 x
22 x
23 x
24 x
25 x
26 x
27 x
28 x
29 x
30 x
31 x
32 x
33 x
34 x
35 x
36 x
37 x
38 x
39 x
40 x
41 x
42 x
43 x
44 x
45 x
46 x
47 x
48 x
49 x
50 x
51 x
52 x
53 x
54 x
55 x
56 x
57 x
58 x
59 x
60 x
61 x
62 x
63 x
64 x
65 x
66 x
67 x
68 x
69 x
70 x
71 x
72 x
73 x
74 x
75 x
76 x
77 x
78 x
79 x
80 x
81 x
82 x
83 x
84 x
85 x
86 x
87 x
88 x
89 x
90 x
91 x
92 x
93 x
94 x
95 x
96 x
97 x
98 x
99 x
100 x
101 x
102 x
103 x
104 x
105 x
106 x
107 x
108 x
109 x
110 x
111 x
112 x
113 x
114 x
115 x
116 x
117 x
118 x
119 1
120 1
121 1
122 1
123 1
124 1
125 1
126 1
127 9
128 10
129 10
130 10
131 10
132 10
133 10
134 16
135 16
136 16
137 16
138 20
139 20
140 20
141 20
142 20
143 20
144 20
145 20
146 20
147 20
148 20
149 20
150 20
151 20
152 20
153 20
154 20
155 21
156 21
157 21
158 21
159 21
160 21
161 21
162 21
163 21
164 21
165 21
166 21
167 21
168 21
169 21
170 21
171 21
172 21
173 21
174 21
175 21
176 21
177 21
178 21
179 21
180 21
181 21
182 21
183 21
184 21
185 21
186 21
187 21
188 21
189 21
190 21
191 21
192 21
193 21
194 21
195 21
196 21
197 21
198 21
199 21
200 21
201 21
202 21
203 23
204 23
205 23
206 23
207 23
208 31
209 31
210 31
211 31
212 31
213 31
214 31
215 31
216 32
217 32
218 32
219 33
220 33
221 33
222 34
223 35
224 36
225 37
226 39
227 39
228 39
229 39
230 45
231 45
232 45
233 47
234 47
235 47
236 47
237 47
238 50
239 50
240 52
241 52
242 52
243 52
244 52
245 53
246 53
247 53
248 53
249 53
250 54
251 54
252 55
253 55
254 55
255 57
256 57
257 57
258 57
259 59
260 59
261 59
262 59
263 59
264 59
265 59
266 59
267 59
268 60
269 60
270 60
271 65
272 65
273 65
274 67
275 71
276 71
277 74
278 74
279 74
280 76
281 79
282 79
283 79
284 79
285 79
286 79
287 80
288 80
289 80
290 80
291 80
292 80
293 80
294 82
295 82
296 82
297 82
298 82
