1 1009
2 1017
3 1025
4 1057
5 1085
6 1112
7 1122
8 1132
9 1146
10 1160
11 1170
12 1184
13 1200
14 1205
15 1222
16 1227
17 1236
18 1243
19 1247
20 1253
21 1256
22 1270
23 1271
24 1278
25 1294
26 1301
27 1301
28 1305
29 1309
30 1313
31 1317
32 1320
33 1330
34 1333
35 1340
36 1353
37 1362
38 1372
39 1375
40 1380
41 1384
42 1385
43 1386
44 1392
45 1398
46 1402
47 1405
48 1407
49 1412
50 1417
51 1422
52 1425
53 1432
54 1450
55 1456
56 1460
57 1464
58 1466
59 1479
60 1489
61 1498
62 1500
63 1512
64 1520
65 1532
66 1544
67 1556
68 1566
69 1576
70 1578
71 1595
72 1607
73 1619
74 1627
75 1640
76 1648
77 1651
78 1656
79 1663
80 1669
81 1671
82 1673
83 1677
84 1678
85 1681
86 1688
87 1693
88 1710
89 1712
90 1725
91 1730
92 1736
93 1741
94 1751
95 1751
