1 1006
2 1034
3 1060
4 1072
5 1111
6 1172
7 1211
8 1222
9 1290
10 1315
11 1362
12 1382
13 1418
14 1452
15 1469
16 1475
17 1494
18 1509
19 1551
20 1530
21 1536
22 1603
23 1595
24 1605
25 1617
26 1622
27 1627
28 1633
29 1638
30 1646
31 1662
32 1668
33 1682
34 1695
35 1707
36 1716
37 1721
38 1732
39 1734
40 1745
41 1760
42 1767
43 1770
44 1777
45 1782
46 1787
47 1792
48 1798
49 1804
50 1805
51 1804
52 1808
53 1812
54 1816
55 1821
56 1826
57 1829
58 1829
59 1833
60 1836
61 1838
62 1840
63 1841
64 1848
65 1850
66 1859
67 1860
68 1861
69 1868
70 1872
71 1874
72 1881
73 1883
74 1885
75 1887
76 1894
77 1897
78 1902
79 1907
80 1916
81 1917
82 1924
83 1924
84 1931
85 1935
86 1948
87 1950
88 1954
89 1964
90 1965
91 1972
92 1974
93 1976
94 1981
95 1988
96 1996
97 2000
98 2008
99 2023
100 2024
101 2043
102 2046
103 2049
104 2057
105 2056
106 2058
107 2058
108 2062
109 2064
110 2066
111 2068
112 2069
113 2069
