1 790207
2 790207
3 790207
4 790207
5 790207
6 790207
7 790207
8 790207
9 790207
10 790207
11 790207
12 790207
13 790207
14 790207
15 790207
16 790207
17 790207
18 790207
19 790207
20 790207
21 790207
22 790207
23 790207
24 790207
25 790207
26 790207
27 790207
28 790207
29 790207
30 790207
31 790207
32 790207
33 790207
34 790207
35 790207
36 790207
37 790207
38 790207
39 790207
40 790207
41 790207
42 790207
43 790207
44 790207
45 790207
46 790207
47 790207
48 790207
49 790207
50 790207
51 790207
52 790207
53 790207
54 790207
55 790207
56 790207
57 790207
