1 x
2 x
3 x
4 x
5 x
6 x
7 x
8 x
9 x
10 x
11 x
12 x
13 x
14 x
15 x
16 x
17 x
18 x
19 x
20 x
21 x
22 x
23 x
24 x
25 x
26 x
27 x
28 x
29 x
30 x
31 x
32 x
33 x
34 x
35 x
36 x
37 x
38 x
39 x
40 x
41 x
42 x
43 x
44 x
45 x
46 x
47 x
48 x
49 x
50 x
51 x
52 x
53 x
54 x
55 x
56 x
57 x
58 x
59 x
60 x
61 x
62 x
63 x
64 x
65 x
66 x
67 x
68 x
69 x
70 x
71 x
72 x
73 x
74 x
75 x
76 x
77 x
78 x
79 x
80 x
81 x
82 x
83 x
84 x
85 x
86 x
87 x
88 x
89 x
90 x
91 x
92 x
93 x
94 x
95 x
96 x
97 x
98 x
99 x
100 x
101 x
102 x
103 x
104 x
105 x
106 x
107 x
108 x
109 x
110 x
111 x
112 x
113 x
114 x
115 x
116 x
117 x
118 x
119 x
120 x
121 x
122 x
123 x
124 x
125 x
126 x
127 x
128 x
129 x
130 x
131 x
132 2
133 2
134 2
135 7
136 12
137 12
138 12
139 12
140 12
141 12
142 12
143 12
144 12
145 14
146 14
147 19
148 25
149 25
150 25
151 25
152 25
153 26
154 26
155 26
156 26
157 36
158 36
159 39
160 39
161 39
162 39
163 39
164 39
165 39
166 39
167 39
168 40
169 40
170 40
171 40
172 40
173 40
174 40
175 40
176 40
177 41
178 41
179 41
180 41
181 42
182 42
183 42
184 49
185 49
186 49
187 49
188 51
189 52
190 52
191 53
192 56
193 60
194 60
195 60
196 64
197 73
198 80
199 91
200 100
201 102
202 108
203 117
204 124
205 137
206 147
207 152
208 158
209 158
210 161
211 168
212 168
213 177
214 188
215 193
216 194
217 196
218 200
219 201
220 205
221 208
222 216
223 223
224 228
225 237
226 239
227 243
228 247
229 253
230 260
231 265
232 267
233 273
234 280
235 286
236 295
237 295
238 300
239 304
240 307
241 307
242 307
243 309
244 309
245 310
246 315
247 327
248 329
249 330
250 338
251 338
252 350
253 352
254 356
255 360
256 360
257 360
258 361
259 361
260 363
261 363
262 363
263 363
264 364
265 364
266 364
267 364
268 364
269 365
270 366
271 366
272 366
273 366
274 366
275 367
276 367
277 367
278 368
279 368
280 368
281 368
282 370
283 378
284 378
285 379
286 379
287 381
288 381
289 381
290 381
291 381
292 381
293 381
294 381
295 381
296 381
297 381
298 381
