1 x
2 x
3 x
4 x
5 x
6 x
7 x
8 x
9 x
10 x
11 x
12 x
13 x
14 x
15 x
16 x
17 x
18 x
19 x
20 x
21 x
22 x
23 x
24 x
25 x
26 x
27 x
28 x
29 x
30 x
31 x
32 x
33 x
34 x
35 x
36 x
37 x
38 x
39 x
40 x
41 x
42 x
43 x
44 x
45 x
46 x
47 x
48 x
49 x
50 x
51 x
52 x
53 x
54 x
55 x
56 x
57 x
58 x
59 x
60 x
61 x
62 x
63 x
64 x
65 x
66 x
67 x
68 x
69 x
70 x
71 x
72 x
73 x
74 x
75 x
76 x
77 x
78 x
79 x
80 x
81 x
82 x
83 x
84 x
85 x
86 x
87 x
88 x
89 x
90 x
91 x
92 x
93 x
94 x
95 x
96 x
97 x
98 x
99 x
100 x
101 1
102 1
103 1
104 1
105 1
106 1
107 3
108 3
109 3
110 3
111 3
112 3
113 3
114 3
115 3
116 3
117 3
118 3
119 3
120 3
121 3
122 3
123 3
124 3
125 3
126 3
127 3
128 3
129 3
130 3
131 3
132 3
133 3
134 3
135 3
136 3
137 3
138 3
139 3
140 3
141 3
142 3
143 3
144 3
145 3
146 3
147 3
148 3
149 3
150 3
151 3
152 3
153 3
154 3
155 3
156 3
157 3
158 3
159 3
160 3
161 3
162 3
163 3
164 4
165 4
166 4
167 4
168 4
169 4
170 4
171 4
172 4
173 4
174 4
175 4
176 4
177 4
178 4
179 4
180 4
181 4
182 4
183 4
184 4
185 4
186 4
187 4
188 4
189 4
190 4
191 4
192 4
193 4
194 4
195 4
196 4
197 4
198 4
199 4
200 4
201 9
202 9
203 11
204 11
205 11
206 11
207 11
208 11
209 11
210 11
211 11
212 11
213 11
214 11
215 11
216 11
217 11
218 11
219 11
220 11
221 11
222 11
223 11
224 11
225 11
226 12
227 13
228 13
229 13
230 13
231 13
232 13
233 13
234 13
235 13
236 14
237 14
238 14
239 14
240 14
241 14
242 14
243 14
244 14
245 14
246 14
247 15
248 15
249 15
250 15
251 15
252 15
253 16
254 16
255 16
256 16
257 16
258 16
259 16
260 16
261 16
262 16
263 17
264 18
265 18
266 20
267 20
268 20
269 20
270 20
271 20
272 21
273 21
274 21
275 21
276 21
277 21
278 21
279 22
280 22
281 23
282 26
283 26
284 26
285 26
286 26
287 26
288 26
289 26
290 26
291 26
292 26
293 26
294 26
295 26
296 26
297 26
298 26
