1 x
2 x
3 x
4 x
5 x
6 x
7 x
8 x
9 x
10 x
11 x
12 x
13 x
14 x
15 x
16 x
17 x
18 x
19 x
20 x
21 x
22 x
23 x
24 x
25 x
26 x
27 x
28 x
29 x
30 x
31 x
32 x
33 x
34 x
35 x
36 x
37 x
38 x
39 x
40 x
41 x
42 x
43 x
44 x
45 x
46 x
47 x
48 x
49 x
50 x
51 x
52 x
53 x
54 x
55 x
56 x
57 x
58 x
59 x
60 x
61 x
62 x
63 x
64 x
65 x
66 x
67 x
68 x
69 x
70 x
71 x
72 x
73 x
74 x
75 x
76 x
77 x
78 x
79 x
80 x
81 x
82 x
83 x
84 x
85 x
86 x
87 x
88 x
89 x
90 x
91 x
92 x
93 x
94 x
95 x
96 x
97 x
98 x
99 x
100 x
101 x
102 x
103 x
104 x
105 x
106 x
107 x
108 x
109 x
110 x
111 x
112 x
113 x
114 x
115 x
116 x
117 x
118 x
119 x
120 x
121 x
122 x
123 x
124 x
125 x
126 x
127 1
128 1
129 1
130 1
131 1
132 1
133 1
134 1
135 1
136 1
137 1
138 1
139 1
140 1
141 1
142 1
143 2
144 2
145 2
146 2
147 2
148 2
149 4
150 4
151 6
152 10
153 15
154 17
155 17
156 17
157 17
158 17
159 18
160 19
161 19
162 19
163 19
164 19
165 20
166 20
167 20
168 20
169 20
170 21
171 21
172 21
173 21
174 21
175 22
176 23
177 25
178 25
179 25
180 29
181 32
182 32
183 32
184 32
185 32
186 35
187 35
188 39
189 43
190 43
191 52
192 52
193 56
194 56
195 59
196 61
197 61
198 120
199 147
200 174
201 181
202 183
203 185
204 246
205 280
206 308
207 322
208 323
209 323
210 323
211 328
212 331
213 331
214 332
215 333
216 333
217 333
218 334
219 334
220 337
221 350
222 361
223 361
224 371
225 377
226 379
227 380
228 382
229 382
230 382
231 384
232 385
233 386
234 390
235 397
236 397
237 398
238 399
239 401
240 402
241 402
242 403
243 404
244 411
245 411
246 416
247 416
248 418
249 418
250 418
251 422
252 422
253 430
254 443
255 457
256 463
257 465
258 465
259 465
260 474
261 485
262 488
263 490
264 492
265 492
266 492
267 492
268 499
269 501
270 505
271 507
272 508
273 508
274 508
275 509
276 509
277 509
278 509
279 509
280 513
281 513
282 514
283 514
284 514
285 514
286 514
287 517
288 519
289 519
290 519
291 519
292 519
293 523
294 523
295 526
296 526
297 526
298 526
