1 2742291
2 2742291
3 2742291
4 2742291
5 2742291
6 2742291
7 2742291
8 2742291
9 2742291
10 2742291
11 2742291
12 2742291
13 2742291
14 2742291
15 2742291
16 2742291
17 2742291
18 2742291
19 2742291
20 2742291
21 2742291
22 2742291
23 2742291
24 2742291
25 2742291
26 2742291
27 2742291
28 2742291
29 2742291
30 2742291
31 2742291
32 2742291
33 2742291
34 2742291
35 2742291
36 2742291
37 2742291
38 2742291
39 2742291
40 2742291
41 2742291
42 2742291
43 2742291
44 2742291
45 2742291
46 2742291
47 2742291
48 2742291
49 2742291
50 2742291
51 2742291
52 2742291
53 2742291
54 2742291
55 2742291
56 2742291
57 2742291
58 2742291
59 2742291
60 2742291
61 2742291
62 2742291
63 2742291
64 2742291
65 2742291
66 2742291
67 2742291
68 2742291
69 2742291
70 2742291
71 2742291
72 2742291
73 2742291
74 2742291
75 2742291
76 2742291
77 2742291
78 2742291
79 2742291
80 2742291
81 2742291
82 2742291
83 2742291
84 2742291
85 2742291
86 2742291
87 2742291
88 2742291
89 2742291
90 2742291
91 2742291
92 2742291
93 2742291
94 2742291
95 2742291
96 2742291
97 2742291
98 2742291
99 2742291
100 2742291
101 2742291
102 2742291
103 2742291
104 2742291
105 2742291
106 2742291
107 2742291
108 2742291
109 2742291
110 2742291
111 2742291
112 2742291
113 2742291
114 2742291
115 2742291
116 2742291
117 2742291
118 2742291
119 2742291
120 2742291
121 2742291
122 2742291
123 2742291
124 2742291
125 2742291
126 2742291
127 2742291
128 2742291
129 2742291
130 2742291
131 2742291
132 2742291
133 2742291
134 2742291
135 2742291
136 2742291
137 2742291
