1 x
2 x
3 x
4 x
5 x
6 x
7 x
8 x
9 x
10 x
11 x
12 x
13 x
14 x
15 x
16 x
17 x
18 x
19 x
20 x
21 x
22 x
23 x
24 x
25 x
26 x
27 x
28 x
29 x
30 x
31 x
32 x
33 x
34 x
35 x
36 x
37 x
38 x
39 x
40 x
41 x
42 x
43 x
44 x
45 x
46 x
47 x
48 x
49 x
50 x
51 x
52 x
53 x
54 x
55 x
56 x
57 x
58 x
59 x
60 x
61 x
62 x
63 x
64 x
65 x
66 x
67 x
68 x
69 x
70 x
71 x
72 x
73 x
74 x
75 x
76 x
77 x
78 x
79 x
80 x
81 x
82 x
83 x
84 x
85 x
86 x
87 x
88 x
89 x
90 x
91 x
92 4
93 4
94 4
95 4
96 5
97 5
98 5
99 5
100 5
101 5
102 5
103 5
104 5
105 17
106 17
107 29
108 29
109 29
110 29
111 29
112 29
113 29
114 29
115 29
116 30
117 30
118 30
119 30
120 30
121 30
122 30
123 31
124 31
125 31
126 31
127 31
128 33
129 33
130 33
131 34
132 35
133 35
134 35
135 42
136 53
137 70
138 73
139 73
140 93
141 104
142 104
143 109
144 112
145 115
146 115
147 124
148 189
149 189
150 193
151 199
152 199
153 203
154 203
155 220
156 230
157 231
158 238
159 239
160 243
161 256
162 281
163 314
164 314
165 314
166 318
167 324
168 325
169 327
170 329
171 337
172 338
173 347
174 350
175 366
176 381
177 393
178 393
179 408
180 418
181 421
182 427
183 435
184 438
185 446
186 449
187 457
188 458
189 515
190 525
191 542
192 544
193 545
194 548
195 550
196 550
197 560
198 569
199 572
200 573
201 574
202 584
203 586
204 589
205 596
206 602
207 604
208 614
209 623
210 651
211 655
212 667
213 669
214 676
215 714
216 714
217 721
218 721
219 721
220 754
221 771
222 780
223 786
224 793
225 793
226 794
227 798
228 799
229 803
230 803
231 803
232 807
233 818
234 820
235 820
236 828
237 829
238 829
239 832
240 834
241 840
242 840
243 840
244 840
245 840
246 861
247 863
248 866
249 867
250 868
251 869
252 869
253 869
254 869
255 871
256 871
257 871
258 871
259 871
260 871
261 871
262 879
263 880
264 880
265 880
266 880
267 882
268 883
269 883
270 883
271 883
272 883
273 883
274 883
275 884
276 886
277 889
278 889
279 889
280 890
281 890
282 892
283 893
284 894
285 894
286 894
287 899
288 899
289 899
290 899
291 899
292 899
293 900
294 900
295 900
296 900
297 900
298 900
