1 949159
2 949159
3 949159
4 949159
5 949159
6 949159
7 949159
8 949159
9 949159
10 949159
11 949159
12 949159
13 949159
14 949159
15 949159
16 949159
17 949159
18 949159
19 949159
20 949159
21 949159
22 949159
23 949159
24 949159
25 949159
26 949159
27 949159
28 949159
29 949159
30 949159
31 949159
32 949159
33 949159
34 949159
35 949159
36 949159
37 949159
38 949159
39 949159
40 949159
41 949159
42 949159
43 949159
44 949159
45 949159
46 949159
47 949159
48 949159
49 949159
50 949159
51 949159
52 949159
53 949159
54 949159
55 949159
56 949159
57 949159
58 949159
59 949159
60 949159
61 949159
62 949159
63 949159
64 949159
65 949159
66 949159
67 949159
68 949159
69 949159
70 949159
71 949159
72 949159
73 949159
74 949159
75 949159
76 949159
77 949159
78 949159
79 949159
80 949159
81 949159
82 949159
83 949159
84 949159
85 949159
86 949159
87 949159
88 949159
89 949159
90 949159
91 949159
92 949159
93 949159
94 949159
95 949159
96 949159
97 949159
98 949159
99 949159
100 949159
101 949159
102 949159
103 949159
104 949159
105 949159
106 949159
107 949159
108 949159
109 949159
110 949159
111 949159
112 949159
113 949159
114 949159
115 949159
116 949159
117 949159
