1 1994618
2 1994618
3 1994618
4 1994618
5 1994618
6 1994618
7 1994618
8 1994618
9 1994618
10 1994618
11 1994618
12 1994618
13 1994618
14 1994618
15 1994618
16 1994618
17 1994618
18 1994618
19 1994618
20 1994618
21 1994618
22 1994618
23 1994618
24 1994618
25 1994618
26 1994618
27 1994618
28 1994618
29 1994618
30 1994618
31 1994618
32 1994618
33 1994618
34 1994618
35 1994618
36 1994618
37 1994618
38 1994618
39 1994618
40 1994618
41 1994618
42 1994618
43 1994618
44 1994618
45 1994618
46 1994618
47 1994618
48 1994618
49 1994618
50 1994618
51 1994618
52 1994618
53 1994618
54 1994618
55 1994618
56 1994618
57 1994618
58 1994618
59 1994618
60 1994618
61 1994618
62 1994618
63 1994618
64 1994618
65 1994618
66 1994618
67 1994618
68 1994618
69 1994618
70 1994618
71 1994618
72 1994618
73 1994618
74 1994618
75 1994618
76 1994618
77 1994618
78 1994618
79 1994618
80 1994618
81 1994618
82 1994618
83 1994618
84 1994618
85 1994618
86 1994618
87 1994618
88 1994618
89 1994618
90 1994618
91 1994618
92 1994618
93 1994618
94 1994618
95 1994618
96 1994618
97 1994618
98 1994618
99 1994618
100 1994618
101 1994618
102 1994618
103 1994618
104 1994618
105 1994618
106 1994618
107 1994618
108 1994618
109 1994618
110 1994618
111 1994618
112 1994618
113 1994618
114 1994618
115 1994618
116 1994618
117 1994618
118 1994618
119 1994618
120 1994618
121 1994618
122 1994618
123 1994618
124 1994618
125 1994618
126 1994618
127 1994618
128 1994618
129 1994618
130 1994618
131 1994618
132 1994618
133 1994618
