1 140
2 212
3 241
4 263
5 316
6 399
7 462
8 533
9 620
10 704
11 778
12 886
13 1001
14 1107
15 1373
16 1482
17 1874
18 2112
19 2247
20 2382
21 2545
22 2660
23 2841
24 3023
25 3130
26 3330
27 3658
28 3864
29 4051
30 4187
31 4623
32 4950
33 5331
34 5799
35 6317
36 6918
37 7708
38 8727
39 8932
40 9228
41 9479
42 9689
43 9912
44 10130
45 10378
46 10644
47 10875
48 11118
49 11373
50 11597
51 11822
52 12057
53 12280
54 12561
55 12767
56 13185
57 13612
58 14013
59 14434
60 14835
61 15051
62 15261
63 15479
64 15660
65 15831
66 15968
67 16093
68 16254
69 16385
70 16613
71 16829
72 17069
73 17193
74 17363
75 17502
76 17663
77 17789
78 17922
79 18047
80 18227
81 18439
82 18627
83 18792
84 18961
85 19128
86 19328
87 19533
88 19745
89 19948
90 20153
91 20323
92 20491
93 20954
94 21120
95 21237
96 21356
97 21468
98 21585
99 21692
100 21801
101 21908
102 22035
103 22152
104 22272
105 22393
106 22499
107 22612
108 22816
109 23038
110 23273
111 23520
112 23708
113 23882
114 24064
115 24242
116 24422
117 24589
118 24756
119 24932
120 25104
121 25268
122 25441
123 25605
124 25757
125 25919
126 26079
127 26243
128 26371
129 26455
130 26541
131 26617
132 26702
133 26780
134 26857
135 26938
136 27033
137 27154
138 27288
139 27415
140 27566
141 27722
142 27915
143 28130
144 28374
145 28598
146 28801
147 28985
148 29130
149 29250
150 29374
151 29503
152 29626
153 29751
154 29933
155 30135
156 30345
157 30581
158 30848
159 31104
160 31362
161 31616
162 31888
163 32154
164 32415
165 32687
166 32929
167 33145
168 33350
169 33548
170 33740
171 33940
172 34140
173 34320
174 34497
175 34676
176 34866
177 35056
178 35232
179 35413
180 35588
181 35759
182 35892
183 35999
184 36111
185 36439
186 36666
187 36885
188 37109
189 37334
190 37553
191 37667
192 37835
193 38009
194 38185
195 38427
196 38634
197 38833
198 39017
199 39172
200 39321
201 39481
202 39666
203 39861
204 40090
205 40315
206 40532
207 40753
208 41016
209 41287
210 41609
211 41979
212 42332
213 42694
214 43045
215 43402
216 43758
217 44135
218 44495
219 44839
220 45160
221 45490
222 45813
223 46151
224 46495
225 46805
226 47119
227 47414
228 47707
229 47986
230 48256
231 48524
232 48792
233 49030
234 49269
235 49499
236 49727
237 49727
