1 6
2 6
3 7
4 7
5 8
6 8
7 9
8 9
9 10
10 10
11 10
12 11
13 13
14 13
15 15
16 15
17 15
18 15
19 15
20 16
21 16
22 16
23 16
24 16
25 16
26 16
27 16
28 16
29 17
30 18
31 19
32 19
33 25
34 26
35 28
36 28
37 31
38 37
39 37
40 39
41 41
42 59
43 59
44 59
45 61
46 68
47 70
48 73
49 74
50 75
51 79
52 79
53 79
54 79
55 79
56 83
57 84
58 84
59 86
60 93
61 93
62 93
63 109
64 109
65 109
66 111
67 112
68 116
69 127
70 128
71 130
72 130
73 130
74 131
75 133
76 134
77 136
78 137
79 138
80 138
81 140
82 142
83 143
84 143
85 146
86 147
87 148
88 148
89 154
90 156
91 158
92 162
93 164
94 168
95 171
96 175
97 177
98 178
99 180
100 185
101 186
102 186
103 190
104 191
105 191
106 192
107 193
108 193
109 193
110 195
111 195
