1 1862612
2 1862612
3 1862612
4 1862612
5 1862612
6 1862612
7 1862612
8 1862612
9 1862612
10 1862612
11 1862612
12 1862612
13 1862612
14 1862612
15 1862612
16 1862612
17 1862612
18 1862612
19 1862612
20 1862612
21 1862612
22 1862612
23 1862612
24 1862612
25 1862612
26 1862612
27 1862612
28 1862612
29 1862612
30 1862612
31 1862612
32 1862612
33 1862612
34 1862612
35 1862612
36 1862612
37 1862612
38 1862612
39 1862612
40 1862612
41 1862612
42 1862612
43 1862612
44 1862612
45 1862612
46 1862612
47 1862612
48 1862612
49 1862612
50 1862612
51 1862612
52 1862612
53 1862612
54 1862612
55 1862612
56 1862612
57 1862612
58 1862612
59 1862612
60 1862612
61 1862612
62 1862612
63 1862612
64 1862612
65 1862612
66 1862612
67 1862612
68 1862612
69 1862612
70 1862612
71 1862612
72 1862612
73 1862612
74 1862612
75 1862612
76 1862612
77 1862612
78 1862612
79 1862612
80 1862612
81 1862612
82 1862612
83 1862612
84 1862612
85 1862612
86 1862612
87 1862612
88 1862612
89 1862612
90 1862612
91 1862612
92 1862612
93 1862612
94 1862612
95 1862612
96 1862612
97 1862612
98 1862612
99 1862612
100 1862612
101 1862612
102 1862612
103 1862612
104 1862612
105 1862612
106 1862612
107 1862612
108 1862612
109 1862612
110 1862612
111 1862612
112 1862612
113 1862612
114 1862612
115 1862612
116 1862612
117 1862612
118 1862612
119 1862612
120 1862612
121 1862612
122 1862612
123 1862612
124 1862612
125 1862612
126 1862612
127 1862612
128 1862612
129 1862612
