1 x
2 x
3 x
4 x
5 x
6 x
7 x
8 x
9 x
10 x
11 x
12 x
13 x
14 x
15 x
16 x
17 x
18 x
19 x
20 x
21 x
22 x
23 x
24 x
25 x
26 x
27 x
28 x
29 x
30 x
31 x
32 x
33 x
34 x
35 x
36 x
37 x
38 x
39 x
40 x
41 x
42 x
43 x
44 x
45 x
46 x
47 x
48 x
49 x
50 x
51 x
52 x
53 x
54 x
55 x
56 x
57 x
58 x
59 x
60 x
61 x
62 11
63 11
64 11
65 12
66 12
67 12
68 12
69 12
70 12
71 12
72 13
73 13
74 13
75 13
76 13
77 13
78 13
79 13
80 13
81 13
82 13
83 13
84 13
85 13
86 13
87 13
88 13
89 13
90 13
91 13
92 13
93 13
94 13
95 13
96 13
97 13
98 13
99 13
100 13
101 13
102 14
103 14
104 15
105 15
106 15
107 15
108 15
109 15
110 15
111 15
112 15
113 16
114 16
115 16
116 16
117 16
118 16
119 16
120 16
121 16
122 16
123 16
124 16
125 16
126 16
127 16
128 16
129 16
130 16
131 16
132 17
133 18
134 19
135 19
136 21
137 23
138 25
139 27
140 35
141 35
142 41
143 42
144 43
145 43
146 49
147 50
148 58
149 64
150 67
151 68
152 74
153 76
154 78
155 80
156 80
157 83
158 85
159 89
160 91
161 91
162 91
163 96
164 101
165 101
166 101
167 102
168 106
169 110
170 118
171 128
172 133
173 135
174 139
175 139
176 144
177 150
178 159
179 161
180 165
181 172
182 172
183 174
184 177
185 179
186 186
187 191
188 193
189 196
190 213
191 216
192 219
193 224
194 231
195 236
196 246
197 249
198 257
199 276
200 285
201 292
202 304
203 308
204 309
205 314
206 321
207 327
208 333
209 341
210 348
211 355
212 367
213 373
214 376
215 380
216 386
217 387
218 393
219 394
220 397
221 402
222 402
223 403
224 405
225 405
226 411
227 413
228 416
229 419
230 419
231 421
232 429
233 430
234 439
235 442
236 444
237 444
238 444
239 445
240 447
241 456
242 460
243 461
244 462
245 464
246 464
247 465
248 467
249 468
250 468
251 469
252 469
253 470
254 470
255 472
256 475
257 480
258 484
259 484
260 486
261 487
262 496
263 496
264 501
265 503
266 509
267 512
268 513
269 521
270 528
271 530
272 534
273 536
274 542
275 546
276 550
277 552
278 556
279 556
280 558
281 563
282 570
283 571
284 572
285 573
286 574
287 574
288 575
289 577
290 580
291 580
292 583
293 587
294 589
295 590
296 595
297 595
298 595
