1 4
2 4
3 4
4 4
5 5
6 6
7 6
8 6
9 8
10 11
11 14
12 16
13 17
14 19
15 21
16 22
17 23
18 24
19 25
20 26
21 26
22 26
23 27
24 28
25 29
26 29
27 36
28 38
29 43
30 47
31 48
32 54
33 58
34 58
35 59
36 61
37 67
38 69
39 75
40 80
41 80
42 82
43 82
44 83
45 86
46 89
47 89
48 90
49 93
50 94
51 95
52 97
53 98
54 103
55 105
56 107
57 107
58 110
59 111
60 111
61 112
62 113
63 114
64 114
65 115
66 115
67 115
68 115
69 116
70 117
71 118
72 118
73 119
74 119
75 119
76 119
77 119
78 119
79 119
80 119
81 120
82 120
83 120
84 120
85 120
86 120
87 121
88 121
89 121
90 122
91 122
92 122
93 122
94 122
95 123
96 123
97 123
98 123
99 123
100 124
101 124
102 124
103 124
104 125
105 125
106 125
107 126
108 126
109 126
110 126
111 126
112 126
113 126
114 127
115 129
116 129
117 129
118 129
119 130
120 130
121 130
122 130
123 130
124 130
125 130
126 130
127 131
128 132
129 133
130 133
131 133
132 133
133 133
134 134
135 135
136 135
137 135
138 135
139 135
140 135
141 135
142 135
143 135
144 135
145 135
146 135
147 135
148 135
149 135
150 136
151 136
152 136
153 136
154 136
155 136
156 136
157 137
158 139
159 139
160 139
161 139
162 140
163 140
164 140
165 140
166 140
167 140
168 140
169 140
170 140
