1 1007
2 1018
3 1031
4 1036
5 1053
6 1059
7 1071
8 1092
9 1105
10 1113
11 1118
12 1132
13 1151
14 1166
15 1193
16 1209
17 1230
18 1232
19 1238
20 1244
21 1253
22 1263
23 1271
24 1282
25 1286
26 1296
27 1302
28 1309
29 1315
30 1322
31 1326
32 1340
33 1358
34 1369
35 1410
36 1470
37 1517
38 1527
39 1533
40 1542
41 1559
42 1569
43 1579
44 1588
45 1592
46 1597
47 1603
48 1626
49 1633
50 1646
51 1655
52 1659
53 1663
54 1670
55 1678
56 1681
57 1681
58 1682
59 1684
60 1687
61 1691
62 1691
63 1692
64 1692
