1 798
2 849
3 902
4 909
5 957
6 1009
7 1047
8 1057
9 1108
10 1125
11 1185
12 1231
13 1240
14 1252
15 1267
16 1315
17 1339
18 1403
19 1438
20 1483
21 1559
22 1637
23 1724
24 1790
25 1858
26 1888
27 1950
28 2071
29 2147
30 2195
31 2197
32 2263
33 2297
34 2338
35 2395
36 2437
37 2472
38 2495
39 2528
40 2547
41 2623
42 2684
43 2684
44 2691
45 2995
46 3349
47 3511
48 3563
49 3668
50 3687
51 3741
52 3741
53 3781
54 3782
55 3783
56 3840
57 3841
58 3843
59 3843
60 3872
61 3931
62 3931
63 3936
64 4021
65 4049
66 4049
67 4050
68 4050
69 4099
70 4143
71 4147
72 4159
73 4109
74 4113
75 4129
76 4130
77 4211
78 4211
79 4340
80 4340
81 4356
82 4510
83 4592
84 4652
85 4652
