1 x
2 x
3 x
4 x
5 x
6 x
7 x
8 x
9 x
10 x
11 x
12 x
13 x
14 x
15 x
16 x
17 x
18 x
19 x
20 x
21 x
22 x
23 x
24 x
25 x
26 x
27 x
28 x
29 x
30 x
31 x
32 x
33 x
34 x
35 x
36 x
37 x
38 x
39 x
40 x
41 x
42 x
43 x
44 x
45 x
46 x
47 x
48 x
49 x
50 x
51 x
52 x
53 x
54 x
55 x
56 x
57 x
58 x
59 x
60 x
61 x
62 x
63 x
64 x
65 x
66 x
67 x
68 x
69 x
70 x
71 x
72 x
73 x
74 x
75 x
76 x
77 x
78 x
79 x
80 x
81 x
82 x
83 x
84 x
85 x
86 x
87 x
88 x
89 x
90 x
91 x
92 x
93 x
94 x
95 x
96 x
97 x
98 x
99 x
100 x
101 x
102 x
103 x
104 x
105 x
106 x
107 x
108 x
109 x
110 x
111 x
112 1
113 1
114 1
115 1
116 1
117 1
118 1
119 1
120 1
121 1
122 1
123 1
124 1
125 1
126 1
127 1
128 1
129 1
130 1
131 1
132 1
133 1
134 1
135 1
136 1
137 1
138 1
139 1
140 1
141 1
142 1
143 1
144 1
145 1
146 1
147 1
148 1
149 1
150 1
151 1
152 1
153 1
154 1
155 1
156 1
157 1
158 1
159 1
160 1
161 1
162 1
163 1
164 1
165 1
166 1
167 1
168 1
169 1
170 1
171 1
172 1
173 1
174 1
175 1
176 1
177 1
178 1
179 3
180 3
181 3
182 4
183 14
184 21
185 22
186 24
187 27
188 27
189 27
190 27
191 27
192 28
193 28
194 28
195 28
196 28
197 28
198 28
199 28
200 28
201 28
202 29
203 31
204 32
205 32
206 32
207 34
208 37
209 40
210 52
211 55
212 64
213 65
214 66
215 66
216 66
217 68
218 69
219 71
220 72
221 72
222 76
223 76
224 78
225 78
226 78
227 82
228 88
229 88
230 88
231 89
232 89
233 93
234 93
235 97
236 97
237 97
238 100
239 103
240 103
241 107
242 107
243 107
244 107
245 107
246 108
247 109
248 111
249 111
250 112
251 112
252 117
253 118
254 118
255 118
256 120
257 120
258 120
259 120
260 122
261 123
262 123
263 123
264 123
265 123
266 123
267 124
268 125
269 125
270 126
271 126
272 126
273 126
274 127
275 127
276 127
277 127
278 127
279 127
280 127
281 127
282 127
283 127
284 127
285 127
286 127
287 127
288 128
289 128
290 128
291 129
292 129
293 129
294 129
295 129
296 129
297 129
298 129
