1 x
2 x
3 x
4 x
5 x
6 x
7 x
8 x
9 x
10 x
11 x
12 x
13 x
14 x
15 x
16 x
17 x
18 x
19 x
20 x
21 x
22 x
23 x
24 x
25 x
26 x
27 x
28 x
29 x
30 x
31 x
32 x
33 x
34 x
35 x
36 x
37 x
38 x
39 x
40 x
41 x
42 x
43 x
44 x
45 x
46 x
47 x
48 x
49 x
50 x
51 x
52 x
53 x
54 x
55 x
56 x
57 x
58 x
59 x
60 x
61 x
62 x
63 x
64 x
65 x
66 x
67 x
68 x
69 x
70 x
71 x
72 x
73 x
74 x
75 x
76 x
77 x
78 x
79 x
80 x
81 x
82 x
83 x
84 x
85 x
86 x
87 x
88 x
89 x
90 x
91 x
92 x
93 x
94 x
95 x
96 x
97 x
98 x
99 x
100 x
101 x
102 x
103 x
104 x
105 x
106 x
107 x
108 x
109 x
110 x
111 x
112 x
113 x
114 x
115 x
116 x
117 x
118 x
119 x
120 x
121 x
122 x
123 x
124 x
125 x
126 x
127 x
128 x
129 x
130 x
131 x
132 x
133 x
134 x
135 x
136 x
137 x
138 x
139 x
140 x
141 x
142 x
143 x
144 x
145 x
146 x
147 x
148 x
149 x
150 33
151 33
152 33
153 33
154 33
155 33
156 35
157 64
158 64
159 64
160 64
161 64
162 64
163 69
164 99
165 99
166 99
167 99
168 122
169 122
170 170
171 170
172 170
173 170
174 211
175 215
176 215
177 215
178 215
179 215
180 215
181 219
182 219
183 219
184 219
185 257
186 257
187 258
188 257
189 257
190 260
191 260
192 260
193 260
194 285
195 285
196 286
197 286
198 293
199 293
200 293
201 298
202 298
203 299
204 299
205 300
206 300
207 307
208 309
209 311
210 311
211 318
212 318
213 318
214 318
215 318
216 318
217 320
218 321
219 324
220 325
221 326
222 326
223 327
224 327
225 330
226 331
227 331
228 331
229 331
230 331
231 331
232 333
233 333
234 391
235 399
236 399
237 399
238 399
239 412
240 412
241 412
242 412
243 416
244 421
245 425
246 425
247 401
248 406
249 414
250 423
251 428
252 430
253 436
254 437
255 443
256 443
257 443
258 462
259 462
260 471
261 471
262 474
263 476
264 476
265 476
266 520
267 530
268 530
269 532
270 538
271 538
272 538
273 538
274 538
275 538
276 551
277 552
278 556
279 556
280 556
281 556
282 561
283 565
284 565
285 565
286 565
287 565
288 565
289 565
290 565
291 579
292 579
293 579
294 579
295 579
296 579
297 579
298 579
