1 2496761
2 2496761
3 2496761
4 2496761
5 2496761
6 2496761
7 2496761
8 2496761
9 2496761
10 2496761
11 2496761
12 2496761
13 2496761
14 2496761
15 2496761
16 2496761
17 2496761
18 2496761
19 2496761
20 2496761
21 2496761
22 2496761
23 2496761
24 2496761
25 2496761
26 2496761
27 2496761
28 2496761
29 2496761
30 2496761
31 2496761
32 2496761
33 2496761
34 2496761
35 2496761
36 2496761
37 2496761
38 2496761
39 2496761
40 2496761
41 2496761
42 2496761
43 2496761
44 2496761
45 2496761
46 2496761
47 2496761
48 2496761
49 2496761
50 2496761
51 2496761
52 2496761
53 2496761
54 2496761
55 2496761
56 2496761
57 2496761
58 2496761
59 2496761
60 2496761
61 2496761
62 2496761
63 2496761
64 2496761
65 2496761
66 2496761
67 2496761
68 2496761
69 2496761
70 2496761
71 2496761
72 2496761
73 2496761
74 2496761
75 2496761
76 2496761
77 2496761
78 2496761
79 2496761
80 2496761
81 2496761
82 2496761
83 2496761
84 2496761
85 2496761
86 2496761
87 2496761
88 2496761
89 2496761
90 2496761
91 2496761
92 2496761
93 2496761
94 2496761
95 2496761
96 2496761
97 2496761
98 2496761
99 2496761
100 2496761
101 2496761
102 2496761
103 2496761
104 2496761
105 2496761
106 2496761
107 2496761
108 2496761
109 2496761
110 2496761
111 2496761
112 2496761
113 2496761
114 2496761
115 2496761
116 2496761
117 2496761
118 2496761
119 2496761
120 2496761
121 2496761
122 2496761
123 2496761
124 2496761
125 2496761
126 2496761
127 2496761
