1 614362
2 614362
3 614362
4 614362
5 614362
6 614362
7 614362
8 614362
9 614362
10 614362
11 614362
12 614362
13 614362
14 614362
15 614362
16 614362
17 614362
18 614362
19 614362
20 614362
21 614362
22 614362
23 614362
24 614362
25 614362
26 614362
27 614362
28 614362
29 614362
30 614362
31 614362
32 614362
33 614362
34 614362
35 614362
36 614362
37 614362
38 614362
39 614362
40 614362
41 614362
42 614362
43 614362
44 614362
45 614362
46 614362
47 614362
48 614362
49 614362
50 614362
51 614362
52 614362
53 614362
54 614362
55 614362
56 614362
57 614362
58 614362
59 614362
60 614362
61 614362
62 614362
63 614362
64 614362
65 614362
66 614362
67 614362
68 614362
69 614362
70 614362
71 614362
72 614362
73 614362
74 614362
75 614362
76 614362
77 614362
78 614362
79 614362
80 614362
81 614362
82 614362
83 614362
84 614362
85 614362
86 614362
87 614362
88 614362
89 614362
90 614362
91 614362
92 614362
93 614362
94 614362
95 614362
