1 x
2 x
3 x
4 x
5 x
6 x
7 x
8 x
9 x
10 x
11 x
12 x
13 x
14 x
15 x
16 x
17 x
18 x
19 x
20 x
21 x
22 x
23 x
24 x
25 x
26 x
27 x
28 x
29 x
30 x
31 x
32 x
33 x
34 x
35 x
36 x
37 x
38 x
39 x
40 x
41 x
42 x
43 x
44 x
45 x
46 x
47 x
48 x
49 x
50 x
51 x
52 x
53 x
54 x
55 x
56 x
57 x
58 x
59 x
60 x
61 x
62 x
63 x
64 x
65 x
66 x
67 x
68 x
69 x
70 x
71 x
72 x
73 x
74 x
75 x
76 x
77 x
78 x
79 x
80 x
81 x
82 x
83 x
84 x
85 x
86 x
87 x
88 x
89 x
90 x
91 x
92 x
93 x
94 x
95 x
96 x
97 x
98 21089
99 21089
100 21089
101 21089
102 21089
103 21089
104 21089
105 21089
106 21089
107 21089
108 21089
109 21089
110 21089
111 21089
112 21089
113 21089
114 21089
115 21089
116 21089
117 21089
118 21089
119 21089
120 21089
121 21089
122 21089
123 21089
124 21089
125 21089
126 21089
127 21089
128 21089
129 21089
130 21089
131 21089
132 21089
133 21089
134 21089
135 21089
136 21089
137 21089
138 21089
139 21089
140 21089
141 21089
142 21089
143 21089
144 21089
145 21089
146 21089
147 21089
148 21089
149 21089
150 21089
151 21089
152 21089
153 21089
154 21089
155 21089
156 21089
157 21089
158 21089
159 21089
160 21089
161 21089
162 21089
163 21089
164 21089
165 21089
166 21089
167 21089
168 21089
169 21089
170 21089
171 21089
172 21089
173 21089
174 21089
175 21089
176 21089
177 21089
178 21089
179 21089
180 21089
181 21089
182 21089
183 21089
184 21089
185 21089
186 21089
187 21089
188 21089
189 21089
190 21089
191 21089
192 21089
193 21089
194 21089
195 21089
196 21089
197 21089
198 21089
199 21089
200 21089
201 21089
202 21089
203 21089
204 21089
205 21089
206 21089
207 21089
208 21089
209 21089
210 21089
211 21089
212 21089
213 21089
214 21089
215 21089
216 21089
217 21089
218 21089
219 21089
220 21089
221 21089
222 21089
223 21089
224 21089
225 21089
226 21089
227 21089
228 21089
229 21089
230 21089
231 21089
232 21089
233 21089
234 21089
235 21089
236 21089
237 21089
238 21089
239 21089
240 21089
241 21089
242 21089
243 21089
244 21089
245 21089
246 21089
247 21089
248 21089
249 21089
250 21089
251 21089
252 21089
253 21089
254 21089
255 21089
256 21089
257 21089
258 21089
259 21089
260 21089
261 21089
262 21089
263 21089
264 21089
265 21089
266 21089
267 21089
268 21089
269 21089
270 21089
271 21089
272 21089
273 21089
274 21089
275 21089
276 21089
277 21089
278 21089
279 21089
280 21089
281 21089
282 21089
283 21089
284 21089
285 21089
286 21089
287 21089
288 21089
289 21089
290 21089
291 21089
292 21089
293 21089
294 21089
295 21089
296 21089
297 21089
298 21089
