1 1074
2 1142
3 1187
4 1187
5 1216
6 1319
7 1332
8 1394
9 1401
10 1410
11 1459
12 1478
13 1500
14 1519
15 1531
16 1555
17 1567
18 1573
19 1589
20 1627
21 1643
22 1686
23 1690
24 1694
25 1718
26 1750
27 1769
28 1807
29 1814
30 1824
31 1847
32 1870
33 1879
34 1889
35 1895
36 1898
37 1911
38 1926
39 1936
40 1953
41 1975
42 1980
43 1997
44 2009
45 2026
46 2039
47 2056
48 2066
49 2079
50 2100
51 2109
52 2117
53 2132
54 2152
55 2158
56 2179
57 2199
58 2206
59 2220
60 2227
61 2246
62 2263
63 2284
64 2311
65 2324
66 2362
67 2379
68 2413
69 2428
70 2459
71 2478
72 2493
73 2500
74 2510
75 2539
76 2550
77 2551
78 2560
79 2571
80 2595
81 2603
82 2610
83 2619
84 2621
85 2638
86 2646
87 2657
88 2667
89 2674
90 2679
91 2681
92 2689
93 2699
94 2701
95 2706
96 2715
97 2716
98 2721
99 2725
100 2729
101 2738
102 2744
103 2748
104 2750
105 2753
106 2755
107 2763
108 2770
109 2778
110 2791
111 2807
112 2823
113 2838
114 2846
115 2858
116 2866
117 2882
118 2895
119 2895
120 2900
121 2907
122 2925
123 2939
124 2949
125 2953
126 2957
127 2961
128 2969
129 2977
130 2982
131 2995
132 3001
133 3008
134 3018
135 3022
136 3044
137 3051
138 3053
139 3069
140 3072
141 3076
142 3086
143 3096
144 3112
145 3113
146 3119
147 3121
148 3125
149 3132
150 3135
151 3139
152 3141
153 3144
154 3146
155 3149
156 3151
157 3159
158 3159
