1 1701156
2 1701156
3 1701156
4 1701156
5 1701156
6 1701156
7 1701156
8 1701156
9 1701156
10 1701156
11 1701156
12 1701156
13 1701156
14 1701156
15 1701156
16 1701156
17 1701156
18 1701156
19 1701156
20 1701156
21 1701156
22 1701156
23 1701156
24 1701156
25 1701156
26 1701156
27 1701156
28 1701156
29 1701156
30 1701156
31 1701156
32 1701156
33 1701156
34 1701156
35 1701156
36 1701156
37 1701156
38 1701156
39 1701156
40 1701156
41 1701156
42 1701156
43 1701156
44 1701156
45 1701156
46 1701156
47 1701156
48 1701156
49 1701156
50 1701156
51 1701156
52 1701156
53 1701156
54 1701156
55 1701156
56 1701156
57 1701156
58 1701156
59 1701156
60 1701156
61 1701156
62 1701156
63 1701156
64 1701156
65 1701156
66 1701156
67 1701156
68 1701156
69 1701156
70 1701156
71 1701156
72 1701156
73 1701156
74 1701156
75 1701156
76 1701156
77 1701156
78 1701156
79 1701156
80 1701156
81 1701156
