1 570302
2 570302
3 570302
4 570302
5 570302
6 570302
7 570302
8 570302
9 570302
10 570302
11 570302
12 570302
13 570302
14 570302
15 570302
16 570302
17 570302
18 570302
19 570302
20 570302
21 570302
22 570302
23 570302
24 570302
25 570302
26 570302
27 570302
28 570302
29 570302
30 570302
31 570302
32 570302
33 570302
34 570302
35 570302
36 570302
37 570302
38 570302
39 570302
40 570302
41 570302
42 570302
43 570302
44 570302
45 570302
46 570302
47 570302
48 570302
49 570302
50 570302
51 570302
52 570302
53 570302
54 570302
55 570302
56 570302
57 570302
58 570302
59 570302
60 570302
61 570302
62 570302
63 570302
64 570302
65 570302
66 570302
67 570302
68 570302
69 570302
70 570302
71 570302
72 570302
73 570302
74 570302
75 570302
76 570302
