1 3257983
2 3257983
3 3257983
4 3257983
5 3257983
6 3257983
7 3257983
8 3257983
9 3257983
10 3257983
11 3257983
12 3257983
13 3257983
14 3257983
15 3257983
16 3257983
17 3257983
18 3257983
19 3257983
20 3257983
21 3257983
22 3257983
23 3257983
24 3257983
25 3257983
26 3257983
27 3257983
28 3257983
29 3257983
30 3257983
31 3257983
32 3257983
33 3257983
34 3257983
35 3257983
36 3257983
37 3257983
38 3257983
39 3257983
40 3257983
41 3257983
42 3257983
43 3257983
44 3257983
45 3257983
46 3257983
47 3257983
48 3257983
49 3257983
50 3257983
51 3257983
52 3257983
53 3257983
54 3257983
55 3257983
56 3257983
57 3257983
58 3257983
59 3257983
60 3257983
61 3257983
62 3257983
63 3257983
64 3257983
65 3257983
66 3257983
67 3257983
68 3257983
69 3257983
70 3257983
71 3257983
72 3257983
73 3257983
74 3257983
75 3257983
76 3257983
77 3257983
78 3257983
79 3257983
80 3257983
81 3257983
82 3257983
83 3257983
84 3257983
85 3257983
86 3257983
87 3257983
88 3257983
89 3257983
90 3257983
91 3257983
92 3257983
93 3257983
94 3257983
95 3257983
96 3257983
97 3257983
98 3257983
99 3257983
100 3257983
101 3257983
102 3257983
103 3257983
104 3257983
105 3257983
106 3257983
107 3257983
108 3257983
109 3257983
110 3257983
111 3257983
112 3257983
113 3257983
114 3257983
115 3257983
116 3257983
117 3257983
118 3257983
119 3257983
120 3257983
121 3257983
122 3257983
123 3257983
124 3257983
125 3257983
126 3257983
127 3257983
128 3257983
129 3257983
130 3257983
131 3257983
132 3257983
133 3257983
134 3257983
135 3257983
136 3257983
137 3257983
138 3257983
139 3257983
140 3257983
141 3257983
142 3257983
143 3257983
