1 2564892
2 2564892
3 2564892
4 2564892
5 2564892
6 2564892
7 2564892
8 2564892
9 2564892
10 2564892
11 2564892
12 2564892
13 2564892
14 2564892
15 2564892
16 2564892
17 2564892
18 2564892
19 2564892
20 2564892
21 2564892
22 2564892
23 2564892
24 2564892
25 2564892
26 2564892
27 2564892
28 2564892
29 2564892
30 2564892
31 2564892
32 2564892
33 2564892
34 2564892
35 2564892
36 2564892
37 2564892
38 2564892
39 2564892
40 2564892
41 2564892
42 2564892
43 2564892
44 2564892
45 2564892
46 2564892
47 2564892
48 2564892
49 2564892
50 2564892
51 2564892
52 2564892
53 2564892
54 2564892
55 2564892
56 2564892
57 2564892
58 2564892
59 2564892
60 2564892
61 2564892
62 2564892
63 2564892
64 2564892
65 2564892
66 2564892
67 2564892
68 2564892
69 2564892
70 2564892
71 2564892
72 2564892
73 2564892
74 2564892
75 2564892
76 2564892
77 2564892
78 2564892
79 2564892
80 2564892
81 2564892
82 2564892
83 2564892
84 2564892
85 2564892
86 2564892
87 2564892
88 2564892
89 2564892
90 2564892
91 2564892
92 2564892
93 2564892
94 2564892
95 2564892
96 2564892
97 2564892
98 2564892
99 2564892
100 2564892
101 2564892
102 2564892
103 2564892
104 2564892
105 2564892
106 2564892
107 2564892
108 2564892
109 2564892
110 2564892
111 2564892
112 2564892
113 2564892
114 2564892
115 2564892
116 2564892
117 2564892
118 2564892
119 2564892
120 2564892
121 2564892
122 2564892
123 2564892
124 2564892
125 2564892
126 2564892
127 2564892
128 2564892
129 2564892
130 2564892
131 2564892
132 2564892
133 2564892
134 2564892
135 2564892
136 2564892
137 2564892
138 2564892
139 2564892
140 2564892
141 2564892
142 2564892
143 2564892
144 2564892
145 2564892
146 2564892
147 2564892
148 2564892
149 2564892
150 2564892
151 2564892
152 2564892
153 2564892
154 2564892
155 2564892
156 2564892
157 2564892
158 2564892
159 2564892
160 2564892
161 2564892
162 2564892
163 2564892
164 2564892
165 2564892
166 2564892
167 2564892
168 2564892
169 2564892
170 2564892
171 2564892
172 2564892
173 2564892
174 2564892
175 2564892
176 2564892
177 2564892
178 2564892
179 2564892
180 2564892
181 2564892
182 2564892
183 2564892
184 2564892
185 2564892
186 2564892
