1 x
2 x
3 x
4 x
5 x
6 x
7 x
8 x
9 x
10 x
11 x
12 x
13 x
14 x
15 x
16 x
17 x
18 x
19 x
20 x
21 x
22 x
23 x
24 x
25 x
26 x
27 x
28 x
29 x
30 x
31 x
32 x
33 x
34 x
35 x
36 x
37 x
38 x
39 x
40 x
41 x
42 x
43 x
44 x
45 x
46 x
47 x
48 x
49 x
50 x
51 x
52 x
53 x
54 x
55 x
56 x
57 x
58 x
59 x
60 x
61 x
62 x
63 x
64 x
65 x
66 x
67 x
68 x
69 x
70 x
71 x
72 x
73 x
74 x
75 x
76 x
77 x
78 x
79 x
80 x
81 x
82 x
83 x
84 x
85 x
86 x
87 x
88 x
89 x
90 x
91 x
92 x
93 x
94 x
95 x
96 x
97 x
98 x
99 x
100 x
101 x
102 x
103 x
104 x
105 x
106 x
107 x
108 x
109 x
110 x
111 x
112 x
113 x
114 x
115 x
116 x
117 x
118 x
119 x
120 x
121 x
122 x
123 x
124 x
125 x
126 x
127 x
128 x
129 x
130 x
131 x
132 x
133 x
134 x
135 x
136 x
137 x
138 x
139 x
140 x
141 x
142 x
143 x
144 x
145 x
146 x
147 3
148 3
149 4
150 4
151 6
152 13
153 15
154 15
155 15
156 17
157 25
158 25
159 25
160 25
161 25
162 25
163 26
164 26
165 26
166 36
167 36
168 36
169 39
170 39
171 39
172 39
173 39
174 39
175 39
176 39
177 39
178 40
179 40
180 40
181 40
182 40
183 40
184 40
185 40
186 40
187 41
188 41
189 41
190 41
191 42
192 42
193 42
194 48
195 49
196 49
197 49
198 51
199 52
200 52
201 54
202 56
203 60
204 60
205 60
206 64
207 73
208 80
209 91
210 100
211 102
212 108
213 117
214 124
215 137
216 147
217 152
218 158
219 158
220 160
221 167
222 167
223 176
224 187
225 192
226 193
227 195
228 199
229 200
230 204
231 207
232 216
233 222
234 227
235 236
236 240
237 242
238 246
239 252
240 259
241 264
242 265
243 271
244 279
245 285
246 294
247 294
248 299
249 303
250 306
251 306
252 306
253 308
254 308
255 309
256 314
257 326
258 328
259 329
260 337
261 337
262 349
263 351
264 355
265 359
266 359
267 359
268 360
269 360
270 362
271 362
272 362
273 362
274 363
275 363
276 363
277 363
278 363
279 365
280 366
281 366
282 366
283 366
284 366
285 367
286 367
287 367
288 367
289 368
290 368
291 368
292 370
293 378
294 378
295 378
296 378
297 380
298 380
