1 612727
2 612727
3 612727
4 612727
5 612727
6 612727
7 612727
8 612727
9 612727
10 612727
11 612727
12 612727
13 612727
14 612727
15 612727
16 612727
17 612727
18 612727
19 612727
20 612727
21 612727
22 612727
23 612727
24 612727
25 612727
26 612727
27 612727
28 612727
29 612727
30 612727
31 612727
32 612727
33 612727
34 612727
35 612727
36 612727
37 612727
38 612727
39 612727
40 612727
41 612727
42 612727
43 612727
44 612727
45 612727
46 612727
47 612727
48 612727
49 612727
50 612727
51 612727
52 612727
53 612727
54 612727
55 612727
56 612727
57 612727
58 612727
59 612727
60 612727
61 612727
62 612727
63 612727
64 612727
65 612727
66 612727
67 612727
68 612727
69 612727
70 612727
71 612727
72 612727
73 612727
74 612727
75 612727
76 612727
77 612727
78 612727
79 612727
80 612727
81 612727
82 612727
83 612727
84 612727
85 612727
86 612727
87 612727
88 612727
89 612727
90 612727
91 612727
92 612727
93 612727
94 612727
95 612727
96 612727
97 612727
98 612727
99 612727
100 612727
101 612727
102 612727
103 612727
104 612727
105 612727
106 612727
107 612727
108 612727
109 612727
110 612727
111 612727
112 612727
113 612727
114 612727
115 612727
116 612727
117 612727
118 612727
119 612727
120 612727
121 612727
122 612727
123 612727
124 612727
125 612727
126 612727
127 612727
128 612727
