1 409576
2 409576
3 409576
4 409576
5 409576
6 409576
7 409576
8 409576
9 409576
10 409576
11 409576
12 409576
13 409576
14 409576
15 409576
16 409576
17 409576
18 409576
19 409576
20 409576
21 409576
22 409576
23 409576
24 409576
25 409576
26 409576
27 409576
28 409576
29 409576
30 409576
31 409576
32 409576
33 409576
34 409576
35 409576
36 409576
37 409576
38 409576
39 409576
40 409576
41 409576
42 409576
43 409576
44 409576
45 409576
46 409576
47 409576
48 409576
49 409576
50 409576
51 409576
52 409576
53 409576
54 409576
55 409576
56 409576
57 409576
58 409576
59 409576
60 409576
61 409576
62 409576
63 409576
64 409576
65 409576
66 409576
67 409576
68 409576
69 409576
70 409576
71 409576
72 409576
73 409576
74 409576
75 409576
76 409576
77 409576
78 409576
79 409576
80 409576
81 409576
82 409576
83 409576
84 409576
85 409576
86 409576
87 409576
88 409576
89 409576
90 409576
91 409576
92 409576
93 409576
94 409576
95 409576
