   0.0000000e+00   1.0579966e+01   1.0600000e+02   1.0600000e+02
   1.2000000e+01   1.0670121e+01   1.1800000e+02   1.0128455e+02
   1.1000000e+01   1.0758924e+01   1.2900000e+02   9.7292407e+01
   5.0000000e+00   1.0846318e+01   1.3400000e+02   9.3934865e+01
   6.0000000e+00   1.0932239e+01   1.4000000e+02   9.1117997e+01
   1.6000000e+01   1.1016627e+01   9.6000000e+01   8.8770222e+01
   1.2000000e+01   1.1099437e+01   8.9000000e+01   8.6846350e+01
   9.0000000e+00   1.1180595e+01   8.9000000e+01   8.5266878e+01
   1.2000000e+01   1.1260048e+01   8.8000000e+01   8.3976752e+01
   9.0000000e+00   1.1337735e+01   9.7000000e+01   8.2950467e+01
   1.0000000e+01   1.1413598e+01   1.0700000e+02   8.2123511e+01
   7.0000000e+00   1.1487581e+01   1.1400000e+02   8.1487455e+01
   6.0000000e+00   1.1559628e+01   7.5000000e+01   8.1001828e+01
   9.0000000e+00   1.1629682e+01   7.4000000e+01   8.0641832e+01
   8.0000000e+00   1.1697693e+01   7.5000000e+01   8.0400194e+01
   1.0000000e+01   1.1763605e+01   7.5000000e+01   8.0245396e+01
   1.1000000e+01   1.1827374e+01   8.1000000e+01   8.0177990e+01
   1.2000000e+01   1.1888944e+01   8.6000000e+01   8.0174775e+01
   4.0000000e+00   1.1948276e+01   9.0000000e+01   8.0231840e+01
   8.0000000e+00   1.2005321e+01   9.8000000e+01   8.0339251e+01
   2.0000000e+00   1.2060030e+01   6.6000000e+01   8.0480526e+01
   7.0000000e+00   1.2112360e+01   7.3000000e+01   8.0649240e+01
   6.0000000e+00   1.2162283e+01   7.9000000e+01   8.0848575e+01
   2.0000000e+00   1.2209747e+01   6.5000000e+01   8.1062940e+01
   5.0000000e+00   1.2254708e+01   7.0000000e+01   8.1284191e+01
   2.0000000e+00   1.2297157e+01   7.2000000e+01   8.1521868e+01
   3.0000000e+00   1.2337043e+01   7.5000000e+01   8.1763535e+01
   8.0000000e+00   1.2374328e+01   4.4000000e+01   8.2003994e+01
   3.0000000e+00   1.2409000e+01   4.7000000e+01   8.2245512e+01
   2.0000000e+00   1.2441031e+01   4.9000000e+01   8.2485972e+01
   6.0000000e+00   1.2470385e+01   5.5000000e+01   8.2720325e+01
   6.0000000e+00   1.2497043e+01   6.1000000e+01   8.2947443e+01
   5.0000000e+00   1.2521003e+01   6.6000000e+01   8.3168499e+01
   9.0000000e+00   1.2542229e+01   4.5000000e+01   8.3379652e+01
   6.0000000e+00   1.2560704e+01   4.6000000e+01   8.3579332e+01
   4.0000000e+00   1.2576488e+01   4.6000000e+01   8.3771769e+01
   5.0000000e+00   1.2589514e+01   3.6000000e+01   8.3951715e+01
   6.0000000e+00   1.2599764e+01   3.9000000e+01   8.4117705e+01
   5.0000000e+00   1.2607222e+01   3.5000000e+01   8.4268279e+01
   4.0000000e+00   1.2611871e+01   3.9000000e+01   8.4401973e+01
   1.1000000e+01   1.2613726e+01   5.0000000e+01   8.4518964e+01
   1.3000000e+01   1.2612902e+01   6.3000000e+01   8.4624630e+01
   1.1000000e+01   1.2609305e+01   5.7000000e+01   8.4713528e+01
   5.0000000e+00   1.2602931e+01   4.9000000e+01   8.4784833e+01
   1.2000000e+01   1.2593775e+01   6.1000000e+01   8.4837718e+01
   1.2000000e+01   1.2581834e+01   7.3000000e+01   8.4871358e+01
   4.0000000e+00   1.2567165e+01   7.7000000e+01   8.4887299e+01
   6.0000000e+00   1.2549874e+01   8.3000000e+01   8.4888833e+01
   2.5000000e+01   1.2529884e+01   1.0800000e+02   8.4872433e+01
   2.5000000e+01   1.2507205e+01   1.0200000e+02   8.4837800e+01
   2.4000000e+01   1.2481847e+01   1.2600000e+02   8.4784632e+01
   2.7000000e+01   1.2453818e+01   1.5300000e+02   8.4712630e+01
   1.9000000e+01   1.2423219e+01   1.5500000e+02   8.4623375e+01
   2.0000000e+01   1.2390122e+01   1.7300000e+02   8.4517910e+01
   1.8000000e+01   1.2354484e+01   1.8600000e+02   8.4394813e+01
   2.1000000e+01   1.2316327e+01   1.9600000e+02   8.4254069e+01
   1.8000000e+01   1.2275675e+01   2.0400000e+02   8.4095664e+01
   2.6000000e+01   1.2232552e+01   2.2200000e+02   8.3919583e+01
   1.8000000e+01   1.2187084e+01   2.3400000e+02   8.3726935e+01
   2.5000000e+01   1.2139310e+01   2.5900000e+02   8.3517869e+01
   1.6000000e+01   1.2089223e+01   2.5500000e+02   8.3292042e+01
   2.4000000e+01   1.2036858e+01   2.7900000e+02   8.3049567e+01
   2.1000000e+01   1.1982250e+01   2.5800000e+02   8.2790556e+01
   1.1000000e+01   1.1925433e+01   2.2200000e+02   8.2515123e+01
   1.6000000e+01   1.1866715e+01   1.9600000e+02   8.2225749e+01
   1.8000000e+01   1.1806001e+01   2.1400000e+02   8.1921419e+01
   1.3000000e+01   1.1743274e+01   1.9200000e+02   8.1601794e+01
   1.0000000e+01   1.1678576e+01   1.7700000e+02   8.1267047e+01
   9.0000000e+00   1.1611949e+01   1.6800000e+02   8.0917348e+01
   8.0000000e+00   1.1543435e+01   1.5800000e+02   8.0552870e+01
   1.3000000e+01   1.1473075e+01   1.7100000e+02   8.0173782e+01
   9.0000000e+00   1.1400910e+01   1.4300000e+02   7.9780258e+01
   6.0000000e+00   1.1326984e+01   1.4900000e+02   7.9372469e+01
   6.0000000e+00   1.1251337e+01   1.5500000e+02   7.8950585e+01
   9.0000000e+00   1.1174010e+01   1.6400000e+02   7.8514778e+01
   6.0000000e+00   1.1095095e+01   1.0800000e+02   7.8065742e+01
   6.0000000e+00   1.1015036e+01   1.1400000e+02   7.7608065e+01
   1.2000000e+01   1.0933544e+01   9.1000000e+01   7.7138301e+01
   1.1000000e+01   1.0850670e+01   9.7000000e+01   7.6656724e+01
   9.0000000e+00   1.0766465e+01   1.0600000e+02   7.6163609e+01
   1.0000000e+01   1.0680981e+01   9.7000000e+01   7.5659230e+01
   5.0000000e+00   1.0594269e+01   8.9000000e+01   7.5143861e+01
   8.0000000e+00   1.0506380e+01   9.7000000e+01   7.4617779e+01
   1.3000000e+01   1.0417365e+01   9.7000000e+01   7.4081256e+01
   9.0000000e+00   1.0327275e+01   1.0000000e+02   7.3534568e+01
   1.0000000e+01   1.0236161e+01   1.1000000e+02   7.2977989e+01
   7.0000000e+00   1.0144075e+01   1.0800000e+02   7.2411795e+01
   8.0000000e+00   1.0051159e+01   1.1000000e+02   7.1837882e+01
   5.0000000e+00   9.9575433e+00   1.0600000e+02   7.1257908e+01
   7.0000000e+00   9.8631689e+00   1.0200000e+02   7.0670210e+01
   7.0000000e+00   9.7680918e+00   1.0400000e+02   7.0075146e+01
   6.0000000e+00   9.6723678e+00   1.0400000e+02   6.9473071e+01
   3.0000000e+00   9.5760525e+00   1.0100000e+02   6.8864342e+01
   3.0000000e+00   9.4792019e+00   1.0400000e+02   6.8249315e+01
   5.0000000e+00   9.3818715e+00   1.0200000e+02   6.7628345e+01
   0.0000000e+00   9.2841173e+00   9.5000000e+01   6.7001790e+01
   4.0000000e+00   9.1859950e+00   9.2000000e+01   6.6370005e+01
   1.0000000e+00   9.0875604e+00   8.9000000e+01   6.5733346e+01
   4.0000000e+00   8.9888692e+00   8.9000000e+01   6.5092170e+01
   2.0000000e+00   8.8898408e+00   8.4000000e+01   6.4447330e+01
   7.0000000e+00   8.7905734e+00   8.4000000e+01   6.3799026e+01
   3.0000000e+00   8.6911658e+00   8.3000000e+01   6.3147459e+01
   2.0000000e+00   8.5916699e+00   8.2000000e+01   6.2492999e+01
   7.0000000e+00   8.4921377e+00   8.9000000e+01   6.1836015e+01
   1.0000000e+00   8.3926213e+00   8.6000000e+01   6.1176879e+01
   1.0000000e+00   8.2931725e+00   8.0000000e+01   6.0515958e+01
   0.0000000e+00   8.1938434e+00   4.8000000e+01   5.9853625e+01
   0.0000000e+00   8.0946859e+00   2.0000000e+01   5.9190248e+01
   2.0000000e+00   7.9957520e+00   2.2000000e+01   5.8526198e+01
   0.0000000e+00   7.8970936e+00   2.2000000e+01   5.7861845e+01
   1.0000000e+00   7.7987511e+00   1.5000000e+01   5.7197504e+01
   1.0000000e+00   7.7002580e+00   9.0000000e+00   5.6531129e+01
   2.0000000e+00   7.6020636e+00   9.0000000e+00   5.5864944e+01
   2.0000000e+00   7.5042094e+00   6.0000000e+00   5.5199267e+01
   4.0000000e+00   7.4067371e+00   1.0000000e+01   5.4534422e+01
   2.0000000e+00   7.3096880e+00   1.2000000e+01   5.3870729e+01
   2.0000000e+00   7.2131039e+00   1.3000000e+01   5.3208509e+01
   1.0000000e+00   7.1170261e+00   1.4000000e+01   5.2548085e+01
   0.0000000e+00   7.0214962e+00   1.4000000e+01   5.1889777e+01
   2.0000000e+00   6.9265557e+00   1.3000000e+01   5.1233906e+01
   1.0000000e+00   6.8322463e+00   1.3000000e+01   5.0580795e+01
   1.0000000e+00   6.7386094e+00   1.4000000e+01   4.9930764e+01
   2.0000000e+00   6.6456399e+00   1.3000000e+01   4.9283901e+01
   1.0000000e+00   6.5532091e+00   1.4000000e+01   4.8639664e+01
   3.0000000e+00   6.4613418e+00   1.7000000e+01   4.7998292e+01
