   0.0000000e+00   3.0196108e+01   2.9200000e+02   2.9200000e+02
   5.4000000e+01   3.0000168e+01   3.0500000e+02   3.0977803e+02
   3.5000000e+01   2.9803707e+01   3.0700000e+02   3.2667737e+02
   2.4000000e+01   2.9606715e+01   3.2500000e+02   3.4269014e+02
   2.3000000e+01   2.9409289e+01   3.3000000e+02   3.5789408e+02
   1.0000000e+00   2.9211396e+01   3.3100000e+02   3.7226353e+02
   1.7000000e+01   2.9013155e+01   3.1000000e+02   3.8589174e+02
   5.1000000e+01   2.8814525e+01   3.3600000e+02   3.9874601e+02
   4.7000000e+01   2.8615629e+01   3.5400000e+02   4.1091895e+02
   3.7000000e+01   2.8416427e+01   3.3800000e+02   4.2237976e+02
   5.1000000e+01   2.8216989e+01   3.1800000e+02   4.3316204e+02
   4.7000000e+01   2.8017356e+01   3.4000000e+02   4.4330711e+02
   3.9000000e+01   2.7817566e+01   3.4300000e+02   4.5284285e+02
   1.9000000e+01   2.7617656e+01   3.2200000e+02   4.6179756e+02
   6.7000000e+01   2.7417667e+01   3.6700000e+02   4.7019949e+02
   4.4000000e+01   2.7217636e+01   4.0500000e+02   4.7807693e+02
   2.2000000e+01   2.7017604e+01   4.1900000e+02   4.8545815e+02
   4.3000000e+01   2.6817582e+01   4.3800000e+02   4.9232527e+02
   5.3000000e+01   2.6617594e+01   4.5200000e+02   4.9867830e+02
   4.2000000e+01   2.6417697e+01   4.3600000e+02   5.0457919e+02
   2.4000000e+01   2.6217928e+01   4.2000000e+02   5.1005167e+02
   5.9000000e+01   2.6018324e+01   4.3300000e+02   5.1511945e+02
   3.6000000e+01   2.5818920e+01   4.4200000e+02   5.1980625e+02
   2.5000000e+01   2.5619753e+01   4.4300000e+02   5.2413580e+02
   4.0000000e+01   2.5420857e+01   4.4500000e+02   5.2812719e+02
   4.1000000e+01   2.5222178e+01   4.6400000e+02   5.3168082e+02
   7.0000000e+00   2.5023809e+01   4.4300000e+02   5.3489886e+02
   3.3000000e+01   2.4825783e+01   4.5900000e+02   5.3779921e+02
   3.4000000e+01   2.4628132e+01   4.7400000e+02   5.4039975e+02
   1.0200000e+02   2.4430887e+01   5.5600000e+02   5.4271839e+02
   2.8000000e+01   2.4234082e+01   5.8300000e+02   5.4477302e+02
   3.2000000e+01   2.4037747e+01   6.1100000e+02   5.4658153e+02
   3.2000000e+01   2.3841858e+01   6.3700000e+02   5.4810104e+02
   2.3000000e+01   2.3646434e+01   5.6300000e+02   5.4933540e+02
   3.1000000e+01   2.3451534e+01   4.7800000e+02   5.5033236e+02
   1.7000000e+01   2.3257186e+01   4.4400000e+02   5.5110486e+02
   3.2000000e+01   2.3063418e+01   4.6700000e+02   5.5166579e+02
   2.3000000e+01   2.2870257e+01   4.3600000e+02   5.5202810e+02
   3.5000000e+01   2.2677731e+01   4.4300000e+02   5.5220470e+02
   1.4000000e+01   2.2485854e+01   4.0500000e+02   5.5219966e+02
   2.1000000e+01   2.2294571e+01   3.7100000e+02   5.5196221e+02
   1.4000000e+01   2.2103965e+01   3.4500000e+02   5.5154805e+02
   3.1000000e+01   2.1914060e+01   3.5000000e+02   5.5096664e+02
   1.3000000e+01   2.1724877e+01   3.2200000e+02   5.5022745e+02
   1.8000000e+01   2.1536440e+01   3.2800000e+02   5.4933993e+02
   1.8000000e+01   2.1348772e+01   3.2400000e+02   5.4831353e+02
   3.0000000e+01   2.1161895e+01   3.1700000e+02   5.4715771e+02
   1.4000000e+01   2.0975758e+01   3.1800000e+02   5.4584136e+02
   1.4000000e+01   2.0790392e+01   2.9200000e+02   5.4437865e+02
   2.0000000e+01   2.0605846e+01   2.9500000e+02   5.4279304e+02
   9.0000000e+00   2.0422138e+01   3.0200000e+02   5.4109189e+02
   1.0000000e+01   2.0239288e+01   3.0600000e+02   5.3928255e+02
   1.6000000e+01   2.0057314e+01   2.9800000e+02   5.3737237e+02
   6.0000000e+00   1.9876236e+01   2.7400000e+02   5.3536872e+02
   8.0000000e+00   1.9696072e+01   2.5300000e+02   5.3327894e+02
   2.4000000e+01   1.9516842e+01   2.5800000e+02   5.3111040e+02
   2.0000000e+01   1.9338437e+01   2.6000000e+02   5.2881583e+02
   7.0000000e+00   1.9160956e+01   2.5900000e+02   5.2643680e+02
   8.0000000e+00   1.8984417e+01   2.5100000e+02   5.2398063e+02
   1.2000000e+01   1.8808835e+01   2.3700000e+02   5.2145275e+02
   7.0000000e+00   1.8634225e+01   2.2900000e+02   5.1885861e+02
   9.0000000e+00   1.8460601e+01   1.9700000e+02   5.1620365e+02
   7.0000000e+00   1.8287978e+01   2.0300000e+02   5.1349331e+02
   9.0000000e+00   1.8116370e+01   2.0900000e+02   5.1073303e+02
   1.2000000e+01   1.7945765e+01   2.1200000e+02   5.0791820e+02
   1.0000000e+01   1.7776097e+01   2.1500000e+02   5.0502383e+02
   1.8000000e+01   1.7607446e+01   2.3300000e+02   5.0208018e+02
   9.0000000e+00   1.7439823e+01   2.3700000e+02   4.9909112e+02
   4.0000000e+00   1.7273237e+01   1.9700000e+02   4.9606051e+02
   1.9000000e+01   1.7107700e+01   1.9500000e+02   4.9299222e+02
   1.1000000e+01   1.6943222e+01   1.8600000e+02   4.8989013e+02
   8.0000000e+00   1.6779812e+01   1.8800000e+02   4.8675809e+02
   2.0000000e+00   1.6617482e+01   1.8100000e+02   4.8359998e+02
   3.1000000e+01   1.6456188e+01   2.1200000e+02   4.8040309e+02
   1.0000000e+00   1.6295920e+01   2.0100000e+02   4.7716454e+02
   4.0000000e+00   1.6136725e+01   2.0200000e+02   4.7389979e+02
   1.2000000e+01   1.5978609e+01   2.0400000e+02   4.7061156e+02
   8.0000000e+00   1.5821579e+01   2.1000000e+02   4.6730257e+02
   1.5000000e+01   1.5665642e+01   2.0300000e+02   4.6397555e+02
   1.2000000e+01   1.5510805e+01   2.1200000e+02   4.6063322e+02
   1.1000000e+01   1.5357074e+01   2.1100000e+02   4.5727830e+02
   7.0000000e+00   1.5204455e+01   1.9700000e+02   4.5391352e+02
   5.0000000e+00   1.5052884e+01   1.9300000e+02   4.5052321e+02
   8.0000000e+00   1.4902395e+01   1.8900000e+02   4.4711717e+02
   8.0000000e+00   1.4753006e+01   1.9100000e+02   4.4370113e+02
   1.8000000e+01   1.4604721e+01   2.0000000e+02   4.4027701e+02
   1.1000000e+01   1.4457543e+01   2.1000000e+02   4.3684676e+02
   1.6000000e+01   1.4311476e+01   2.2300000e+02   4.3341229e+02
   8.0000000e+00   1.4166523e+01   2.2800000e+02   4.2997555e+02
   1.3000000e+01   1.4022689e+01   2.2900000e+02   4.2653848e+02
   1.8000000e+01   1.3879967e+01   2.3800000e+02   4.2310100e+02
   8.0000000e+00   1.3738253e+01   2.2100000e+02   4.1964245e+02
   9.0000000e+00   1.3597640e+01   2.2400000e+02   4.1618330e+02
   1.9000000e+01   1.3458128e+01   2.4200000e+02   4.1272504e+02
   1.8000000e+01   1.3319719e+01   2.5000000e+02   4.0926914e+02
   2.3000000e+01   1.3182415e+01   2.6500000e+02   4.0581710e+02
   1.0000000e+01   1.3046217e+01   2.6900000e+02   4.0237040e+02
   2.1000000e+01   1.2911126e+01   2.8500000e+02   3.9893054e+02
   2.6000000e+01   1.2777143e+01   3.0000000e+02   3.9549898e+02
   1.1000000e+01   1.2644271e+01   2.9400000e+02   3.9207724e+02
   2.8000000e+01   1.2512511e+01   3.1700000e+02   3.8866677e+02
   2.4000000e+01   1.2381864e+01   3.3600000e+02   3.8526909e+02
   1.7000000e+01   1.2252332e+01   3.5000000e+02   3.8188567e+02
   3.9000000e+01   1.2123827e+01   3.7400000e+02   3.7850079e+02
   2.0000000e+01   1.1996349e+01   3.6700000e+02   3.7511584e+02
   3.3000000e+01   1.1869952e+01   3.7000000e+02   3.7174229e+02
   1.8000000e+01   1.1744635e+01   3.4700000e+02   3.6838109e+02
   3.9000000e+01   1.1620397e+01   3.8100000e+02   3.6503323e+02
   4.3000000e+01   1.1497236e+01   4.2000000e+02   3.6169965e+02
   6.0000000e+00   1.1375150e+01   3.5600000e+02   3.5838133e+02
   8.0000000e+00   1.1254140e+01   3.5900000e+02   3.5507923e+02
   2.4000000e+01   1.1134203e+01   3.8300000e+02   3.5179432e+02
   3.6000000e+01   1.1015339e+01   4.0400000e+02   3.4852757e+02
   2.7000000e+01   1.0897545e+01   4.3000000e+02   3.4527994e+02
   1.2000000e+01   1.0780822e+01   4.4200000e+02   3.4205239e+02
   3.8000000e+01   1.0665155e+01   4.5500000e+02   3.3884359e+02
   1.4000000e+01   1.0550434e+01   3.6800000e+02   3.3563310e+02
   9.0000000e+00   1.0436749e+01   3.5000000e+02   3.3243966e+02
   1.7000000e+01   1.0324096e+01   3.4400000e+02   3.2926383e+02
   1.1000000e+01   1.0212472e+01   3.3300000e+02   3.2610611e+02
   1.8000000e+01   1.0101874e+01   3.2400000e+02   3.2296706e+02
   9.0000000e+00   9.9922971e+00   3.0800000e+02   3.1984719e+02
   1.0000000e+01   9.8837390e+00   3.0200000e+02   3.1674703e+02
   1.2000000e+01   9.7761959e+00   2.8700000e+02   3.1366713e+02
   5.0000000e+00   9.6696643e+00   2.6600000e+02   3.1060800e+02
   7.0000000e+00   9.5641408e+00   2.6000000e+02   3.0757018e+02
   7.0000000e+00   9.4596218e+00   2.3700000e+02   3.0455421e+02
   1.0000000e+00   9.3561039e+00   2.2300000e+02   3.0156060e+02
   1.0000000e+00   9.2535315e+00   2.1600000e+02   2.9858038e+02
   4.0000000e+00   9.1519035e+00   2.0400000e+02   2.9561450e+02
   2.0000000e+00   9.0512445e+00   2.0300000e+02   2.9266864e+02
   2.0000000e+00   8.9515496e+00   1.9900000e+02   2.8974306e+02
   2.0000000e+00   8.8528138e+00   2.0100000e+02   2.8683799e+02
   2.0000000e+00   8.7550320e+00   2.0100000e+02   2.8395370e+02
   1.0000000e+00   8.6581993e+00   2.0200000e+02   2.8109043e+02
   4.0000000e+00   8.5623106e+00   1.9200000e+02   2.7824843e+02
   8.0000000e+00   8.4673610e+00   1.9700000e+02   2.7542796e+02
   4.0000000e+00   8.3733455e+00   2.0100000e+02   2.7262926e+02
   2.0000000e+00   8.2802590e+00   1.8400000e+02   2.6985260e+02
   0.0000000e+00   8.1880966e+00   1.8300000e+02   2.6709820e+02
   0.0000000e+00   8.0968494e+00   1.7600000e+02   2.6436567e+02
   0.0000000e+00   8.0064812e+00   1.7400000e+02   2.6164972e+02
   0.0000000e+00   7.9170104e+00   1.7300000e+02   2.5895471e+02
   1.0000000e+00   7.8284305e+00   1.7100000e+02   2.5628069e+02
   0.0000000e+00   7.7407356e+00   1.7000000e+02   2.5362770e+02
   0.0000000e+00   7.6539194e+00   1.4400000e+02   2.5099578e+02
   1.0000000e+00   7.5679758e+00   1.4000000e+02   2.4838499e+02
   1.0000000e+00   7.4828987e+00   1.4000000e+02   2.4579536e+02
   0.0000000e+00   7.3986818e+00   1.3900000e+02   2.4322695e+02
   1.0000000e+00   7.3153190e+00   1.3800000e+02   2.4067981e+02
