   0.0000000e+00   2.7537455e+01   4.4000000e+02   4.4000000e+02
   6.2000000e+01   2.8735804e+01   4.5900000e+02   4.2350793e+02
   4.7000000e+01   2.9971834e+01   3.5700000e+02   4.0979885e+02
   7.0000000e+01   3.1245281e+01   3.9100000e+02   3.9864765e+02
   7.2000000e+01   3.2555996e+01   4.1900000e+02   3.8981131e+02
   6.8000000e+01   3.3903096e+01   4.1700000e+02   3.8314113e+02
   5.6000000e+01   3.5286355e+01   4.1800000e+02   3.7840455e+02
   6.1000000e+01   3.6704659e+01   4.1000000e+02   3.7546704e+02
   6.4000000e+01   3.8156990e+01   4.4600000e+02   3.7418363e+02
   3.6000000e+01   3.9642338e+01   4.2000000e+02   3.7439782e+02
   6.1000000e+01   4.1158701e+01   4.3000000e+02   3.7603462e+02
   2.1000000e+01   4.2705108e+01   3.9800000e+02   3.7893787e+02
   1.1100000e+02   4.4278697e+01   4.0300000e+02   3.8305781e+02
   1.2000000e+02   4.5878103e+01   4.8700000e+02   3.8826723e+02
   5.9000000e+01   4.7499651e+01   5.4600000e+02   3.9451849e+02
   6.7000000e+01   4.9140996e+01   5.4000000e+02   4.0172313e+02
   2.3000000e+01   5.0800375e+01   5.1600000e+02   4.0977504e+02
   2.9000000e+01   5.2475012e+01   5.2100000e+02   4.1859417e+02
   1.7000000e+01   5.4158376e+01   5.1700000e+02   4.2818165e+02
   5.1000000e+01   5.5849352e+01   4.7800000e+02   4.3842163e+02
   3.6000000e+01   5.7544914e+01   4.8000000e+02   4.4923945e+02
   3.7000000e+01   5.9239600e+01   4.8100000e+02   4.6060199e+02
   4.5000000e+01   6.0928311e+01   4.9900000e+02   4.7246989e+02
   5.4000000e+01   6.2608430e+01   5.4000000e+02   4.8476157e+02
   5.1000000e+01   6.4276138e+01   5.4200000e+02   4.9741595e+02
   4.9000000e+01   6.5923553e+01   5.2900000e+02   5.1041759e+02
   6.7000000e+01   6.7547896e+01   5.3100000e+02   5.2369371e+02
   4.3000000e+01   6.9144703e+01   5.0600000e+02   5.3719046e+02
   5.6000000e+01   7.0708709e+01   4.9100000e+02   5.5085980e+02
   3.1000000e+01   7.2234016e+01   4.1300000e+02   5.6465831e+02
   4.1000000e+01   7.3716485e+01   4.2700000e+02   5.7852985e+02
   2.0000000e+01   7.5151266e+01   4.1100000e+02   5.9242340e+02
   4.2000000e+01   7.6534933e+01   3.8900000e+02   6.0630033e+02
   6.0000000e+01   7.7862179e+01   4.0700000e+02   6.2010570e+02
   6.2000000e+01   7.9128038e+01   4.0900000e+02   6.3378753e+02
   4.5000000e+01   8.0327764e+01   3.9000000e+02   6.4729573e+02
   6.0000000e+01   8.1456610e+01   3.7100000e+02   6.6058022e+02
   8.0000000e+01   8.2509827e+01   4.5100000e+02   6.7359089e+02
   5.4000000e+01   8.3488411e+01   4.5400000e+02   6.8630220e+02
   3.8000000e+01   8.4392033e+01   4.6900000e+02   6.9868295e+02
   6.5000000e+01   8.5211943e+01   5.3500000e+02   7.1066594e+02
   1.0800000e+02   8.5944178e+01   6.4300000e+02   7.2220444e+02
   6.7000000e+01   8.6584777e+01   7.1000000e+02   7.3325170e+02
   7.2000000e+01   8.7129779e+01   6.7800000e+02   7.4376100e+02
   6.9000000e+01   8.7578468e+01   7.0900000e+02   7.5370066e+02
   5.7000000e+01   8.7951618e+01   6.9700000e+02   7.6313861e+02
   5.7000000e+01   8.8230480e+01   6.8900000e+02   7.7195957e+02
   3.2000000e+01   8.8412856e+01   7.2100000e+02   7.8012498e+02
   1.7000000e+01   8.8496546e+01   6.8600000e+02   7.8759628e+02
   5.1000000e+01   8.8479351e+01   7.3000000e+02   7.9433490e+02
   6.3000000e+01   8.8359072e+01   7.6700000e+02   8.0030229e+02
   3.8000000e+01   8.8163392e+01   7.5200000e+02   8.0563627e+02
   6.4000000e+01   8.7884021e+01   7.8200000e+02   8.1026235e+02
   1.2200000e+02   8.7514419e+01   8.7200000e+02   8.1411631e+02
   5.0000000e+01   8.7054778e+01   8.8200000e+02   8.1717373e+02
   1.1600000e+02   8.6505289e+01   9.5400000e+02   8.1941015e+02
   4.0000000e+01   8.5866147e+01   9.8200000e+02   8.2080113e+02
   1.7900000e+02   8.5152750e+01   1.1450000e+03   8.2144072e+02
   1.4100000e+02   8.4382531e+01   1.2780000e+03   8.2143882e+02
   6.6000000e+01   8.3541951e+01   1.3140000e+03   8.2066397e+02
   7.9000000e+01   8.2633608e+01   1.2480000e+03   8.1911048e+02
   1.0400000e+02   8.1660099e+01   1.1720000e+03   8.1677265e+02
   6.8000000e+01   8.0624024e+01   1.0720000e+03   8.1364478e+02
   7.2000000e+01   7.9528811e+01   8.5200000e+02   8.0973430e+02
   7.9000000e+01   7.8390774e+01   8.2200000e+02   8.0525017e+02
   6.5000000e+01   7.7206626e+01   8.6500000e+02   8.0009123e+02
   7.0000000e+01   7.5981021e+01   7.2100000e+02   7.9428251e+02
   6.1000000e+01   7.4718806e+01   6.9600000e+02   7.8785182e+02
   9.7000000e+01   7.3425012e+01   7.4700000e+02   7.8082972e+02
   8.5000000e+01   7.2104865e+01   7.8400000e+02   7.7324956e+02
   6.2000000e+01   7.0756421e+01   7.8800000e+02   7.6512078e+02
   4.9000000e+01   6.9380948e+01   7.5000000e+02   7.5646655e+02
   6.0000000e+01   6.7986860e+01   7.6600000e+02   7.4733804e+02
   5.4000000e+01   6.6578202e+01   7.5100000e+02   7.3777267e+02
   3.2000000e+01   6.5159045e+01   6.5200000e+02   7.2781002e+02
   3.3000000e+01   6.3733487e+01   6.4700000e+02   7.1749186e+02
   2.9000000e+01   6.2305271e+01   4.8500000e+02   7.0685789e+02
   4.0000000e+01   6.0868129e+01   3.6900000e+02   6.9583763e+02
   3.4000000e+01   5.9431003e+01   3.4000000e+02   6.8453274e+02
   2.2000000e+01   5.7996722e+01   3.3200000e+02   6.7297836e+02
   2.6000000e+01   5.6568018e+01   3.4500000e+02   6.6121044e+02
   3.4000000e+01   5.5147530e+01   3.5300000e+02   6.4926574e+02
   2.8000000e+01   5.3737800e+01   2.7700000e+02   6.3718185e+02
   3.7000000e+01   5.2338864e+01   2.3400000e+02   6.2494500e+02
   3.1000000e+01   5.0951357e+01   2.5400000e+02   6.1255722e+02
   2.8000000e+01   4.9578529e+01   2.4300000e+02   6.0008012e+02
   2.5000000e+01   4.8221871e+01   2.5300000e+02   5.8754004e+02
   1.9000000e+01   4.6882719e+01   2.1700000e+02   5.7496293e+02
   2.5000000e+01   4.5562259e+01   2.1100000e+02   5.6237431e+02
   1.7000000e+01   4.4261529e+01   2.0600000e+02   5.4979863e+02
   2.6000000e+01   4.2981847e+01   1.5900000e+02   5.3720971e+02
   1.8000000e+01   4.1723742e+01   1.7600000e+02   5.2465502e+02
   1.3000000e+01   4.0487846e+01   1.6100000e+02   5.1215197e+02
   1.7000000e+01   3.9274644e+01   1.7100000e+02   4.9971699e+02
   1.2000000e+01   3.8084471e+01   1.5800000e+02   4.8736550e+02
   1.3000000e+01   3.6917519e+01   1.7100000e+02   4.7511198e+02
   1.3000000e+01   3.5775271e+01   1.6000000e+02   4.6296784e+02
   1.2000000e+01   3.4658851e+01   1.5200000e+02   4.5094384e+02
   3.0000000e+00   3.3567319e+01   1.5000000e+02   4.3905245e+02
   1.4000000e+01   3.2500701e+01   1.4900000e+02   4.2730359e+02
   7.0000000e+00   3.1458913e+01   1.3900000e+02   4.1570614e+02
   6.0000000e+00   3.0441759e+01   1.3000000e+02   4.0426795e+02
   7.0000000e+00   2.9448931e+01   1.1200000e+02   3.9299582e+02
   4.0000000e+00   2.8484247e+01   9.8000000e+01   3.8191205e+02
   1.2000000e+01   2.7545030e+01   9.3000000e+01   3.7101300e+02
   1.3000000e+01   2.6631017e+01   8.6000000e+01   3.6030385e+02
   1.9000000e+01   2.5741903e+01   1.0000000e+02   3.4978901e+02
   1.6000000e+01   2.4877304e+01   1.1000000e+02   3.3947198e+02
   1.3000000e+01   2.4036761e+01   1.0300000e+02   3.2935538e+02
   1.3000000e+01   2.3219734e+01   1.1000000e+02   3.1944088e+02
   1.2000000e+01   2.2427003e+01   1.1800000e+02   3.0973899e+02
   8.0000000e+00   2.1658753e+01   1.1800000e+02   3.0025571e+02
   1.2000000e+01   2.0913496e+01   1.2200000e+02   2.9098505e+02
   1.0000000e+01   2.0190678e+01   1.1100000e+02   2.8192715e+02
   5.0000000e+00   1.9489688e+01   1.0500000e+02   2.7308139e+02
   4.0000000e+00   1.8809859e+01   9.0000000e+01   2.6444641e+02
   1.0000000e+01   1.8150469e+01   8.2000000e+01   2.5602010e+02
   1.6000000e+01   1.7510928e+01   9.1000000e+01   2.4780077e+02
   1.3000000e+01   1.6893862e+01   8.8000000e+01   2.3980695e+02
   2.4000000e+01   1.6296542e+01   1.0500000e+02   2.3202251e+02
   1.3000000e+01   1.5718384e+01   1.0900000e+02   2.2444464e+02
   2.0000000e+01   1.5158777e+01   1.2000000e+02   2.1706996e+02
   7.0000000e+00   1.4617084e+01   1.1900000e+02   2.0989455e+02
   1.5000000e+01   1.4092639e+01   1.2800000e+02   2.0291390e+02
   1.2000000e+01   1.3584749e+01   1.3400000e+02   1.9612293e+02
   2.2000000e+01   1.3094288e+01   1.2800000e+02   1.8953161e+02
   8.0000000e+00   1.2621035e+01   1.1300000e+02   1.8313887e+02
   2.0000000e+01   1.2163654e+01   1.2100000e+02   1.7693245e+02
   1.9000000e+01   1.1721635e+01   1.2700000e+02   1.7090788e+02
   7.0000000e+00   1.1294467e+01   1.0800000e+02   1.6506033e+02
   8.0000000e+00   1.0881630e+01   1.0200000e+02   1.5938464e+02
   1.7000000e+01   1.0482601e+01   1.0000000e+02   1.5387529e+02
   1.4000000e+01   1.0097010e+01   1.0200000e+02   1.4852938e+02
   2.0000000e+01   9.7255050e+00   1.0500000e+02   1.4336290e+02
   1.9000000e+01   9.3669005e+00   1.1300000e+02   1.3835714e+02
   1.6000000e+01   9.0207897e+00   1.1400000e+02   1.3350776e+02
   1.5000000e+01   8.6867718e+00   1.2500000e+02   1.2881029e+02
   3.0000000e+00   8.3644512e+00   1.2000000e+02   1.2426008e+02
   2.7000000e+01   8.0534379e+00   1.2600000e+02   1.1985237e+02
   9.0000000e+00   7.7533473e+00   1.2500000e+02   1.1558221e+02
   1.2000000e+01   7.4640061e+00   1.1700000e+02   1.1145514e+02
   1.0000000e+01   7.1850608e+00   1.1200000e+02   1.0746696e+02
   1.1000000e+01   6.9160961e+00   1.0500000e+02   1.0360985e+02
   8.0000000e+00   6.6567830e+00   1.0200000e+02   9.9880009e+01
   8.0000000e+00   6.4068004e+00   1.0500000e+02   9.6273615e+01
   1.2000000e+01   6.1658355e+00   9.4000000e+01   9.2786823e+01
   6.0000000e+00   5.9335830e+00   9.1000000e+01   8.9415770e+01
   1.2000000e+01   5.7098477e+00   9.1000000e+01   8.6158266e+01
   1.3000000e+01   5.4946757e+00   8.6000000e+01   8.3017178e+01
   9.0000000e+00   5.2874198e+00   8.8000000e+01   7.9983996e+01
   5.0000000e+00   5.0877711e+00   8.2000000e+01   7.7055326e+01
   5.0000000e+00   4.8954205e+00   7.8000000e+01   7.4227775e+01
   8.0000000e+00   4.7100589e+00   7.9000000e+01   7.1497948e+01
   5.0000000e+00   4.5313774e+00   7.5000000e+01   6.8862452e+01
   6.0000000e+00   4.3590669e+00   7.0000000e+01   6.6317892e+01
   5.0000000e+00   4.1934988e+00   6.4000000e+01   6.3865316e+01
   7.0000000e+00   4.0345173e+00   6.3000000e+01   6.1502333e+01
   2.0000000e+00   3.8814727e+00   4.9000000e+01   5.9223322e+01
   1.0000000e+00   3.7341095e+00   4.5000000e+01   5.7025239e+01
   5.0000000e+00   3.5921721e+00   4.3000000e+01   5.4905041e+01
   7.0000000e+00   3.4554050e+00   4.5000000e+01   5.2859682e+01
   6.0000000e+00   3.3235528e+00   4.4000000e+01   5.0886117e+01
   4.0000000e+00   3.1963598e+00   4.2000000e+01   4.8981303e+01
   4.0000000e+00   3.0747178e+00   4.1000000e+01   4.7152074e+01
   1.0000000e+00   2.9577018e+00   4.0000000e+01   4.5389621e+01
   2.0000000e+00   2.8450710e+00   4.1000000e+01   4.3691024e+01
   5.0000000e+00   2.7366212e+00   4.1000000e+01   4.2053682e+01
   1.0000000e+00   2.6321482e+00   3.9000000e+01   4.0474992e+01
   3.0000000e+00   2.5314478e+00   3.4000000e+01   3.8952352e+01
   4.0000000e+00   2.4343160e+00   3.4000000e+01   3.7483161e+01
   2.0000000e+00   2.3408400e+00   3.1000000e+01   3.6067728e+01
   5.0000000e+00   2.2513488e+00   3.3000000e+01   3.4708781e+01
   1.0000000e+00   2.1652366e+00   3.3000000e+01   3.3399704e+01
   3.0000000e+00   2.0823515e+00   3.1000000e+01   3.2138416e+01
   5.0000000e+00   2.0025413e+00   3.5000000e+01   3.0922834e+01
   4.0000000e+00   1.9256539e+00   3.3000000e+01   2.9750877e+01
   2.0000000e+00   1.8515373e+00   3.4000000e+01   2.8620463e+01
   2.0000000e+00   1.7801534e+00   3.4000000e+01   2.7530813e+01
   4.0000000e+00   1.7116081e+00   3.3000000e+01   2.6482799e+01
