   0.0000000e+00   1.3797556e+02   4.3300000e+02   4.3300000e+02
   8.8000000e+01   1.4151197e+02   5.1700000e+02   5.3682782e+02
   3.5000000e+01   1.4505074e+02   5.4400000e+02   6.3663461e+02
   3.4400000e+02   1.4858600e+02   8.5400000e+02   7.3271534e+02
   1.4200000e+02   1.5211179e+02   9.6500000e+02   8.2535647e+02
   1.1600000e+02   1.5562104e+02   1.0150000e+03   9.1471772e+02
   1.6300000e+02   1.5910793e+02   1.0870000e+03   1.0011007e+03
   1.9600000e+02   1.6256567e+02   1.2290000e+03   1.0846867e+03
   1.6100000e+02   1.6598689e+02   1.3290000e+03   1.1655826e+03
   1.6000000e+02   1.6936535e+02   1.3600000e+03   1.2440425e+03
   3.2800000e+02   1.7269352e+02   1.5590000e+03   1.3201161e+03
   1.2100000e+02   1.7596435e+02   1.5060000e+03   1.3939389e+03
   2.0700000e+02   1.7917101e+02   1.5650000e+03   1.4656717e+03
   1.9100000e+02   1.8230611e+02   1.6070000e+03   1.5352912e+03
   1.7600000e+02   1.8536269e+02   1.6800000e+03   1.6029521e+03
   1.2700000e+02   1.8833425e+02   1.7020000e+03   1.6686624e+03
   1.5200000e+02   1.9121451e+02   1.7580000e+03   1.7323898e+03
   1.0200000e+02   1.9399601e+02   1.6680000e+03   1.7942989e+03
   3.0600000e+02   1.9667181e+02   1.8130000e+03   1.8544634e+03
   2.6400000e+02   1.9923501e+02   1.9610000e+03   1.9129575e+03
   1.3700000e+02   2.0168343e+02   1.9320000e+03   1.9695846e+03
   2.6300000e+02   2.0401010e+02   2.0500000e+03   2.0244220e+03
   1.8300000e+02   2.0620774e+02   2.1100000e+03   2.0775638e+03
   2.0200000e+02   2.0827011e+02   2.1020000e+03   2.1290454e+03
   1.0500000e+02   2.1019218e+02   2.1030000e+03   2.1788716e+03
   5.5000000e+01   2.1197900e+02   2.0230000e+03   2.2267897e+03
   4.9000000e+01   2.1361948e+02   1.9730000e+03   2.2729588e+03
   1.3800000e+02   2.1510870e+02   2.0000000e+03   2.3173805e+03
   1.5700000e+02   2.1644176e+02   1.9190000e+03   2.3600566e+03
   1.0800000e+02   2.1762103e+02   1.8950000e+03   2.4009157e+03
   1.3200000e+02   2.1864979e+02   1.8310000e+03   2.4398777e+03
   2.7300000e+02   2.1951903e+02   1.9100000e+03   2.4769850e+03
   1.6800000e+02   2.2022570e+02   1.9470000e+03   2.5122207e+03
   2.9000000e+02   2.2076674e+02   2.0990000e+03   2.5455678e+03
   2.1600000e+02   2.2115529e+02   2.2400000e+03   2.5769842e+03
   2.3100000e+02   2.2138645e+02   2.3830000e+03   2.6064558e+03
   1.8200000e+02   2.2145667e+02   2.4550000e+03   2.6339664e+03
   1.6900000e+02   2.2136504e+02   2.5190000e+03   2.6594958e+03
   1.6300000e+02   2.2111528e+02   2.6120000e+03   2.6830432e+03
   1.8600000e+02   2.2073182e+02   2.6050000e+03   2.7046967e+03
   2.3600000e+02   2.2019714e+02   2.5410000e+03   2.7243651e+03
   2.2700000e+02   2.1951198e+02   2.3980000e+03   2.7420351e+03
   1.9700000e+02   2.1867706e+02   2.3040000e+03   2.7576934e+03
   2.4900000e+02   2.1769312e+02   2.4400000e+03   2.7713268e+03
   3.2700000e+02   2.1656090e+02   2.6360000e+03   2.7829220e+03
   1.8600000e+02   2.1528985e+02   2.6100000e+03   2.7925244e+03
   2.3800000e+02   2.1391444e+02   2.7050000e+03   2.8003477e+03
   2.1400000e+02   2.1241250e+02   2.7780000e+03   2.8062246e+03
   2.9500000e+02   2.1078714e+02   2.9830000e+03   2.8101578e+03
   2.4800000e+02   2.0904151e+02   3.0440000e+03   2.8121503e+03
   1.2200000e+02   2.0717871e+02   2.9130000e+03   2.8122047e+03
   1.1600000e+02   2.0520189e+02   2.8900000e+03   2.8103240e+03
   2.1500000e+02   2.0312248e+02   2.9770000e+03   2.8066072e+03
   2.8600000e+02   2.0096717e+02   3.0770000e+03   2.8013301e+03
   2.0900000e+02   1.9872239e+02   2.9870000e+03   2.7943021e+03
   1.8600000e+02   1.9639312e+02   2.6640000e+03   2.7855473e+03
   2.2400000e+02   1.9398433e+02   2.7440000e+03   2.7750902e+03
   2.3700000e+02   1.9150098e+02   2.9330000e+03   2.7629548e+03
   2.2400000e+02   1.8894807e+02   2.9790000e+03   2.7491654e+03
   2.3400000e+02   1.8633388e+02   3.0850000e+03   2.7338526e+03
   2.5600000e+02   1.8367044e+02   3.2570000e+03   2.7172659e+03
   1.1400000e+02   1.8095745e+02   3.2370000e+03   2.6992614e+03
   1.6000000e+02   1.7820053e+02   3.2880000e+03   2.6798831e+03
   2.0900000e+02   1.7540525e+02   3.4120000e+03   2.6591752e+03
   1.3200000e+02   1.7257722e+02   3.3870000e+03   2.6371815e+03
   1.2300000e+02   1.6972202e+02   3.2740000e+03   2.6139462e+03
   2.0400000e+02   1.6684208e+02   3.3540000e+03   2.5895893e+03
   9.9000000e+01   1.6393792e+02   3.0160000e+03   2.5642761e+03
   1.5900000e+02   1.6101915e+02   2.9560000e+03   2.5379543e+03
   1.2400000e+02   1.5809087e+02   2.8410000e+03   2.5106802e+03
   8.9000000e+01   1.5515815e+02   2.7850000e+03   2.4825097e+03
   7.4000000e+01   1.5222609e+02   2.7620000e+03   2.4534992e+03
   6.7000000e+01   1.4929977e+02   2.4530000e+03   2.4237047e+03
   1.0700000e+02   1.4637137e+02   2.3850000e+03   2.3931926e+03
   1.4600000e+02   1.4343295e+02   2.4600000e+03   2.3620290e+03
   6.0000000e+01   1.4050442e+02   2.4130000e+03   2.3302586e+03
   9.6000000e+01   1.3758982e+02   2.3880000e+03   2.2979385e+03
   5.7000000e+01   1.3469319e+02   2.1570000e+03   2.2651255e+03
   6.4000000e+01   1.3181857e+02   2.0310000e+03   2.2318767e+03
   4.2000000e+01   1.2897002e+02   1.7620000e+03   2.1982491e+03
   1.0600000e+02   1.2615155e+02   1.7040000e+03   2.1642996e+03
   3.8000000e+01   1.2336723e+02   1.5620000e+03   2.1300853e+03
   8.3000000e+01   1.2061332e+02   1.5530000e+03   2.0956278e+03
   6.1000000e+01   1.1785974e+02   1.3770000e+03   2.0608294e+03
   5.4000000e+01   1.1513763e+02   1.3600000e+03   2.0258699e+03
   6.2000000e+01   1.1244961e+02   1.3780000e+03   1.9908000e+03
   2.2000000e+01   1.0979831e+02   1.2670000e+03   1.9556701e+03
   3.5000000e+01   1.0718634e+02   1.1980000e+03   1.9205309e+03
   5.7000000e+01   1.0461633e+02   1.1750000e+03   1.8854328e+03
   8.3000000e+01   1.0209089e+02   1.1770000e+03   1.8504263e+03
   4.5000000e+01   9.9612656e+01   1.1860000e+03   1.8155621e+03
   4.6000000e+01   9.7184234e+01   1.1720000e+03   1.7808907e+03
   5.7000000e+01   9.4776064e+01   1.2190000e+03   1.7461722e+03
   2.9000000e+01   9.2409489e+01   1.1740000e+03   1.7116261e+03
   3.1000000e+01   9.0086610e+01   1.1460000e+03   1.6772982e+03
   2.9000000e+01   8.7808572e+01   1.1190000e+03   1.6432259e+03
   5.2000000e+01   8.5576521e+01   1.1380000e+03   1.6094462e+03
   2.9000000e+01   8.3391602e+01   1.0980000e+03   1.5759965e+03
   6.1000000e+01   8.1254960e+01   1.1160000e+03   1.5429139e+03
   3.7000000e+01   7.9158313e+01   1.1450000e+03   1.5101145e+03
   2.6000000e+01   7.7094747e+01   1.1710000e+03   1.4775315e+03
   2.8000000e+01   7.5073776e+01   1.1170000e+03   1.4453101e+03
   1.7000000e+01   7.3095527e+01   1.0740000e+03   1.4134744e+03
   1.9000000e+01   7.1160130e+01   1.0250000e+03   1.3820484e+03
   2.9000000e+01   6.9267713e+01   1.0040000e+03   1.3510564e+03
   1.4000000e+01   6.7418403e+01   1.0000000e+03   1.3205224e+03
   2.8000000e+01   6.5612330e+01   9.9200000e+02   1.2904707e+03
   3.6000000e+01   6.3840054e+01   1.0110000e+03   1.2606924e+03
   2.5000000e+01   6.2106899e+01   1.0110000e+03   1.2313383e+03
   2.2000000e+01   6.0413072e+01   9.9700000e+02   1.2024343e+03
   2.6000000e+01   5.8758248e+01   1.0030000e+03   1.1739935e+03
   4.2000000e+01   5.7142101e+01   1.0270000e+03   1.1460291e+03
   3.3000000e+01   5.5564305e+01   1.0390000e+03   1.1185542e+03
   6.2000000e+01   5.4024534e+01   1.0800000e+03   1.0915817e+03
   4.2000000e+01   5.2521120e+01   1.1060000e+03   1.0650551e+03
   3.7000000e+01   5.1052343e+01   1.1310000e+03   1.0389152e+03
   3.6000000e+01   4.9619224e+01   1.1490000e+03   1.0132450e+03
   1.6000000e+01   4.8221280e+01   1.1480000e+03   9.8804929e+02
   7.3000000e+01   4.6858032e+01   1.1900000e+03   9.6333327e+02
   2.2000000e+01   4.5528996e+01   1.1820000e+03   9.3910188e+02
   4.7000000e+01   4.4233693e+01   1.2160000e+03   9.1536016e+02
   2.1000000e+01   4.2971639e+01   1.1870000e+03   8.9211310e+02
   3.1000000e+01   4.1740984e+01   1.1600000e+03   8.6925958e+02
   3.2000000e+01   4.0541934e+01   1.1560000e+03   8.4685785e+02
   2.8000000e+01   3.9374053e+01   1.1410000e+03   8.2491659e+02
   2.3000000e+01   3.8236794e+01   6.1100000e+02   8.0343558e+02
   1.7000000e+01   3.7129608e+01   5.9600000e+02   7.8241460e+02
   4.4000000e+01   3.6051945e+01   6.3500000e+02   7.6185346e+02
   1.8000000e+01   3.5003256e+01   6.1500000e+02   7.4175192e+02
   1.5000000e+01   3.3982636e+01   5.8600000e+02   7.2207866e+02
   1.5000000e+01   3.2989130e+01   5.5300000e+02   7.0279808e+02
   2.4000000e+01   3.2022619e+01   5.4100000e+02   6.8394755e+02
   2.4000000e+01   3.1082522e+01   5.6300000e+02   6.6552402e+02
   2.0000000e+01   3.0168259e+01   5.9600000e+02   6.4752449e+02
   2.5000000e+01   2.9279248e+01   6.1800000e+02   6.2994591e+02
   1.1000000e+01   2.8414908e+01   6.2900000e+02   6.1278525e+02
   2.6000000e+01   2.7574657e+01   6.2600000e+02   5.9603950e+02
  -1.3000000e+02   2.6757915e+01   4.7400000e+02   5.7970562e+02
   1.3000000e+01   2.5964336e+01   3.8400000e+02   5.6374982e+02
   3.4000000e+01   2.5193444e+01   3.5000000e+02   5.4815515e+02
   1.8000000e+01   2.4444485e+01   3.5200000e+02   5.3294139e+02
   2.3000000e+01   2.3716893e+01   3.6600000e+02   5.1810340e+02
   1.4000000e+01   2.3010103e+01   2.6200000e+02   5.0363604e+02
   2.4000000e+01   2.2323550e+01   2.5700000e+02   4.8953418e+02
   1.0000000e+01   2.1656669e+01   2.5900000e+02   4.7579269e+02
   2.0000000e+01   2.1008894e+01   2.5400000e+02   4.6240644e+02
   1.4000000e+01   2.0379661e+01   2.6800000e+02   4.4937028e+02
   1.4000000e+01   1.9769250e+01   2.7700000e+02   4.3665834e+02
   1.9000000e+01   1.9177113e+01   2.9600000e+02   4.2426504e+02
   1.2000000e+01   1.8602308e+01   2.4200000e+02   4.1219451e+02
   1.0000000e+01   1.8044315e+01   1.9500000e+02   4.0044050e+02
   2.3000000e+01   1.7502616e+01   1.9700000e+02   3.8899673e+02
   2.3000000e+01   1.6976692e+01   2.0900000e+02   3.7785694e+02
   3.0000000e+01   1.6466024e+01   1.9800000e+02   3.6701485e+02
   2.1000000e+01   1.5970093e+01   2.1800000e+02   3.5646422e+02
   2.4000000e+01   1.5488379e+01   2.3400000e+02   3.4619875e+02
   3.8000000e+01   1.5022000e+01   2.6000000e+02   3.3620853e+02
   1.7000000e+01   1.4569988e+01   2.5100000e+02   3.2648828e+02
   2.1000000e+01   1.4131424e+01   2.5000000e+02   3.1703265e+02
   1.8000000e+01   1.3705861e+01   2.6500000e+02   3.0783519e+02
   2.5000000e+01   1.3292855e+01   2.8600000e+02   2.9888948e+02
   2.0000000e+01   1.2891961e+01   2.9600000e+02   2.9018908e+02
   2.8000000e+01   1.2502735e+01   3.0800000e+02   2.8172755e+02
   3.5000000e+01   1.2124730e+01   3.1100000e+02   2.7349847e+02
   1.7000000e+01   1.1757502e+01   3.2100000e+02   2.6549539e+02
   3.4000000e+01   1.1402139e+01   3.3900000e+02   2.5772280e+02
   3.1000000e+01   1.1057445e+01   3.6200000e+02   2.5016891e+02
   1.5000000e+01   1.0722824e+01   3.4800000e+02   2.4282622e+02
   3.0000000e+01   1.0397892e+01   3.7000000e+02   2.3568872e+02
   2.3000000e+01   1.0082261e+01   3.7300000e+02   2.2875039e+02
   1.0000000e+01   9.7755447e+00   3.0300000e+02   2.2200523e+02
   2.2000000e+01   9.4773578e+00   3.0700000e+02   2.1544720e+02
   1.2000000e+01   9.1873137e+00   3.0700000e+02   2.0907030e+02
   1.3000000e+01   8.9050264e+00   3.0300000e+02   2.0286851e+02
   2.4000000e+01   8.6329703e+00   3.1700000e+02   1.9685650e+02
   2.1000000e+01   8.3689886e+00   3.1900000e+02   1.9101545e+02
   1.7000000e+01   8.1127585e+00   3.2900000e+02   1.8533980e+02
   7.0000000e+00   7.8640095e+00   3.3000000e+02   1.7982437e+02
   3.0000000e+01   7.6224716e+00   3.5200000e+02   1.7446399e+02
   2.2000000e+01   7.3878745e+00   3.6600000e+02   1.6925348e+02
   2.0000000e+01   7.1599480e+00   3.6800000e+02   1.6418767e+02
   7.0000000e+00   6.9384279e+00   3.5800000e+02   1.5926145e+02
   2.8000000e+01   6.7238335e+00   3.7600000e+02   1.5447894e+02
   1.6000000e+01   6.5157799e+00   3.8200000e+02   1.4983362e+02
   9.0000000e+00   6.3141659e+00   3.8300000e+02   1.4532231e+02
