   0.0000000e+00   9.1748146e+01   5.0800000e+02   5.0800000e+02
   6.3000000e+01   8.8506904e+01   5.4500000e+02   5.2696802e+02
   1.3600000e+02   8.5329632e+01   6.6900000e+02   5.4045832e+02
   9.8000000e+01   8.2219962e+01   5.1400000e+02   5.4928130e+02
   8.5000000e+01   7.9180374e+01   4.7600000e+02   5.5403822e+02
   7.7000000e+01   7.6213885e+01   4.4900000e+02   5.5543121e+02
   1.0900000e+02   7.3321841e+01   4.5500000e+02   5.5387143e+02
   7.7000000e+01   7.0506325e+01   4.4200000e+02   5.4990532e+02
   6.2000000e+01   6.7767915e+01   3.5700000e+02   5.4383512e+02
   9.8000000e+01   6.5107705e+01   4.5300000e+02   5.3605709e+02
   6.6000000e+01   6.2525801e+01   3.6100000e+02   5.2682111e+02
   6.4000000e+01   6.0022097e+01   3.8100000e+02   5.1636551e+02
   8.1000000e+01   5.7596439e+01   3.5300000e+02   5.0491799e+02
   6.3000000e+01   5.5249279e+01   3.1800000e+02   4.9278276e+02
   7.9000000e+01   5.2978587e+01   3.5100000e+02   4.7996517e+02
   9.5000000e+01   5.0784659e+01   3.8800000e+02   4.6674902e+02
   4.4000000e+01   4.8666425e+01   3.7600000e+02   4.5325470e+02
   4.2000000e+01   4.6622022e+01   3.7000000e+02   4.3950771e+02
   4.1000000e+01   4.4651005e+01   3.5900000e+02   4.2570311e+02
   3.9000000e+01   4.2751328e+01   3.5300000e+02   4.1184560e+02
   4.5000000e+01   4.0921661e+01   3.3900000e+02   3.9802494e+02
   4.2000000e+01   3.9160700e+01   3.3500000e+02   3.8433325e+02
   3.9000000e+01   3.7466266e+01   2.8500000e+02   3.7075567e+02
   3.4000000e+01   3.5837048e+01   2.8700000e+02   3.5738422e+02
   4.0000000e+01   3.4271114e+01   2.4200000e+02   3.4422542e+02
   3.0000000e+01   3.2766589e+01   2.2700000e+02   3.3129439e+02
   3.3000000e+01   3.1321948e+01   2.2500000e+02   3.1865814e+02
   2.2000000e+01   2.9935491e+01   2.1100000e+02   3.0635692e+02
   2.9000000e+01   2.8605092e+01   1.9300000e+02   2.9432019e+02
   1.5000000e+01   2.7329169e+01   1.7900000e+02   2.8261895e+02
   2.4000000e+01   2.6105955e+01   1.8100000e+02   2.7127645e+02
   3.1000000e+01   2.4933667e+01   1.8700000e+02   2.6028126e+02
   4.9000000e+01   2.3810515e+01   1.8400000e+02   2.4960538e+02
   1.4000000e+01   2.2734739e+01   1.5700000e+02   2.3928367e+02
   1.2000000e+01   2.1704564e+01   1.3700000e+02   2.2932457e+02
   5.0000000e+00   2.0718588e+01   1.3100000e+02   2.1968803e+02
   9.0000000e+00   1.9774999e+01   1.3000000e+02   2.1038734e+02
   9.0000000e+00   1.8872066e+01   1.2800000e+02   2.0142545e+02
   1.9000000e+01   1.8008288e+01   1.0600000e+02   1.9279428e+02
   7.0000000e+00   1.7182476e+01   9.9000000e+01   1.8447415e+02
   1.1000000e+01   1.6392800e+01   9.8000000e+01   1.7646920e+02
   7.0000000e+00   1.5637674e+01   8.8000000e+01   1.6877439e+02
   6.0000000e+00   1.4916584e+01   8.5000000e+01   1.6137113e+02
   2.0000000e+00   1.4227814e+01   6.8000000e+01   1.5425604e+02
   9.0000000e+00   1.3569685e+01   6.7000000e+01   1.4742533e+02
   3.0000000e+00   1.2940730e+01   6.6000000e+01   1.4087244e+02
   2.0000000e+00   1.2339486e+01   5.0000000e+01   1.3459084e+02
   2.0000000e+00   1.1765648e+01   4.0000000e+01   1.2856662e+02
   3.0000000e+00   1.1218482e+01   3.2000000e+01   1.2278861e+02
   4.0000000e+00   1.0695992e+01   2.8000000e+01   1.1725362e+02
   9.0000000e+00   1.0196916e+01   3.1000000e+01   1.1195383e+02
   4.0000000e+00   9.7199880e+00   2.9000000e+01   1.0688143e+02
   6.0000000e+00   9.2646000e+00   3.1000000e+01   1.0202746e+02
   5.0000000e+00   8.8311868e+00   3.4000000e+01   9.7381190e+01
   4.0000000e+00   8.4175652e+00   3.7000000e+01   9.2936377e+01
   9.0000000e+00   8.0226902e+00   4.2000000e+01   8.8684828e+01
   2.0000000e+00   7.6455172e+00   3.9000000e+01   8.4618346e+01
   6.0000000e+00   7.2851040e+00   4.3000000e+01   8.0729047e+01
   5.0000000e+00   6.9426387e+00   4.3000000e+01   7.7015486e+01
   7.0000000e+00   6.6159922e+00   4.2000000e+01   7.3466189e+01
   6.0000000e+00   6.3043183e+00   4.3000000e+01   7.0073561e+01
   4.0000000e+00   6.0067707e+00   4.4000000e+01   6.6830006e+01
   5.0000000e+00   5.7225033e+00   4.2000000e+01   6.3727930e+01
   6.0000000e+00   5.4522103e+00   4.4000000e+01   6.0769949e+01
   6.0000000e+00   5.1947859e+00   4.8000000e+01   5.7946747e+01
   3.0000000e+00   4.9492778e+00   4.4000000e+01   5.5250025e+01
   5.0000000e+00   4.7150063e+00   4.3000000e+01   5.2673291e+01
   5.0000000e+00   4.4912916e+00   4.1000000e+01   5.0210055e+01
   5.0000000e+00   4.2780647e+00   3.9000000e+01   4.7858982e+01
   6.0000000e+00   4.0751149e+00   3.9000000e+01   4.5617443e+01
   9.0000000e+00   3.8816639e+00   4.3000000e+01   4.3478029e+01
   8.0000000e+00   3.6972864e+00   4.6000000e+01   4.1436323e+01
   8.0000000e+00   3.5215831e+00   4.8000000e+01   3.9488113e+01
   1.4000000e+01   3.3541809e+00   5.7000000e+01   3.7629400e+01
   6.0000000e+00   3.1945415e+00   5.3000000e+01   3.5855855e+01
   6.0000000e+00   3.0423969e+00   5.6000000e+01   3.4164044e+01
   1.7000000e+01   2.8974273e+00   6.8000000e+01   3.2550525e+01
   2.3000000e+01   2.7593258e+00   8.2000000e+01   3.1012026e+01
   1.2000000e+01   2.6278084e+00   8.3000000e+01   2.9545476e+01
   1.2000000e+01   2.5025383e+00   8.9000000e+01   2.8147422e+01
   1.0000000e+01   2.3830735e+00   8.8000000e+01   2.6813622e+01
   5.0000000e+00   2.2692724e+00   8.8000000e+01   2.5542180e+01
   6.0000000e+00   2.1608900e+00   8.6000000e+01   2.4330430e+01
   1.0000000e+00   2.0576992e+00   6.7000000e+01   2.3175864e+01
   2.0000000e+00   1.9594905e+00   6.0000000e+01   2.2076138e+01
   2.0000000e+00   1.8659007e+00   5.1000000e+01   2.1027709e+01
   4.0000000e+00   1.7767075e+00   4.0000000e+01   2.0028175e+01
   1.0000000e+00   1.6917686e+00   2.7000000e+01   1.9075789e+01
   1.0000000e+00   1.6108964e+00   1.9000000e+01   1.8168463e+01
   5.0000000e+00   1.5339160e+00   2.1000000e+01   1.7304237e+01
   5.0000000e+00   1.4606589e+00   2.3000000e+01   1.6481220e+01
   6.0000000e+00   1.3908044e+00   2.7000000e+01   1.5696407e+01
   2.0000000e+00   1.3242808e+00   2.3000000e+01   1.4948689e+01
   3.0000000e+00   1.2609355e+00   2.4000000e+01   1.4236379e+01
   4.0000000e+00   1.2006260e+00   2.6000000e+01   1.3557890e+01
   3.0000000e+00   1.1432200e+00   2.7000000e+01   1.2911741e+01
   4.0000000e+00   1.0885537e+00   2.8000000e+01   1.2296198e+01
   0.0000000e+00   1.0364522e+00   2.6000000e+01   1.1709451e+01
   5.0000000e+00   9.8683604e-01   2.8000000e+01   1.1150517e+01
   2.0000000e+00   9.3959294e-01   2.6000000e+01   1.0618152e+01
   1.1000000e+01   8.9461881e-01   3.3000000e+01   1.0111198e+01
   9.0000000e+00   8.5181767e-01   3.4000000e+01   9.6285826e+00
   7.0000000e+00   8.1100948e-01   3.8000000e+01   9.1683821e+00
   1.5000000e+01   7.7212388e-01   5.0000000e+01   8.7297914e+00
   9.0000000e+00   7.3509251e-01   5.5000000e+01   8.3120295e+00
   5.0000000e+00   6.9983527e-01   5.5000000e+01   7.9141993e+00
   7.0000000e+00   6.6627879e-01   5.8000000e+01   7.5354755e+00
   8.0000000e+00   6.3435646e-01   5.7000000e+01   7.1751044e+00
   1.0000000e+01   6.0397009e-01   6.2000000e+01   6.8320065e+00
   5.0000000e+00   5.7496827e-01   6.0000000e+01   6.5045498e+00
   1.0000000e+01   5.4735246e-01   6.4000000e+01   6.1926947e+00
   1.1000000e+01   5.2106338e-01   6.7000000e+01   5.8957712e+00
   3.0000000e+00   4.9604680e-01   6.6000000e+01   5.6131638e+00
   4.0000000e+00   4.7225352e-01   6.3000000e+01   5.3443111e+00
   6.0000000e+00   4.4963935e-01   6.3000000e+01   5.0887058e+00
   2.0000000e+00   4.2805983e-01   5.4000000e+01   4.8448098e+00
   9.0000000e+00   4.0749682e-01   4.9000000e+01   4.6123887e+00
   1.1000000e+01   3.8792265e-01   5.1000000e+01   4.3911121e+00
   5.0000000e+00   3.6929501e-01   4.8000000e+01   4.1805010e+00
   5.0000000e+00   3.5157510e-01   4.6000000e+01   3.9801153e+00
   6.0000000e+00   3.3472767e-01   4.4000000e+01   3.7895533e+00
   4.0000000e+00   3.1869606e-01   4.3000000e+01   3.6081907e+00
   3.0000000e+00   3.0339602e-01   3.9000000e+01   3.4351158e+00
   1.0000000e+00   2.8883042e-01   3.4000000e+01   3.2703314e+00
   1.0000000e+00   2.7496630e-01   2.7000000e+01   3.1134670e+00
   1.0000000e+00   2.6177324e-01   2.3000000e+01   2.9641798e+00
   1.0000000e+00   2.4922327e-01   2.0000000e+01   2.8221549e+00
   1.0000000e+00   2.3729098e-01   1.7000000e+01   2.6871053e+00
   0.0000000e+00   2.2590861e-01   1.2000000e+01   2.5582772e+00
   1.0000000e+00   2.1506461e-01   1.1000000e+01   2.4355375e+00
   3.0000000e+00   2.0474068e-01   1.0000000e+01   2.3186787e+00
   3.0000000e+00   1.9491386e-01   1.0000000e+01   2.2074424e+00
   1.0000000e+00   1.8556308e-01   9.0000000e+00   2.1015912e+00
   3.0000000e+00   1.7666915e-01   1.0000000e+01   2.0009086e+00
   1.0000000e+00   1.6820269e-01   1.0000000e+01   1.9050628e+00
   1.0000000e+00   1.6012446e-01   1.0000000e+01   1.8136103e+00
   2.0000000e+00   1.5243276e-01   1.1000000e+01   1.7265317e+00
   1.0000000e+00   1.4511062e-01   1.1000000e+01   1.6436348e+00
   2.0000000e+00   1.3814251e-01   1.1000000e+01   1.5647436e+00
   0.0000000e+00   1.3151434e-01   1.0000000e+01   1.4896979e+00
   1.0000000e+00   1.2521343e-01   1.0000000e+01   1.4183531e+00
   3.0000000e+00   1.1921879e-01   1.2000000e+01   1.3504734e+00
   2.0000000e+00   1.1350947e-01   1.3000000e+01   1.2858227e+00
