   0.0000000e+00   3.2504083e+01   3.1600000e+02   3.1600000e+02
   1.5000000e+01   3.2110674e+01   3.3100000e+02   3.1430484e+02
   6.0000000e+00   3.1721304e+01   3.1200000e+02   3.1243565e+02
   1.1000000e+01   3.1335989e+01   3.0700000e+02   3.1038169e+02
   5.3000000e+01   3.0954681e+01   3.5500000e+02   3.0818233e+02
   5.3000000e+01   3.0577372e+01   3.8400000e+02   3.0584588e+02
   2.0000000e+01   3.0204043e+01   3.5200000e+02   3.0338274e+02
   6.2000000e+01   2.9834643e+01   4.0800000e+02   3.0082949e+02
   2.4000000e+01   2.9469191e+01   4.3100000e+02   2.9817084e+02
   4.6000000e+01   2.9107599e+01   4.0800000e+02   2.9545540e+02
   5.4000000e+01   2.8749904e+01   4.1900000e+02   2.9266279e+02
   9.0000000e+00   2.8396047e+01   4.2800000e+02   2.8980518e+02
   4.1000000e+01   2.8045999e+01   4.2400000e+02   2.8690159e+02
   1.7000000e+01   2.7699742e+01   4.2000000e+02   2.8396320e+02
   2.5000000e+01   2.7357250e+01   3.9000000e+02   2.8100187e+02
   5.7000000e+01   2.7018498e+01   4.2100000e+02   2.7802943e+02
   1.5000000e+01   2.6683450e+01   4.1600000e+02   2.7503083e+02
   1.0000000e+01   2.6352077e+01   3.7900000e+02   2.7201310e+02
   1.4000000e+01   2.6024358e+01   3.4200000e+02   2.6899411e+02
   1.9000000e+01   2.5700264e+01   3.3600000e+02   2.6598194e+02
   7.0000000e+00   2.5379768e+01   3.1600000e+02   2.6298466e+02
   1.3000000e+01   2.5062838e+01   3.1100000e+02   2.5998967e+02
   1.5000000e+01   2.4749442e+01   2.9100000e+02   2.5699156e+02
   1.4000000e+01   2.4439556e+01   2.7000000e+02   2.5400768e+02
   7.0000000e+00   2.4133153e+01   2.3600000e+02   2.5104238e+02
   1.0000000e+01   2.3830203e+01   2.1900000e+02   2.4810000e+02
   1.4000000e+01   2.3530676e+01   1.8400000e+02   2.4517536e+02
   2.1000000e+01   2.3234543e+01   1.8400000e+02   2.4225923e+02
   1.3000000e+01   2.2941776e+01   1.6500000e+02   2.3936371e+02
   2.6000000e+01   2.2652346e+01   1.8100000e+02   2.3649081e+02
   1.2000000e+01   2.2366225e+01   1.9100000e+02   2.3364251e+02
   1.9000000e+01   2.2083384e+01   2.0500000e+02   2.3081799e+02
   1.2000000e+01   2.1803794e+01   1.9900000e+02   2.2801097e+02
   1.7000000e+01   2.1527426e+01   2.1300000e+02   2.2522776e+02
   1.9000000e+01   2.1254251e+01   2.2600000e+02   2.2246929e+02
   2.2000000e+01   2.0984241e+01   2.3800000e+02   2.1973650e+02
   1.5000000e+01   2.0717288e+01   1.4400000e+02   2.1703061e+02
   1.4000000e+01   2.0452979e+01   1.4800000e+02   2.1435231e+02
   1.8000000e+01   2.0191750e+01   1.5000000e+02   2.1169897e+02
   2.7000000e+01   1.9933602e+01   1.7200000e+02   2.0907060e+02
   4.0000000e+00   1.9678535e+01   1.5800000e+02   2.0646720e+02
   1.8000000e+01   1.9426548e+01   1.6300000e+02   2.0388877e+02
   1.8000000e+01   1.9177642e+01   1.8100000e+02   2.0133530e+02
   2.0000000e+00   1.8931817e+01   1.7900000e+02   1.9880680e+02
   1.2000000e+01   1.8689072e+01   1.7300000e+02   1.9630327e+02
   1.5000000e+01   1.8449024e+01   1.6800000e+02   1.9382668e+02
   6.0000000e+00   1.8211278e+01   1.5900000e+02   1.9137908e+02
   2.2000000e+01   1.7976392e+01   1.5600000e+02   1.8895757e+02
   1.1000000e+01   1.7744366e+01   1.5200000e+02   1.8656217e+02
   1.7000000e+01   1.7515199e+01   1.4800000e+02   1.8419288e+02
   1.0000000e+00   1.7288893e+01   1.3800000e+02   1.8184969e+02
   2.0000000e+00   1.7065446e+01   1.4000000e+02   1.7953260e+02
   9.0000000e+00   1.6844859e+01   1.3400000e+02   1.7724162e+02
   1.4000000e+01   1.6627132e+01   1.2300000e+02   1.7497675e+02
   6.0000000e+00   1.6411599e+01   1.0900000e+02   1.7273677e+02
   1.0000000e+01   1.6198315e+01   1.0400000e+02   1.7052179e+02
   7.0000000e+00   1.5987659e+01   1.1100000e+02   1.6833249e+02
   3.0000000e+00   1.5779630e+01   1.0400000e+02   1.6616887e+02
   7.0000000e+00   1.5574229e+01   1.0100000e+02   1.6403094e+02
   1.2000000e+01   1.5371456e+01   1.0700000e+02   1.6191869e+02
   5.0000000e+00   1.5171310e+01   9.7000000e+01   1.5983212e+02
   1.0000000e+01   1.4973791e+01   8.7000000e+01   1.5777124e+02
   9.0000000e+00   1.4778901e+01   9.1000000e+01   1.5573604e+02
   9.0000000e+00   1.4585712e+01   8.2000000e+01   1.5372063e+02
   6.0000000e+00   1.4394767e+01   8.8000000e+01   1.5172846e+02
   3.0000000e+00   1.4206221e+01   9.1000000e+01   1.4976052e+02
   7.0000000e+00   1.4020073e+01   9.8000000e+01   1.4781680e+02
   1.6000000e+01   1.3836325e+01   1.0100000e+02   1.4589732e+02
   4.0000000e+00   1.3654976e+01   9.1000000e+01   1.4400206e+02
   1.6000000e+01   1.3476025e+01   1.0200000e+02   1.4213103e+02
   0.0000000e+00   1.3299473e+01   1.0200000e+02   1.4028422e+02
   1.0000000e+00   1.3125280e+01   1.0300000e+02   1.3846123e+02
   2.0000000e+00   1.2952850e+01   1.0500000e+02   1.3665611e+02
   2.0000000e+00   1.2782590e+01   1.0700000e+02   1.3487322e+02
   1.1000000e+01   1.2614477e+01   1.1300000e+02   1.3311238e+02
   5.0000000e+00   1.2448485e+01   1.1800000e+02   1.3137340e+02
   0.0000000e+00   1.2284591e+01   1.1700000e+02   1.2965608e+02
   2.0000000e+00   1.2122771e+01   1.1100000e+02   1.2796023e+02
   0.0000000e+00   1.1963000e+01   1.0100000e+02   1.2628567e+02
   2.0000000e+00   1.1805255e+01   9.8000000e+01   1.2463219e+02
   4.0000000e+00   1.1649511e+01   9.8000000e+01   1.2299961e+02
   1.0000000e+00   1.1495745e+01   9.3000000e+01   1.2138774e+02
   2.0000000e+00   1.1343931e+01   9.0000000e+01   1.1979639e+02
   1.0000000e+00   1.1194047e+01   8.1000000e+01   1.1822537e+02
   0.0000000e+00   1.1046067e+01   8.1000000e+01   1.1667447e+02
   9.0000000e+00   1.0900009e+01   8.5000000e+01   1.1514191e+02
   0.0000000e+00   1.0755824e+01   8.5000000e+01   1.1362848e+02
   2.0000000e+00   1.0613483e+01   8.7000000e+01   1.1213418e+02
   5.0000000e+00   1.0472961e+01   7.4000000e+01   1.1065878e+02
   0.0000000e+00   1.0334237e+01   7.4000000e+01   1.0920207e+02
   4.0000000e+00   1.0197286e+01   5.7000000e+01   1.0776382e+02
   0.0000000e+00   1.0062085e+01   4.7000000e+01   1.0634382e+02
   2.0000000e+00   9.9286110e+00   4.1000000e+01   1.0494184e+02
   3.0000000e+00   9.7968403e+00   2.9000000e+01   1.0355767e+02
   1.0000000e+00   9.6667495e+00   3.0000000e+01   1.0219109e+02
   1.0000000e+00   9.5383153e+00   3.1000000e+01   1.0084187e+02
   3.0000000e+00   9.4115144e+00   3.4000000e+01   9.9509791e+01
   3.0000000e+00   9.2863233e+00   3.7000000e+01   9.8194641e+01
   1.0000000e+00   9.1628110e+00   2.0000000e+01   9.6896428e+01
   0.0000000e+00   9.0409326e+00   2.0000000e+01   9.5614876e+01
   1.0000000e+00   8.9206265e+00   2.1000000e+01   9.4349671e+01
   1.0000000e+00   8.8018716e+00   2.2000000e+01   9.3100599e+01
   2.0000000e+00   8.6846466e+00   2.4000000e+01   9.1867444e+01
   0.0000000e+00   8.5689305e+00   2.4000000e+01   9.0649993e+01
   1.0000000e+00   8.4547020e+00   2.5000000e+01   8.9448031e+01
   3.0000000e+00   8.3419399e+00   2.7000000e+01   8.8261342e+01
   1.0000000e+00   8.2306231e+00   2.8000000e+01   8.7089714e+01
   7.0000000e+00   8.1207304e+00   3.3000000e+01   8.5932931e+01
   1.0000000e+00   8.0122405e+00   2.9000000e+01   8.4790778e+01
   4.0000000e+00   7.9051323e+00   3.3000000e+01   8.3663042e+01
   0.0000000e+00   7.7993846e+00   3.3000000e+01   8.2549508e+01
   0.0000000e+00   7.6950589e+00   3.3000000e+01   8.1450735e+01
   3.0000000e+00   7.5921733e+00   3.1000000e+01   8.0366878e+01
   3.0000000e+00   7.4906266e+00   3.4000000e+01   7.9296973e+01
   4.0000000e+00   7.3904007e+00   3.4000000e+01   7.8240833e+01
   3.0000000e+00   7.2914770e+00   3.7000000e+01   7.7198269e+01
   2.0000000e+00   7.1938374e+00   3.9000000e+01   7.6169095e+01
   2.0000000e+00   7.0974635e+00   3.3000000e+01   7.5153122e+01
   0.0000000e+00   7.0023370e+00   3.3000000e+01   7.4150163e+01
   1.0000000e+00   6.9084396e+00   3.4000000e+01   7.3160030e+01
   5.0000000e+00   6.8157529e+00   3.8000000e+01   7.2182535e+01
   1.0000000e+00   6.7242586e+00   3.9000000e+01   7.1217491e+01
   4.0000000e+00   6.6339384e+00   3.8000000e+01   7.0264710e+01
   4.0000000e+00   6.5447741e+00   4.2000000e+01   6.9324005e+01
   1.0000000e+00   6.4567900e+00   4.2000000e+01   6.8395640e+01
   3.0000000e+00   6.3700636e+00   4.5000000e+01   6.7480437e+01
   4.0000000e+00   6.2844763e+00   4.9000000e+01   6.6577152e+01
   5.0000000e+00   6.2000125e+00   5.4000000e+01   6.5685622e+01
   2.0000000e+00   6.1166564e+00   4.4000000e+01   6.4805690e+01
   3.0000000e+00   6.0343923e+00   4.7000000e+01   6.3937195e+01
   3.0000000e+00   5.9532047e+00   5.0000000e+01   6.3079977e+01
   1.0000000e+00   5.8730777e+00   5.1000000e+01   6.2233877e+01
   4.0000000e+00   5.7939959e+00   5.5000000e+01   6.1398736e+01
   1.0000000e+00   5.7159433e+00   4.3000000e+01   6.0574392e+01
   0.0000000e+00   5.6389045e+00   4.3000000e+01   5.9760687e+01
   3.0000000e+00   5.5628637e+00   3.9000000e+01   5.8957460e+01
   4.0000000e+00   5.4878052e+00   4.3000000e+01   5.8164552e+01
   0.0000000e+00   5.4137200e+00   4.3000000e+01   5.7381871e+01
   2.0000000e+00   5.3406882e+00   4.5000000e+01   5.6610225e+01
   5.0000000e+00   5.2686205e+00   4.1000000e+01   5.5848710e+01
   2.0000000e+00   5.1975047e+00   4.3000000e+01   5.5097199e+01
   0.0000000e+00   5.1273286e+00   3.9000000e+01   5.4355568e+01
   0.0000000e+00   5.0580801e+00   3.9000000e+01   5.3623693e+01
   0.0000000e+00   4.9897473e+00   3.9000000e+01   5.2901452e+01
   1.0000000e+00   4.9223185e+00   3.5000000e+01   5.2188724e+01
   2.0000000e+00   4.8557820e+00   3.7000000e+01   5.1485391e+01
   2.0000000e+00   4.7901265e+00   3.9000000e+01   5.0791336e+01
   0.0000000e+00   4.7253406e+00   3.9000000e+01   5.0106442e+01
   1.0000000e+00   4.6614132e+00   4.0000000e+01   4.9430595e+01
   2.0000000e+00   4.5983333e+00   4.2000000e+01   4.8763682e+01
