   0.0000000e+00   8.8072895e+01   2.7500000e+02   2.7500000e+02
   1.3000000e+01   9.0102946e+01   2.6700000e+02   3.2777920e+02
   1.4000000e+01   9.2155895e+01   2.5900000e+02   3.7665852e+02
   7.9000000e+01   9.4231044e+01   3.1600000e+02   4.2193923e+02
   4.3000000e+01   9.6327408e+01   3.0000000e+02   4.6400198e+02
   3.7000000e+01   9.8443738e+01   2.8900000e+02   5.0326072e+02
   3.0000000e+01   1.0057849e+02   2.9300000e+02   5.4011367e+02
   5.0000000e+01   1.0273087e+02   3.0100000e+02   5.7466536e+02
   1.6000000e+01   1.0489900e+02   3.0200000e+02   6.0731379e+02
   7.0000000e+00   1.0708179e+02   2.9400000e+02   6.3834308e+02
   3.0000000e+01   1.0927718e+02   2.5700000e+02   6.6782856e+02
   6.4000000e+01   1.1148384e+02   2.7200000e+02   6.9606305e+02
   2.1000000e+01   1.1370009e+02   2.5900000e+02   7.2324048e+02
   8.2000000e+01   1.1592367e+02   3.3700000e+02   7.4936374e+02
   7.7000000e+01   1.1815309e+02   3.4400000e+02   7.7467891e+02
   9.9000000e+01   1.2038620e+02   4.2000000e+02   7.9924449e+02
   7.9000000e+01   1.2262080e+02   4.9500000e+02   8.2310634e+02
   7.2000000e+01   1.2485510e+02   5.4400000e+02   8.4641880e+02
   3.5000000e+01   1.2708649e+02   5.6000000e+02   8.6916319e+02
   2.0400000e+02   1.2931294e+02   7.0500000e+02   8.9143547e+02
   6.2000000e+01   1.3153214e+02   7.3800000e+02   9.1328805e+02
   1.2300000e+02   1.3374107e+02   7.2600000e+02   9.3467398e+02
   1.5900000e+02   1.3593789e+02   8.6200000e+02   9.5571056e+02
   2.4000000e+01   1.3812034e+02   7.6600000e+02   9.7645146e+02
   4.6000000e+01   1.4028609e+02   7.6700000e+02   9.9694685e+02
   1.6400000e+02   1.4243127e+02   8.4500000e+02   1.0170569e+03
   2.6500000e+02   1.4455417e+02   9.9000000e+02   1.0369058e+03
   2.8500000e+02   1.4665232e+02   1.1530000e+03   1.0565228e+03
   1.5400000e+02   1.4872322e+02   1.2210000e+03   1.0759376e+03
   1.9500000e+02   1.5076349e+02   1.2830000e+03   1.0950459e+03
   1.2600000e+02   1.5277069e+02   1.3150000e+03   1.1138835e+03
   1.1200000e+02   1.5474233e+02   1.4020000e+03   1.1324798e+03
   1.3400000e+02   1.5667578e+02   1.3890000e+03   1.1508433e+03
   2.9300000e+02   1.5856827e+02   1.5370000e+03   1.1689227e+03
   1.9400000e+02   1.6041707e+02   1.5450000e+03   1.1866945e+03
   3.1600000e+02   1.6221958e+02   1.4980000e+03   1.2041802e+03
   1.6300000e+02   1.6397316e+02   1.4840000e+03   1.2213748e+03
   1.2900000e+02   1.6567539e+02   1.4650000e+03   1.2382545e+03
   6.9000000e+01   1.6732405e+02   1.4190000e+03   1.2547820e+03
   1.5500000e+02   1.6891630e+02   1.4210000e+03   1.2709647e+03
   2.3500000e+02   1.7044959e+02   1.2960000e+03   1.2867906e+03
   1.7500000e+02   1.7192224e+02   1.2290000e+03   1.3022405e+03
   2.0400000e+02   1.7333556e+02   1.2170000e+03   1.3172712e+03
   1.7500000e+02   1.7468415e+02   1.2380000e+03   1.3318936e+03
   1.2600000e+02   1.7596565e+02   1.2500000e+03   1.3460940e+03
   1.5600000e+02   1.7717770e+02   1.2760000e+03   1.3598587e+03
   1.8300000e+02   1.7831796e+02   1.3310000e+03   1.3731742e+03
   2.3700000e+02   1.7938406e+02   1.3600000e+03   1.3860267e+03
   2.2000000e+02   1.8037366e+02   1.3960000e+03   1.3984025e+03
   2.6300000e+02   1.8128835e+02   1.4240000e+03   1.4102818e+03
   2.4200000e+02   1.8213437e+02   1.4970000e+03   1.4216375e+03
   2.2900000e+02   1.8290234e+02   1.6000000e+03   1.4324669e+03
   2.4000000e+02   1.8359050e+02   1.6720000e+03   1.4427554e+03
   2.3000000e+02   1.8419711e+02   1.7550000e+03   1.4524883e+03
   2.0200000e+02   1.8472041e+02   1.7210000e+03   1.4616511e+03
   1.5300000e+02   1.8515864e+02   1.6980000e+03   1.4702292e+03
   1.4600000e+02   1.8551006e+02   1.6610000e+03   1.4782079e+03
   1.3300000e+02   1.8578162e+02   1.5590000e+03   1.4855948e+03
   1.0300000e+02   1.8598155e+02   1.4200000e+03   1.4924006e+03
   1.2700000e+02   1.8609838e+02   1.3040000e+03   1.4985860e+03
   9.9000000e+01   1.8613133e+02   1.1880000e+03   1.5041388e+03
   1.4600000e+02   1.8607960e+02   1.1250000e+03   1.5090470e+03
   1.2900000e+02   1.8594242e+02   1.2000000e+03   1.5132984e+03
   1.2300000e+02   1.8571899e+02   1.1630000e+03   1.5168807e+03
   1.4800000e+02   1.8540852e+02   1.1480000e+03   1.5197819e+03
   1.2000000e+02   1.8502328e+02   1.1270000e+03   1.5220634e+03
   1.1800000e+02   1.8456943e+02   1.1250000e+03   1.5237524e+03
   1.1300000e+02   1.8403681e+02   1.1080000e+03   1.5247836e+03
   1.3400000e+02   1.8342574e+02   1.1260000e+03   1.5251514e+03
   6.3000000e+01   1.8273657e+02   1.0380000e+03   1.5248498e+03
   1.3100000e+02   1.8196963e+02   1.0540000e+03   1.5238732e+03
   1.1900000e+02   1.8112528e+02   1.0590000e+03   1.5222158e+03
   1.1200000e+02   1.8020385e+02   1.0160000e+03   1.5198716e+03
   1.0300000e+02   1.7922021e+02   9.8200000e+02   1.5169535e+03
   1.0100000e+02   1.7817663e+02   9.4200000e+02   1.5134713e+03
   1.1200000e+02   1.7706673e+02   9.5300000e+02   1.5093646e+03
   1.1000000e+02   1.7589190e+02   9.3300000e+02   1.5046359e+03
   1.3600000e+02   1.7465350e+02   9.9800000e+02   1.4992879e+03
   1.6500000e+02   1.7335289e+02   1.0570000e+03   1.4933231e+03
   1.2200000e+02   1.7199145e+02   1.1380000e+03   1.4867440e+03
   1.6900000e+02   1.7057053e+02   1.1710000e+03   1.4795534e+03
   1.9200000e+02   1.6909933e+02   1.2580000e+03   1.4718476e+03
   1.5400000e+02   1.6757945e+02   1.3010000e+03   1.4636272e+03
   1.6600000e+02   1.6601101e+02   1.3560000e+03   1.4548772e+03
   2.2300000e+02   1.6439668e+02   1.5530000e+03   1.4456137e+03
   2.2400000e+02   1.6273924e+02   1.6330000e+03   1.4358537e+03
   2.2500000e+02   1.6104155e+02   1.7520000e+03   1.4256151e+03
   1.3200000e+02   1.5930657e+02   1.7560000e+03   1.4149170e+03
   1.2000000e+02   1.5753738e+02   1.7660000e+03   1.4037793e+03
   1.4400000e+02   1.5573713e+02   1.7850000e+03   1.3922229e+03
   1.2700000e+02   1.5390657e+02   1.7460000e+03   1.3802587e+03
   1.5000000e+02   1.5203844e+02   1.7410000e+03   1.3678635e+03
   1.8200000e+02   1.5014363e+02   1.7090000e+03   1.3550933e+03
   1.7500000e+02   1.4822481e+02   1.7290000e+03   1.3419692e+03
   2.0000000e+02   1.4628466e+02   1.8630000e+03   1.3285126e+03
   1.1900000e+02   1.4432594e+02   1.8760000e+03   1.3147461e+03
   1.0500000e+02   1.4235141e+02   1.8310000e+03   1.3006926e+03
   2.2600000e+02   1.4036390e+02   1.7620000e+03   1.2863759e+03
   1.9100000e+02   1.3836627e+02   1.8130000e+03   1.2718206e+03
   1.4600000e+02   1.3636143e+02   1.8250000e+03   1.2570519e+03
   9.7000000e+01   1.3434205e+02   1.7740000e+03   1.2420151e+03
   2.1800000e+02   1.3231182e+02   1.7900000e+03   1.2267423e+03
   1.4400000e+02   1.3027671e+02   1.7200000e+03   1.2112841e+03
   2.3500000e+02   1.2823879e+02   1.7320000e+03   1.1956608e+03
   1.9400000e+02   1.2620010e+02   1.6490000e+03   1.1798929e+03
   1.2800000e+02   1.2416267e+02   1.5220000e+03   1.1640011e+03
   2.0900000e+02   1.2212851e+02   1.5020000e+03   1.1480063e+03
   1.6900000e+02   1.2009961e+02   1.4430000e+03   1.1319300e+03
   1.8000000e+02   1.1807793e+02   1.4200000e+03   1.1157934e+03
   1.7800000e+02   1.1606398e+02   1.3720000e+03   1.0996010e+03
   1.5800000e+02   1.1405219e+02   1.3100000e+03   1.0832842e+03
   9.2000000e+01   1.1204961e+02   1.1450000e+03   1.0669274e+03
   7.1000000e+01   1.1005754e+02   1.0470000e+03   1.0505459e+03
   1.1900000e+02   1.0807721e+02   1.0000000e+03   1.0341546e+03
   7.8000000e+01   1.0610979e+02   8.8500000e+02   1.0177682e+03
   6.2000000e+01   1.0415641e+02   7.9700000e+02   1.0014015e+03
   9.5000000e+01   1.0221811e+02   7.4900000e+02   9.8506868e+02
   7.1000000e+01   1.0029591e+02   6.5000000e+02   9.6878402e+02
   4.5000000e+01   9.8390749e+01   5.8300000e+02   9.5256145e+02
   9.1000000e+01   9.6502432e+01   5.4400000e+02   9.3637734e+02
   9.6000000e+01   9.4631787e+01   5.4700000e+02   9.2024517e+02
   6.8000000e+01   9.2779948e+01   5.3000000e+02   9.0419059e+02
   8.2000000e+01   9.0947520e+01   5.0100000e+02   8.8822291e+02
   8.1000000e+01   8.9135046e+01   5.4000000e+02   8.7235099e+02
   6.5000000e+01   8.7343004e+01   5.7800000e+02   8.5658325e+02
   5.9000000e+01   8.5571809e+01   5.9900000e+02   8.4092768e+02
   6.3000000e+01   8.3821811e+01   6.3200000e+02   8.2539181e+02
   8.0000000e+01   8.2093297e+01   6.6500000e+02   8.0998274e+02
   9.1000000e+01   8.0386868e+01   7.0800000e+02   7.9470662e+02
   8.3000000e+01   7.8705097e+01   7.5400000e+02   7.7956636e+02
   7.0000000e+01   7.7046449e+01   7.8700000e+02   7.6456997e+02
   6.6000000e+01   7.5411141e+01   8.0100000e+02   7.4972252e+02
   7.6000000e+01   7.3799337e+01   8.2900000e+02   7.3502864e+02
   1.1100000e+02   7.2211149e+01   8.9600000e+02   7.2049249e+02
   6.9000000e+01   7.0646635e+01   9.1800000e+02   7.0611779e+02
   6.8000000e+01   6.9105802e+01   9.3000000e+02   6.9190779e+02
   1.0400000e+02   6.7588605e+01   9.3600000e+02   6.7786529e+02
   1.1000000e+02   6.6094946e+01   9.2200000e+02   6.6399262e+02
   7.1000000e+01   6.4628025e+01   8.9300000e+02   6.5031077e+02
   3.2000000e+01   6.3187565e+01   8.3400000e+02   6.3682073e+02
   5.5000000e+01   6.1771871e+01   7.8800000e+02   6.2351527e+02
   5.7000000e+01   6.0380868e+01   7.5700000e+02   6.1039621e+02
   7.4000000e+01   5.9014436e+01   7.5200000e+02   5.9746498e+02
   6.6000000e+01   5.7672417e+01   7.3500000e+02   5.8472261e+02
   6.4000000e+01   5.6354612e+01   7.1800000e+02   5.7216976e+02
   5.7000000e+01   5.5060780e+01   6.8200000e+02   5.5980667e+02
   7.6000000e+01   5.3790640e+01   6.7400000e+02   5.4763320e+02
   3.3000000e+01   5.2543870e+01   6.5100000e+02   5.3564884e+02
   3.4000000e+01   5.1320108e+01   6.1400000e+02   5.2385266e+02
   4.2000000e+01   5.0118951e+01   5.9400000e+02   5.1224336e+02
   6.9000000e+01   4.8944370e+01   5.7900000e+02   5.0085302e+02
   4.2000000e+01   4.7794208e+01   5.6900000e+02   4.8966674e+02
   3.8000000e+01   4.6667139e+01   5.5200000e+02   4.7867592e+02
   4.5000000e+01   4.5562837e+01   5.4700000e+02   4.6787953e+02
   2.4000000e+01   4.4480948e+01   5.1600000e+02   4.5727624e+02
   2.7000000e+01   4.3421088e+01   4.9300000e+02   4.4686440e+02
   1.8000000e+01   4.2382845e+01   4.5500000e+02   4.3664208e+02
   2.3000000e+01   4.1365778e+01   4.2700000e+02   4.2660706e+02
   2.9000000e+01   4.0369417e+01   3.9900000e+02   4.1675678e+02
   3.3000000e+01   3.9393264e+01   3.9300000e+02   4.0708844e+02
   1.7000000e+01   3.8436791e+01   3.7800000e+02   3.9759888e+02
   9.0000000e+00   3.7499443e+01   3.4900000e+02   3.8828468e+02
   1.7000000e+01   3.6586874e+01   3.3600000e+02   3.7918653e+02
   2.0000000e+01   3.5694600e+01   3.1800000e+02   3.7027285e+02
   2.7000000e+01   3.4821901e+01   3.0800000e+02   3.6153873e+02
   1.4000000e+01   3.3968384e+01   2.9000000e+02   3.5298155e+02
   1.6000000e+01   3.3133644e+01   2.8100000e+02   3.4459847e+02
   2.4000000e+01   3.2317262e+01   2.7800000e+02   3.3638645e+02
   8.0000000e+00   3.1518800e+01   2.5100000e+02   3.2834226e+02
   1.9000000e+01   3.0737809e+01   2.4800000e+02   3.2046246e+02
   8.0000000e+00   2.9973824e+01   2.3900000e+02   3.1274341e+02
   9.0000000e+00   2.9226364e+01   2.2700000e+02   3.0518126e+02
   4.0000000e+00   2.8494934e+01   2.0400000e+02   2.9777199e+02
   1.1000000e+01   2.7779451e+01   1.9700000e+02   2.9051519e+02
   2.0000000e+00   2.7083981e+01   1.8200000e+02   2.8344786e+02
   6.0000000e+00   2.6404599e+01   1.7300000e+02   2.7653482e+02
   1.2000000e+01   2.5740965e+01   1.7600000e+02   2.6977313e+02
   4.0000000e+00   2.5092732e+01   1.6800000e+02   2.6315978e+02
   7.0000000e+00   2.4459549e+01   1.6800000e+02   2.5669162e+02
   3.0000000e+00   2.3841064e+01   1.6200000e+02   2.5036545e+02
   7.0000000e+00   2.3236918e+01   1.6100000e+02   2.4417791e+02
   5.0000000e+00   2.2646749e+01   1.5700000e+02   2.3812558e+02
   5.0000000e+00   2.2070193e+01   1.5400000e+02   2.3220492e+02
   4.0000000e+00   2.1506879e+01   1.5100000e+02   2.2641230e+02
   1.0000000e+00   2.0956435e+01   1.4600000e+02   2.2074398e+02
   2.0000000e+00   2.0418648e+01   1.4000000e+02   2.1519850e+02
   5.0000000e+00   1.9893875e+01   1.3800000e+02   2.0978260e+02
   5.0000000e+00   1.9381634e+01   1.3800000e+02   2.0449083e+02
   3.0000000e+00   1.8881794e+01   1.3400000e+02   1.9932278e+02
   3.0000000e+00   1.8394252e+01   1.3000000e+02   1.9427839e+02
