   0.0000000e+00   1.3204503e+02   2.8400000e+02   2.8400000e+02
   5.9000000e+01   1.3431742e+02   2.9200000e+02   3.8091970e+02
   9.4000000e+01   1.3629548e+02   3.4200000e+02   4.6988456e+02
   9.0000000e+01   1.3796833e+02   4.1700000e+02   5.5137016e+02
   1.3700000e+02   1.3932680e+02   5.1400000e+02   6.2585108e+02
   1.2000000e+02   1.4036700e+02   6.0600000e+02   6.9369887e+02
   1.9600000e+02   1.4108779e+02   7.6700000e+02   7.5529691e+02
   2.3400000e+02   1.4148199e+02   9.4800000e+02   8.1106745e+02
   2.1100000e+02   1.4155812e+02   1.0940000e+03   8.6125955e+02
   1.9300000e+02   1.4132270e+02   1.2420000e+03   9.0614565e+02
   1.7700000e+02   1.4077231e+02   1.3250000e+03   9.4611450e+02
   1.4000000e+01   1.3993309e+02   1.2880000e+03   9.8123704e+02
   1.6400000e+02   1.3880902e+02   1.4080000e+03   1.0118188e+03
   2.0000000e+02   1.3740911e+02   1.5960000e+03   1.0381181e+03
   2.0000000e+02   1.3576405e+02   1.6750000e+03   1.0602127e+03
   2.5700000e+02   1.3388062e+02   1.7900000e+03   1.0783749e+03
   1.5100000e+02   1.3177786e+02   1.6160000e+03   1.0927914e+03
   1.3000000e+01   1.2948104e+02   1.3310000e+03   1.1036175e+03
   9.8000000e+01   1.2700427e+02   1.1780000e+03   1.1110649e+03
   9.6000000e+01   1.2437026e+02   1.0990000e+03   1.1153124e+03
   8.6000000e+01   1.2159833e+02   1.0020000e+03   1.1165481e+03
   1.0200000e+02   1.1870558e+02   1.0980000e+03   1.1149669e+03
   1.0300000e+02   1.1571082e+02   1.0520000e+03   1.1107584e+03
   7.3000000e+01   1.1263288e+02   9.7100000e+02   1.1041123e+03
   9.6000000e+01   1.0948243e+02   8.9000000e+02   1.0951667e+03
   3.3000000e+01   1.0628171e+02   7.8500000e+02   1.0841330e+03
   2.4000000e+01   1.0304871e+02   6.5300000e+02   1.0711956e+03
   6.2000000e+01   9.9801410e+01   6.7600000e+02   1.0565389e+03
   6.5000000e+01   9.6548676e+01   6.7400000e+02   1.0403108e+03
   8.4000000e+01   9.3288330e+01   6.7700000e+02   1.0226148e+03
   6.7000000e+01   9.0047698e+01   6.1700000e+02   1.0036727e+03
   4.6000000e+01   8.6841443e+01   5.4100000e+02   9.8365573e+02
   1.4000000e+01   8.3684229e+01   4.6200000e+02   9.6273492e+02
   5.1000000e+01   8.0561852e+01   4.4200000e+02   9.4093903e+02
   4.4000000e+01   7.7482397e+01   4.1200000e+02   9.1840671e+02
   4.6000000e+01   7.4465716e+01   4.2000000e+02   8.9533465e+02
   3.2000000e+01   7.1521701e+01   4.2100000e+02   8.7187042e+02
   5.8000000e+01   6.8659642e+01   4.3200000e+02   8.4815744e+02
   2.6000000e+01   6.5845503e+01   3.9700000e+02   8.2404091e+02
   1.8000000e+01   6.3107640e+01   3.7000000e+02   7.9979550e+02
   4.2000000e+01   6.0451353e+01   3.4900000e+02   7.7553717e+02
   2.7000000e+01   5.7881946e+01   3.2600000e+02   7.5138190e+02
   8.0000000e+01   5.5397662e+01   3.8600000e+02   7.2737273e+02
   8.2000000e+01   5.2986439e+01   4.2200000e+02   7.0345208e+02
   5.1000000e+01   5.0656125e+01   4.2900000e+02   6.7976910e+02
   2.7000000e+01   4.8405456e+01   4.1500000e+02   6.5637786e+02
   3.0000000e+00   4.6232405e+01   3.6600000e+02   6.3332545e+02
   5.3000000e+01   4.4135972e+01   3.6200000e+02   6.1065257e+02
   2.8000000e+01   4.2124081e+01   3.5100000e+02   5.8839607e+02
   4.1000000e+01   4.0188860e+01   3.6400000e+02   5.6658096e+02
   3.3000000e+01   3.8327891e+01   3.4500000e+02   5.4522729e+02
   3.2000000e+01   3.6538275e+01   3.2600000e+02   5.2434821e+02
   3.2000000e+01   3.4816631e+01   3.1800000e+02   5.0394999e+02
   1.8000000e+01   3.3171403e+01   2.9900000e+02   4.8411151e+02
   4.2000000e+01   3.1594538e+01   3.0900000e+02   4.6480130e+02
   1.5000000e+01   3.0083493e+01   2.9900000e+02   4.4601967e+02
   3.9000000e+01   2.8635612e+01   3.2500000e+02   4.2776245e+02
   2.3000000e+01   2.7248014e+01   3.1400000e+02   4.1002025e+02
   4.1000000e+01   2.5923164e+01   2.7900000e+02   3.9285343e+02
   1.6000000e+01   2.4657900e+01   2.6000000e+02   3.7624434e+02
   8.0000000e+00   2.3449082e+01   2.1900000e+02   3.6017343e+02
   3.3000000e+01   2.2294472e+01   2.3400000e+02   3.4463105e+02
   4.5000000e+01   2.1191760e+01   2.5200000e+02   3.2960440e+02
   1.6000000e+01   2.0140209e+01   2.3900000e+02   3.1511426e+02
   2.1000000e+01   1.9138276e+01   2.3000000e+02   3.0116180e+02
   2.5000000e+01   1.8183275e+01   2.3600000e+02   2.8772100e+02
   2.2000000e+01   1.7273223e+01   2.2400000e+02   2.7478006e+02
   2.5000000e+01   1.6406131e+01   2.1800000e+02   2.6232535e+02
   3.8000000e+01   1.5580487e+01   2.2600000e+02   2.5035395e+02
   5.1000000e+01   1.4795026e+01   2.5800000e+02   2.3886759e+02
   3.2000000e+01   1.4047527e+01   2.8800000e+02   2.2784210e+02
   7.0000000e+01   1.3336232e+01   3.2100000e+02   2.1726363e+02
   2.3000000e+01   1.2659405e+01   3.1300000e+02   2.0711720e+02
   2.0000000e+01   1.2015573e+01   3.1900000e+02   1.9739217e+02
   7.0000000e+00   1.1403943e+01   2.8700000e+02   1.8809113e+02
   6.3000000e+01   1.0822476e+01   3.3700000e+02   1.7918812e+02
   8.1000000e+01   1.0269705e+01   3.7100000e+02   1.7066811e+02
   4.2000000e+01   9.7442003e+00   3.8900000e+02   1.6251540e+02
   3.3000000e+01   9.2445686e+00   3.8600000e+02   1.5471361e+02
   2.2000000e+01   8.7698084e+00   3.7700000e+02   1.4725747e+02
   3.3000000e+01   8.3190687e+00   3.7900000e+02   1.4014482e+02
   1.5000000e+01   7.8908836e+00   3.1000000e+02   1.3335105e+02
   5.2000000e+01   7.4841616e+00   2.9600000e+02   1.2686214e+02
   2.5000000e+01   7.0978631e+00   2.9200000e+02   1.2066388e+02
   2.7000000e+01   6.7310000e+00   2.8600000e+02   1.1474184e+02
   4.0000000e+00   6.3826546e+00   2.4700000e+02   1.0909576e+02
   1.6000000e+01   6.0519495e+00   2.2900000e+02   1.0371647e+02
   2.2000000e+01   5.7380486e+00   2.0600000e+02   9.8586647e+01
   4.0000000e+00   5.4401758e+00   1.7100000e+02   9.3695203e+01
   1.7000000e+01   5.1576071e+00   1.6100000e+02   8.9031221e+01
   1.1000000e+01   4.8896708e+00   1.3600000e+02   8.4583964e+01
   7.0000000e+00   4.6352379e+00   1.2600000e+02   8.0350893e+01
   6.2000000e+01   4.3937955e+00   1.4800000e+02   7.6320774e+01
   3.0000000e+00   4.1648075e+00   1.3500000e+02   7.2483739e+01
   5.0000000e+00   3.9477026e+00   1.2400000e+02   6.8831474e+01
   4.0000000e+00   3.7419520e+00   1.2000000e+02   6.5355998e+01
   0.0000000e+00   3.5470576e+00   9.4000000e+01   6.2049651e+01
   1.1000000e+01   3.3618979e+00   5.8000000e+01   5.8904179e+01
   1.1000000e+01   3.1863354e+00   5.3000000e+01   5.5912974e+01
   1.0000000e+00   3.0199032e+00   4.5000000e+01   5.3069243e+01
   5.0000000e+00   2.8621663e+00   4.1000000e+01   5.0366516e+01
   1.0000000e+00   2.7127215e+00   3.6000000e+01   4.7798638e+01
   5.0000000e+00   2.5711206e+00   3.4000000e+01   4.5359172e+01
   1.0000000e+01   2.4366762e+00   3.9000000e+01   4.3039847e+01
   6.0000000e+00   2.3092176e+00   3.6000000e+01   4.0836556e+01
   1.9000000e+01   2.1883980e+00   5.3000000e+01   3.8743864e+01
   1.0000000e+01   2.0738960e+00   6.0000000e+01   3.6756604e+01
   5.0000000e+00   1.9654148e+00   5.8000000e+01   3.4869871e+01
   0.0000000e+00   1.8625729e+00   5.2000000e+01   3.3078268e+01
   1.8000000e+01   1.7649545e+00   6.9000000e+01   3.1376254e+01
   1.6000000e+01   1.6724116e+00   8.1000000e+01   2.9760231e+01
   9.0000000e+00   1.5846998e+00   8.7000000e+01   2.8226029e+01
   1.4000000e+01   1.5015955e+00   9.6000000e+01   2.6769712e+01
   5.0000000e+00   1.4228958e+00   8.5000000e+01   2.5387582e+01
   1.0000000e+00   1.3483041e+00   8.0000000e+01   2.4075590e+01
   5.0000000e+00   1.2774714e+00   6.0000000e+01   2.2829547e+01
   8.0000000e+00   1.2103377e+00   4.3000000e+01   2.1646875e+01
   1.9000000e+01   1.1467311e+00   5.8000000e+01   2.0524555e+01
   2.6000000e+01   1.0864959e+00   8.2000000e+01   1.9459775e+01
   1.0000000e+01   1.0294923e+00   9.0000000e+01   1.8449940e+01
   1.8000000e+01   9.7548507e-01   9.2000000e+01   1.7491792e+01
   2.5000000e+01   9.2417073e-01   1.0900000e+02   1.6581628e+01
   1.2000000e+01   8.7554155e-01   1.1700000e+02   1.5718143e+01
   3.0000000e+00   8.2946948e-01   1.0600000e+02   1.4899178e+01
   1.5000000e+01   7.8583768e-01   1.1900000e+02   1.4122748e+01
   9.0000000e+00   7.4454047e-01   1.2100000e+02   1.3387044e+01
   2.1000000e+01   7.0542016e-01   1.3300000e+02   1.2689449e+01
   8.0000000e+00   6.6827437e-01   1.1600000e+02   1.2026654e+01
   1.4000000e+01   6.3308217e-01   1.0100000e+02   1.1398165e+01
   2.6000000e+01   5.9975193e-01   1.2100000e+02   1.0802392e+01
   1.1000000e+01   5.6820040e-01   1.2300000e+02   1.0237875e+01
   2.9000000e+01   5.3835269e-01   1.2800000e+02   9.7032865e+00
   1.7000000e+01   5.1008886e-01   1.3400000e+02   9.1966564e+00
   5.0000000e+00   4.8324302e-01   1.3400000e+02   8.7153626e+00
   1.8000000e+01   4.5781156e-01   1.1500000e+02   8.2591337e+00
   1.2000000e+01   4.3372612e-01   1.1100000e+02   7.8267737e+00
   1.5000000e+01   4.1092418e-01   1.1900000e+02   7.4171810e+00
   4.0000000e+00   3.8934916e-01   1.0600000e+02   7.0293489e+00
   4.0000000e+00   3.6891770e-01   9.8000000e+01   6.6618732e+00
   1.5000000e+01   3.4951455e-01   1.0400000e+02   6.3128747e+00
   1.1000000e+01   3.3113088e-01   1.0800000e+02   5.9820846e+00
   1.4000000e+01   3.1371651e-01   1.0600000e+02   5.6686165e+00
   8.0000000e+00   2.9722556e-01   1.0600000e+02   5.3716548e+00
   7.0000000e+00   2.8161646e-01   1.0200000e+02   5.0904548e+00
   0.0000000e+00   2.6683167e-01   9.6000000e+01   4.8240196e+00
   5.0000000e+00   2.5279133e-01   1.0100000e+02   4.5709992e+00
   8.0000000e+00   2.3948682e-01   1.0300000e+02   4.3311802e+00
   2.1000000e+01   2.2688270e-01   1.2100000e+02   4.1039246e+00
   9.0000000e+00   2.1494684e-01   1.2200000e+02   3.8886492e+00
   2.0000000e+00   2.0365039e-01   1.2000000e+02   3.6848251e+00
   7.0000000e+00   1.9295097e-01   8.4000000e+01   3.4917251e+00
   0.0000000e+00   1.8278468e-01   7.2000000e+01   3.3083028e+00
   6.0000000e+00   1.7315024e-01   5.9000000e+01   3.1344600e+00
   8.0000000e+00   1.6402236e-01   5.9000000e+01   2.9697416e+00
   6.0000000e+00   1.5537812e-01   6.5000000e+01   2.8137341e+00
   7.0000000e+00   1.4719704e-01   6.8000000e+01   2.6660651e+00
   2.0000000e+00   1.3944931e-01   6.5000000e+01   2.5262003e+00
   0.0000000e+00   1.3208813e-01   3.5000000e+01   2.3933108e+00
   3.0000000e+00   1.2511340e-01   3.2000000e+01   2.2673767e+00
   3.0000000e+00   1.1850726e-01   3.4000000e+01   2.1480696e+00
   1.0000000e+00   1.1225358e-01   3.2000000e+01   2.0350910e+00
   0.0000000e+00   1.0633798e-01   3.1000000e+01   1.9281724e+00
   3.0000000e+00   1.0073848e-01   2.6000000e+01   1.8269284e+00
   6.0000000e+00   9.5417480e-02   2.5000000e+01   1.7307309e+00
   1.0000000e+00   9.0377217e-02   2.1000000e+01   1.6395796e+00
   1.0000000e+00   8.5604480e-02   1.9000000e+01   1.5532342e+00
   2.0000000e+00   8.1087275e-02   2.0000000e+01   1.4714762e+00
   2.0000000e+00   7.6814823e-02   1.8000000e+01   1.3941085e+00
   2.0000000e+00   7.2771706e-02   2.0000000e+01   1.3208576e+00
   3.0000000e+00   6.8931616e-02   2.2000000e+01   1.2512689e+00
   0.0000000e+00   6.5295010e-02   2.2000000e+01   1.1853372e+00
   3.0000000e+00   6.1852121e-02   2.5000000e+01   1.1228872e+00
   1.0000000e+00   5.8594042e-02   1.7000000e+01   1.0637595e+00
   0.0000000e+00   5.5512723e-02   1.4000000e+01   1.0078100e+00
   4.0000000e+00   5.2597026e-02   1.5000000e+01   9.5484424e-01
   1.0000000e+00   4.9827590e-02   1.5000000e+01   9.0453129e-01
   0.0000000e+00   4.7204439e-02   1.3000000e+01   8.5686606e-01
   0.0000000e+00   4.4720231e-02   1.2000000e+01   8.1172134e-01
   0.0000000e+00   4.2368231e-02   1.2000000e+01   7.6898131e-01
   0.0000000e+00   4.0142308e-02   1.1000000e+01   7.2854150e-01
   1.0000000e+00   3.8034663e-02   9.0000000e+00   6.9025982e-01
   0.0000000e+00   3.6032413e-02   9.0000000e+00   6.5388316e-01
   0.0000000e+00   3.4134837e-02   2.0000000e+00   6.1941847e-01
   1.0000000e+00   3.2336699e-02   3.0000000e+00   5.8677388e-01
   1.0000000e+00   3.0633233e-02   2.0000000e+00   5.5586595e-01
   0.0000000e+00   2.9020141e-02   2.0000000e+00   5.2661965e-01
   1.0000000e+00   2.7493591e-02   3.0000000e+00   4.9896835e-01
