   0.0000000e+00   2.2125537e+02   7.9400000e+02   7.9400000e+02
   2.1500000e+02   2.3376874e+02   9.2000000e+02   9.2721763e+02
   1.7800000e+02   2.4677417e+02   1.0920000e+03   1.0586980e+03
   1.1100000e+02   2.6026392e+02   1.1350000e+03   1.1890768e+03
   1.4900000e+02   2.7422796e+02   1.2390000e+03   1.3189459e+03
   1.8200000e+02   2.8865123e+02   1.2610000e+03   1.4488031e+03
   5.3500000e+02   3.0351313e+02   1.5990000e+03   1.5790600e+03
   2.6100000e+02   3.1879013e+02   1.7720000e+03   1.7100928e+03
   1.3300000e+02   3.3445331e+02   1.8800000e+03   1.8422163e+03
   2.5200000e+02   3.5046604e+02   1.8580000e+03   1.9756605e+03
   3.6000000e+02   3.6679029e+02   1.7740000e+03   2.1105934e+03
   3.7400000e+02   3.8338206e+02   2.0600000e+03   2.2471173e+03
   3.4900000e+02   4.0018934e+02   2.0570000e+03   2.3853213e+03
   2.7600000e+02   4.1715612e+02   2.0160000e+03   2.5252141e+03
   1.2000000e+02   4.3422304e+02   2.0300000e+03   2.6667127e+03
   3.9200000e+02   4.5132466e+02   2.2170000e+03   2.8096888e+03
   4.9600000e+02   4.6839401e+02   2.5380000e+03   2.9540615e+03
   5.8600000e+02   4.8535551e+02   2.7860000e+03   3.0995816e+03
   4.0200000e+02   5.0212963e+02   2.8940000e+03   3.2459721e+03
   4.5500000e+02   5.1863603e+02   3.0010000e+03   3.3929237e+03
   4.9200000e+02   5.3480714e+02   3.3010000e+03   3.5401592e+03
   4.9500000e+02   5.5054843e+02   3.4220000e+03   3.6872354e+03
   5.3700000e+02   5.6576991e+02   3.6130000e+03   3.8337003e+03
   4.0500000e+02   5.8039823e+02   3.7480000e+03   3.9791250e+03
   6.8200000e+02   5.9436696e+02   4.2970000e+03   4.1230692e+03
   4.4900000e+02   6.0757913e+02   4.4540000e+03   4.2649455e+03
   4.4200000e+02   6.1994885e+02   4.5100000e+03   4.4041701e+03
   4.5200000e+02   6.3143668e+02   4.4960000e+03   4.5403302e+03
   3.5400000e+02   6.4197283e+02   4.5480000e+03   4.6728423e+03
   5.0400000e+02   6.5148218e+02   4.5970000e+03   4.8010634e+03
   5.1100000e+02   6.5990746e+02   4.6160000e+03   4.9243799e+03
   4.2500000e+02   6.6733070e+02   4.6460000e+03   5.0425965e+03
   5.4700000e+02   6.7360894e+02   4.7550000e+03   5.1550229e+03
   6.3800000e+02   6.7868709e+02   4.9880000e+03   5.2611310e+03
   7.7300000e+02   6.8251008e+02   5.1790000e+03   5.3603925e+03
   5.2700000e+02   6.8505407e+02   5.2570000e+03   5.4523534e+03
   4.0500000e+02   6.8659378e+02   5.2200000e+03   5.5372680e+03
   5.6500000e+02   6.8692145e+02   5.3330000e+03   5.6142459e+03
   7.6200000e+02   6.8601638e+02   5.7410000e+03   5.6828404e+03
   5.7100000e+02   6.8385789e+02   5.8080000e+03   5.7426049e+03
   6.6100000e+02   6.8048225e+02   5.9580000e+03   5.7933446e+03
   2.2700000e+02   6.7625240e+02   5.7600000e+03   5.8363078e+03
   4.8500000e+02   6.7096726e+02   5.6980000e+03   5.8702510e+03
   5.5200000e+02   6.6464876e+02   5.6620000e+03   5.8949157e+03
   6.1800000e+02   6.5731881e+02   5.5590000e+03   5.9100438e+03
   8.4600000e+02   6.4904892e+02   5.8780000e+03   5.9158176e+03
   7.6400000e+02   6.4009538e+02   6.1370000e+03   5.9140618e+03
   5.2200000e+02   6.3036794e+02   6.1410000e+03   5.9035214e+03
   8.1900000e+02   6.1991644e+02   6.1980000e+03   5.8841861e+03
   1.0230000e+03   6.0879069e+02   6.6500000e+03   5.8560455e+03
   6.2900000e+02   5.9706565e+02   6.6180000e+03   5.8195960e+03
   6.0300000e+02   5.8487862e+02   6.8140000e+03   5.7765926e+03
   7.1700000e+02   5.7223671e+02   7.0460000e+03   5.7261631e+03
   5.3800000e+02   5.5920101e+02   7.0710000e+03   5.6685244e+03
   6.0100000e+02   5.4583262e+02   7.0930000e+03   5.6038936e+03
   8.1800000e+02   5.3219405e+02   7.0650000e+03   5.5329055e+03
   5.5900000e+02   5.1835021e+02   6.8940000e+03   5.4568774e+03
   5.0500000e+02   5.0436026e+02   6.9110000e+03   5.3754706e+03
   6.6000000e+02   4.9028582e+02   6.7830000e+03   5.2890553e+03
   6.6400000e+02   4.7618850e+02   6.6570000e+03   5.1980015e+03
   5.7000000e+02   4.6209696e+02   6.4570000e+03   5.1028568e+03
   5.5500000e+02   4.4799245e+02   6.2410000e+03   5.0044240e+03
   7.3300000e+02   4.3397750e+02   6.2870000e+03   4.9028529e+03
   5.1700000e+02   4.2010221e+02   6.2030000e+03   4.7985755e+03
   6.7800000e+02   4.0641671e+02   6.2800000e+03   4.6920238e+03
   4.9500000e+02   3.9291420e+02   5.9570000e+03   4.5835506e+03
   5.6700000e+02   3.7951627e+02   5.9650000e+03   4.4734092e+03
   4.9600000e+02   3.6633900e+02   5.9560000e+03   4.3621232e+03
   4.8500000e+02   3.5341358e+02   5.7810000e+03   4.2500983e+03
   4.7600000e+02   3.4077122e+02   5.5930000e+03   4.1377401e+03
   2.8300000e+02   3.2840122e+02   5.2050000e+03   4.0252049e+03
   3.4700000e+02   3.1624718e+02   4.9270000e+03   3.9123765e+03
   3.1900000e+02   3.0438563e+02   4.5130000e+03   3.7999305e+03
   4.6100000e+02   2.9283449e+02   4.4420000e+03   3.6881936e+03
   4.3000000e+02   2.8161166e+02   4.3440000e+03   3.5774921e+03
   3.0600000e+02   2.7070147e+02   4.1550000e+03   3.4678428e+03
   5.0300000e+02   2.6005667e+02   4.0910000e+03   3.3589713e+03
   2.8600000e+02   2.4972920e+02   3.8810000e+03   3.2515179e+03
   3.7700000e+02   2.3972677e+02   3.7730000e+03   3.1457151e+03
   3.6200000e+02   2.3005708e+02   3.6590000e+03   3.0417952e+03
   3.0100000e+02   2.2070913e+02   3.6770000e+03   2.9397714e+03
   2.2300000e+02   2.1165069e+02   3.5330000e+03   2.8394118e+03
   1.7500000e+02   2.0289889e+02   3.3890000e+03   2.7410622e+03
   1.9200000e+02   1.9444777e+02   3.1200000e+03   2.6447982e+03
   1.5700000e+02   1.8628989e+02   2.8320000e+03   2.5506782e+03
   1.4200000e+02   1.7842056e+02   2.6680000e+03   2.4587586e+03
   1.7200000e+02   1.7084834e+02   2.3370000e+03   2.3691290e+03
   2.0400000e+02   1.6355569e+02   2.2550000e+03   2.2817781e+03
   1.3900000e+02   1.5653406e+02   2.0170000e+03   2.1967135e+03
   1.6300000e+02   1.4977392e+02   1.8180000e+03   2.1139276e+03
   2.1200000e+02   1.4326621e+02   1.7290000e+03   2.0334096e+03
   1.3300000e+02   1.3702249e+02   1.6390000e+03   1.9553085e+03
   1.0100000e+02   1.3102317e+02   1.5650000e+03   1.8795134e+03
   1.5400000e+02   1.2525968e+02   1.5270000e+03   1.8059955e+03
   1.1900000e+02   1.1972299e+02   1.4540000e+03   1.7347152e+03
   1.0800000e+02   1.1440363e+02   1.4200000e+03   1.6656221e+03
   1.2500000e+02   1.0930801e+02   1.3730000e+03   1.5988461e+03
   1.6800000e+02   1.0442229e+02   1.3370000e+03   1.5342744e+03
   1.4300000e+02   9.9738260e+01   1.3410000e+03   1.4718543e+03
   9.4000000e+01   9.5248456e+01   1.2520000e+03   1.4115365e+03
   1.6700000e+02   9.0945353e+01   1.2070000e+03   1.3532651e+03
   1.2600000e+02   8.6826570e+01   1.2000000e+03   1.2970815e+03
   1.9900000e+02   8.2884804e+01   1.2980000e+03   1.2429244e+03
   1.1200000e+02   7.9112643e+01   1.2560000e+03   1.1907252e+03
   8.6000000e+01   7.5503758e+01   1.2230000e+03   1.1404319e+03
   1.8000000e+01   7.2051891e+01   1.1330000e+03   1.0919887e+03
   7.3000000e+01   6.8751478e+01   1.0810000e+03   1.0453814e+03
   7.4000000e+01   6.5596712e+01   9.8700000e+02   1.0005688e+03
   9.0000000e+01   6.2581520e+01   9.3400000e+02   9.5748173e+02
   7.7000000e+01   5.9700170e+01   9.1700000e+02   9.1606661e+02
   6.7000000e+01   5.6947030e+01   8.1700000e+02   8.7626817e+02
   9.5000000e+01   5.4319337e+01   7.8600000e+02   8.3804175e+02
   6.8000000e+01   5.1812703e+01   6.5500000e+02   8.0135349e+02
   8.8000000e+01   4.9419041e+01   6.3100000e+02   7.6614932e+02
   1.1700000e+02   4.7132730e+01   6.6200000e+02   7.3238160e+02
   9.1000000e+01   4.4948149e+01   7.0000000e+02   7.0000269e+02
   7.1000000e+01   4.2859680e+01   6.9800000e+02   6.6896497e+02
   1.0200000e+02   4.0861702e+01   7.7600000e+02   6.3922079e+02
   1.1700000e+02   3.8962679e+01   8.5300000e+02   6.1073205e+02
   4.7000000e+01   3.7153614e+01   8.7300000e+02   5.8344884e+02
   3.3000000e+01   3.5426779e+01   8.3900000e+02   5.5732209e+02
   5.9000000e+01   3.3777565e+01   8.0300000e+02   5.3230485e+02
   4.3000000e+01   3.2201365e+01   7.7800000e+02   5.0835017e+02
   5.8000000e+01   3.0693572e+01   7.4800000e+02   4.8541110e+02
   7.4000000e+01   2.9250497e+01   7.0500000e+02   4.6344458e+02
   2.4000000e+01   2.7881896e+01   6.3800000e+02   4.4246447e+02
   2.5000000e+01   2.6575833e+01   5.9200000e+02   4.2239280e+02
   3.7000000e+01   2.5328913e+01   5.2700000e+02   4.0318775e+02
   5.1000000e+01   2.4137744e+01   4.6100000e+02   3.8480752e+02
   2.8000000e+01   2.2998933e+01   4.4200000e+02   3.6721030e+02
   3.4000000e+01   2.1914551e+01   4.4300000e+02   3.5040168e+02
   4.6000000e+01   2.0883257e+01   4.3000000e+02   3.3435765e+02
   6.7000000e+01   1.9899653e+01   4.5400000e+02   3.1901901e+02
   1.9000000e+01   1.8961127e+01   4.1500000e+02   3.0435074e+02
   2.6000000e+01   1.8065064e+01   3.6700000e+02   2.9031776e+02
   2.3000000e+01   1.7209518e+01   3.6600000e+02   2.7689336e+02
   2.3000000e+01   1.6397592e+01   3.6400000e+02   2.6411349e+02
   2.2000000e+01   1.5623696e+01   3.4900000e+02   2.5190615e+02
   1.6000000e+01   1.4885734e+01   3.1400000e+02   2.4024271e+02
   1.5000000e+01   1.4181608e+01   3.0100000e+02   2.2909455e+02
   1.0000000e+01   1.3509221e+01   2.7700000e+02   2.1843303e+02
   3.0000000e+00   1.2869707e+01   2.3400000e+02   2.0827079e+02
   1.0000000e+01   1.2261630e+01   1.7700000e+02   1.9858767e+02
   1.0000000e+01   1.1681988e+01   1.6800000e+02   1.8934346e+02
   4.1000000e+01   1.1129102e+01   1.8300000e+02   1.8051488e+02
   1.2000000e+01   1.0601294e+01   1.7200000e+02   1.7207868e+02
   3.3000000e+01   1.0097557e+01   1.8200000e+02   1.6401970e+02
   1.3000000e+01   9.6199449e+00   1.7300000e+02   1.5635999e+02
   3.4000000e+01   9.1647938e+00   1.9100000e+02   1.4905216e+02
   2.2000000e+01   8.7307890e+00   1.9800000e+02   1.4207736e+02
   2.1000000e+01   8.3166157e+00   2.0900000e+02   1.3541671e+02
   1.1000000e+01   7.9209593e+00   2.1000000e+02   1.2905136e+02
   1.2000000e+01   7.5443336e+00   2.1200000e+02   1.2298539e+02
   2.5000000e+01   7.1859088e+00   2.2400000e+02   1.1720593e+02
   1.5000000e+01   6.8443213e+00   1.9800000e+02   1.1169347e+02
   2.1000000e+01   6.5188178e+00   1.8400000e+02   1.0643611e+02
   1.3000000e+01   6.2086997e+00   1.6400000e+02   1.0142266e+02
   3.9000000e+01   5.9133235e+00   1.9000000e+02   9.6642622e+01
   1.3000000e+01   5.6317366e+00   1.9000000e+02   9.2083211e+01
   1.0000000e+01   5.3632009e+00   1.7800000e+02   8.7733629e+01
   1.4000000e+01   5.1073400e+00   1.7100000e+02   8.3586242e+01
   1.0000000e+01   4.8636259e+00   1.7000000e+02   7.9632422e+01
   1.4000000e+01   4.6315759e+00   1.7100000e+02   7.5864149e+01
   1.6000000e+01   4.4107531e+00   1.6200000e+02   7.2274012e+01
   1.6000000e+01   4.2003801e+00   1.6300000e+02   6.8851358e+01
   1.2000000e+01   3.9996512e+00   1.5300000e+02   6.5585404e+01
   4.0000000e+00   3.8084784e+00   1.4300000e+02   6.2472672e+01
   8.0000000e+00   3.6264630e+00   1.1200000e+02   5.9506738e+01
   5.0000000e+00   3.4532387e+00   9.9000000e+01   5.6681656e+01
   6.0000000e+00   3.2884723e+00   9.5000000e+01   5.3991958e+01
   1.4000000e+01   3.1316450e+00   9.5000000e+01   5.1429916e+01
   1.3000000e+01   2.9819892e+00   9.8000000e+01   4.8984733e+01
   8.0000000e+00   2.8394907e+00   9.2000000e+01   4.6655156e+01
   4.0000000e+00   2.7038318e+00   8.0000000e+01   4.4436185e+01
   5.0000000e+00   2.5747172e+00   6.9000000e+01   4.2323164e+01
   6.0000000e+00   2.4518737e+00   6.3000000e+01   4.0311786e+01
   1.1000000e+01   2.3349797e+00   7.0000000e+01   3.8396961e+01
   8.0000000e+00   2.2234720e+00   7.0000000e+01   3.6569758e+01
   9.0000000e+00   2.1172888e+00   7.4000000e+01   3.4829206e+01
   1.2000000e+01   2.0161846e+00   8.0000000e+01   3.3171407e+01
   2.0000000e+00   1.9199305e+00   6.8000000e+01   3.1592720e+01
   7.0000000e+00   1.8283141e+00   6.2000000e+01   3.0089762e+01
   2.0000000e+00   1.7411245e+00   5.6000000e+01   2.8659146e+01
   7.0000000e+00   1.6579607e+00   5.9000000e+01   2.7294239e+01
   8.0000000e+00   1.5787545e+00   6.2000000e+01   2.5994026e+01
   2.0000000e+00   1.5033258e+00   5.8000000e+01   2.4755571e+01
   5.0000000e+00   1.4315079e+00   5.2000000e+01   2.3576141e+01
   6.0000000e+00   1.3631477e+00   5.0000000e+01   2.2453207e+01
   1.2000000e+01   1.2981055e+00   5.3000000e+01   2.1384442e+01
   4.0000000e+00   1.2360280e+00   4.5000000e+01   2.0364485e+01
   6.0000000e+00   1.1768919e+00   4.9000000e+01   1.9392694e+01
   3.0000000e+00   1.1205754e+00   4.5000000e+01   1.8467031e+01
   3.0000000e+00   1.0669599e+00   4.6000000e+01   1.7585518e+01
   5.0000000e+00   1.0159374e+00   4.4000000e+01   1.6746340e+01
   5.0000000e+00   9.6741089e-01   4.1000000e+01   1.5947848e+01
   8.0000000e+00   9.2118556e-01   4.3000000e+01   1.5187088e+01
   3.0000000e+00   8.7706909e-01   4.1000000e+01   1.4461159e+01
   1.0000000e+01   8.3505909e-01   4.5000000e+01   1.3769752e+01
   2.0000000e+00   7.9506630e-01   3.5000000e+01   1.3111400e+01
   0.0000000e+00   7.5700917e-01   3.1000000e+01   1.2484762e+01
   5.0000000e+00   7.2081394e-01   3.0000000e+01   1.1888619e+01
   2.0000000e+00   6.8641458e-01   2.9000000e+01   1.1321877e+01
   4.0000000e+00   6.5367908e-01   2.9000000e+01   1.0782434e+01
   1.0000000e+00   6.2250097e-01   2.2000000e+01   1.0268585e+01
