   0.0000000e+00   5.4251835e+01   3.8000000e+02   3.8000000e+02
   1.7000000e+01   5.7602245e+01   3.7800000e+02   4.0463161e+02
   6.8000000e+01   6.1065119e+01   4.3700000e+02   4.3064960e+02
   3.8000000e+01   6.4631916e+01   4.4300000e+02   4.5805172e+02
   5.3000000e+01   6.8289026e+01   4.7700000e+02   4.8680833e+02
   3.0000000e+01   7.2025261e+01   5.0100000e+02   5.1690706e+02
   5.1000000e+01   7.5830158e+01   5.0600000e+02   5.4833688e+02
   4.3000000e+01   7.9678822e+01   5.1700000e+02   5.8099978e+02
   6.4000000e+01   8.3558455e+01   5.2900000e+02   6.1487151e+02
   5.8000000e+01   8.7455639e+01   5.4000000e+02   6.4992407e+02
   1.0400000e+02   9.1337742e+01   6.0900000e+02   6.8597891e+02
   7.8000000e+01   9.5189009e+01   6.7100000e+02   7.2299195e+02
   9.8000000e+01   9.8991431e+01   7.3800000e+02   7.6090117e+02
   1.0600000e+02   1.0271188e+02   8.0500000e+02   7.9946304e+02
   1.2300000e+02   1.0633115e+02   9.0700000e+02   8.3860676e+02
   5.5000000e+01   1.0982729e+02   9.3200000e+02   8.7822687e+02
   9.0000000e+01   1.1317433e+02   1.0030000e+03   9.1804443e+02
   7.2000000e+01   1.1634986e+02   9.9300000e+02   9.5795705e+02
   5.9000000e+01   1.1933055e+02   9.8500000e+02   9.9781713e+02
   6.7000000e+01   1.2211169e+02   9.8500000e+02   1.0373011e+03
   8.2000000e+01   1.2466315e+02   1.0030000e+03   1.0763188e+03
   8.0000000e+01   1.2696369e+02   9.9000000e+02   1.1146985e+03
   9.2000000e+01   1.2899217e+02   9.4800000e+02   1.1522674e+03
   1.2800000e+02   1.3076515e+02   9.4700000e+02   1.1887881e+03
   1.0700000e+02   1.3226609e+02   9.7900000e+02   1.2240800e+03
   1.1800000e+02   1.3347110e+02   1.0180000e+03   1.2579752e+03
   1.1500000e+02   1.3436564e+02   1.0520000e+03   1.2902898e+03
   1.3400000e+02   1.3497089e+02   1.1300000e+03   1.3208985e+03
   1.6300000e+02   1.3531112e+02   1.2360000e+03   1.3496818e+03
   1.2500000e+02   1.3535606e+02   1.3010000e+03   1.3764294e+03
   1.4100000e+02   1.3510138e+02   1.3670000e+03   1.4009744e+03
   1.9000000e+02   1.3455941e+02   1.4950000e+03   1.4232282e+03
   1.1000000e+02   1.3379332e+02   1.5400000e+03   1.4433428e+03
   1.4500000e+02   1.3277303e+02   1.5690000e+03   1.4610292e+03
   1.2000000e+02   1.3150485e+02   1.5860000e+03   1.4761706e+03
   2.0100000e+02   1.2999511e+02   1.6900000e+03   1.4886501e+03
   1.4400000e+02   1.2831216e+02   1.7400000e+03   1.4989323e+03
   1.5700000e+02   1.2644056e+02   1.7480000e+03   1.5066963e+03
   1.5600000e+02   1.2439365e+02   1.7560000e+03   1.5118910e+03
   1.6400000e+02   1.2218531e+02   1.8370000e+03   1.5144707e+03
   1.7100000e+02   1.1984611e+02   1.8580000e+03   1.5148006e+03
   1.1200000e+02   1.1739198e+02   1.7880000e+03   1.5128855e+03
   1.3400000e+02   1.1483539e+02   1.8370000e+03   1.5086440e+03
   1.3100000e+02   1.1219307e+02   1.8250000e+03   1.5021003e+03
   1.2200000e+02   1.0947869e+02   1.8180000e+03   1.4934334e+03
   1.1500000e+02   1.0670364e+02   1.7260000e+03   1.4829361e+03
   7.7000000e+01   1.0388686e+02   1.6910000e+03   1.4705219e+03
   1.1000000e+02   1.0104401e+02   1.6350000e+03   1.4562695e+03
   1.1000000e+02   9.8189526e+01   1.6210000e+03   1.4402686e+03
   8.7000000e+01   9.5311644e+01   1.6080000e+03   1.4228412e+03
   1.1600000e+02   9.2436533e+01   1.5800000e+03   1.4039727e+03
   7.8000000e+01   8.9576490e+01   1.5260000e+03   1.3837717e+03
   5.9000000e+01   8.6743812e+01   1.4480000e+03   1.3623467e+03
   6.1000000e+01   8.3928778e+01   1.4140000e+03   1.3398429e+03
   5.6000000e+01   8.1139873e+01   1.3560000e+03   1.3163752e+03
   6.7000000e+01   7.8391741e+01   1.3430000e+03   1.2920481e+03
   4.8000000e+01   7.5692804e+01   1.2940000e+03   1.2669767e+03
   2.7000000e+01   7.3042536e+01   1.2630000e+03   1.2412501e+03
   6.9000000e+01   7.0432268e+01   1.1970000e+03   1.2149336e+03
   7.9000000e+01   6.7877431e+01   1.1870000e+03   1.1881626e+03
   4.6000000e+01   6.5383117e+01   1.1690000e+03   1.1610424e+03
   3.1000000e+01   6.2953973e+01   1.1330000e+03   1.1336751e+03
   5.9000000e+01   6.0578235e+01   1.1420000e+03   1.1060456e+03
   1.0300000e+02   5.8263797e+01   1.2230000e+03   1.0782857e+03
   5.0000000e+01   5.6010908e+01   1.2180000e+03   1.0504701e+03
   2.0000000e+01   5.3819206e+01   1.1840000e+03   1.0226695e+03
   2.1000000e+01   5.1689773e+01   1.0330000e+03   9.9494195e+02
   2.6000000e+01   4.9627584e+01   8.4300000e+02   9.6732096e+02
   5.5000000e+01   4.7628997e+01   8.1800000e+02   9.3987290e+02
   4.2000000e+01   4.5693277e+01   7.5100000e+02   9.1264438e+02
   6.8000000e+01   4.3819309e+01   7.7100000e+02   8.8567725e+02
   4.2000000e+01   4.2008402e+01   7.4800000e+02   8.5901437e+02
   4.0000000e+01   4.0261254e+01   7.0900000e+02   8.3269335e+02
   3.6000000e+01   3.8575336e+01   7.2300000e+02   8.0674117e+02
   2.7000000e+01   3.6949432e+01   7.1300000e+02   7.8118351e+02
   2.4000000e+01   3.5382103e+01   6.6700000e+02   7.5604162e+02
   1.7000000e+01   3.3873746e+01   6.1500000e+02   7.3135882e+02
   2.6000000e+01   3.2422645e+01   6.0100000e+02   7.0714964e+02
   3.1000000e+01   3.1026949e+01   5.6100000e+02   6.8342542e+02
   3.0000000e+00   2.9684990e+01   5.0600000e+02   6.6019818e+02
   1.9000000e+01   2.8395049e+01   4.5100000e+02   6.3747787e+02
   5.0000000e+00   2.7157190e+01   4.3800000e+02   6.1529673e+02
   2.3000000e+01   2.5968766e+01   3.5400000e+02   5.9364930e+02
   1.9000000e+01   2.4827982e+01   3.2000000e+02   5.7254004e+02
   1.4000000e+01   2.3732944e+01   2.6600000e+02   5.5197062e+02
   2.2000000e+01   2.2682328e+01   2.3600000e+02   5.3194548e+02
   2.0000000e+01   2.1675861e+01   2.4300000e+02   5.1247593e+02
   2.8000000e+01   2.0710973e+01   2.5500000e+02   4.9355206e+02
   3.0000000e+00   1.9785987e+01   2.3200000e+02   4.7516948e+02
   2.5000000e+01   1.8899195e+01   2.3100000e+02   4.5732156e+02
   3.2000000e+01   1.8049584e+01   2.4100000e+02   4.4000888e+02
   2.6000000e+01   1.7236175e+01   2.5300000e+02   4.2322947e+02
   1.4000000e+01   1.6457411e+01   2.4800000e+02   4.0697187e+02
   1.9000000e+01   1.5712152e+01   2.4900000e+02   3.9122814e+02
   2.2000000e+01   1.4999372e+01   2.5800000e+02   3.7598959e+02
   2.1000000e+01   1.4318165e+01   2.5400000e+02   3.6124688e+02
   2.1000000e+01   1.3665850e+01   2.5200000e+02   3.4699264e+02
   1.9000000e+01   1.3041633e+01   2.4200000e+02   3.3321689e+02
   3.8000000e+01   1.2444792e+01   2.7500000e+02   3.1990950e+02
   2.0000000e+01   1.1874320e+01   2.5800000e+02   3.0706080e+02
   2.2000000e+01   1.1329274e+01   2.6000000e+02   2.9466125e+02
   2.2000000e+01   1.0808779e+01   2.5800000e+02   2.8270155e+02
   1.1000000e+01   1.0311121e+01   2.4800000e+02   2.7116342e+02
   2.5000000e+01   9.8358377e+00   2.5000000e+02   2.6004114e+02
   1.9000000e+01   9.3820652e+00   2.4500000e+02   2.4932474e+02
   2.0000000e+01   8.9489871e+00   2.5800000e+02   2.3900460e+02
   2.6000000e+01   8.5358341e+00   2.4900000e+02   2.2907163e+02
   4.4000000e+01   8.1417411e+00   2.6900000e+02   2.1951475e+02
   2.0000000e+01   7.7653414e+00   2.7200000e+02   2.1031380e+02
   2.3000000e+01   7.4061872e+00   2.7700000e+02   2.0146485e+02
   2.7000000e+01   7.0634887e+00   2.8200000e+02   1.9295789e+02
   4.1000000e+01   6.7364708e+00   2.9600000e+02   1.8478322e+02
   4.1000000e+01   6.4243707e+00   3.2800000e+02   1.7693157e+02
   3.5000000e+01   6.1265454e+00   3.3700000e+02   1.6939045e+02
   3.8000000e+01   5.8424286e+00   3.5400000e+02   1.6214565e+02
   2.2000000e+01   5.5712525e+00   3.5200000e+02   1.5519044e+02
   2.0000000e+01   5.3123685e+00   3.5700000e+02   1.4851493e+02
   2.8000000e+01   5.0651459e+00   3.5200000e+02   1.4210939e+02
   4.7000000e+01   4.8289705e+00   3.8400000e+02   1.3596437e+02
   3.3000000e+01   4.6035499e+00   3.9800000e+02   1.3006965e+02
   3.1000000e+01   4.3884632e+00   4.0200000e+02   1.2441576e+02
   4.0000000e+01   4.1831448e+00   4.0800000e+02   1.1899400e+02
   5.1000000e+01   3.9871868e+00   4.1200000e+02   1.1379552e+02
   5.2000000e+01   3.8002186e+00   4.3300000e+02   1.0881173e+02
   1.8000000e+01   3.6219078e+00   4.1100000e+02   1.0403430e+02
   5.7000000e+01   3.4516935e+00   4.2400000e+02   9.9455780e+01
   6.0000000e+01   3.2893290e+00   4.7000000e+02   9.5068407e+01
   5.4000000e+01   3.1345568e+00   4.8800000e+02   9.0864850e+01
   6.2000000e+01   2.9871135e+00   5.2400000e+02   8.6838211e+01
   2.7000000e+01   2.8467636e+00   5.1800000e+02   8.2981974e+01
   5.1000000e+01   2.7132506e+00   5.2000000e+02   7.9289929e+01
   4.9000000e+01   2.5854257e+00   5.3200000e+02   7.5754096e+01
   1.9000000e+01   2.4636024e+00   5.0200000e+02   7.2369191e+01
   5.5000000e+01   2.3475362e+00   5.2500000e+02   6.9129383e+01
   5.5000000e+01   2.2370002e+00   5.3900000e+02   6.6029097e+01
  -1.9000000e+01   2.1317855e+00   5.2200000e+02   6.3063017e+01
   4.7000000e+01   2.0317006e+00   5.2300000e+02   6.0226083e+01
   1.6000000e+01   1.9363791e+00   5.1300000e+02   5.7512485e+01
   4.3000000e+01   1.8453034e+00   5.0200000e+02   5.4915789e+01
   2.9000000e+01   1.7585266e+00   4.7500000e+02   5.2432705e+01
   1.6000000e+01   1.6758506e+00   4.6800000e+02   5.0058799e+01
   3.1000000e+01   1.5970888e+00   4.5900000e+02   4.7789857e+01
   4.6000000e+01   1.5220656e+00   4.4400000e+02   4.5621893e+01
   4.1000000e+01   1.4506168e+00   4.4800000e+02   4.3551139e+01
   3.0000000e+01   1.3824712e+00   4.4900000e+02   4.1571188e+01
   3.1000000e+01   1.3174610e+00   4.6000000e+02   3.9678092e+01
   3.1000000e+01   1.2554805e+00   4.5500000e+02   3.7869355e+01
   4.9000000e+01   1.1963855e+00   4.7400000e+02   3.6141510e+01
   1.9000000e+01   1.1400414e+00   4.7100000e+02   3.4491262e+01
   1.4000000e+01   1.0863226e+00   4.4600000e+02   3.2915492e+01
   5.0000000e+00   1.0351127e+00   4.2200000e+02   3.1411255e+01
   1.5000000e+01   9.8624161e-01   4.1100000e+02   2.9972888e+01
   5.1000000e+01   9.3963686e-01   4.0100000e+02   2.8598967e+01
   2.5000000e+01   8.9520422e-01   3.7600000e+02   2.7286817e+01
   0.0000000e+00   8.5285561e-01   3.7600000e+02   2.6033796e+01
   4.6000000e+01   8.1251147e-01   3.6200000e+02   2.4837408e+01
   2.4000000e+01   7.7410076e-01   3.6200000e+02   2.3695298e+01
   2.3000000e+01   7.3751510e-01   3.5500000e+02   2.2604876e+01
   1.2000000e+01   7.0254447e-01   3.4900000e+02   2.1562780e+01
   2.1000000e+01   6.6922178e-01   3.5000000e+02   2.0567734e+01
   8.0000000e+00   6.3748340e-01   3.1000000e+02   1.9617737e+01
   1.7000000e+01   6.0727193e-01   3.0800000e+02   1.8710907e+01
   2.4000000e+01   5.7853627e-01   3.0900000e+02   1.7845492e+01
   2.0000000e+01   5.5123157e-01   3.0300000e+02   1.7019860e+01
   4.0000000e+00   5.2522146e-01   2.8200000e+02   1.6231726e+01
   1.5000000e+01   5.0039762e-01   2.7800000e+02   1.5479103e+01
   3.0000000e+00   4.7675819e-01   2.6100000e+02   1.4760924e+01
   5.0000000e+00   4.5424653e-01   2.3300000e+02   1.4075765e+01
   8.0000000e+00   4.3280871e-01   2.3200000e+02   1.3422293e+01
   9.0000000e+00   4.1239308e-01   2.1200000e+02   1.2799229e+01
   1.2000000e+01   3.9294002e-01   2.1600000e+02   1.2204143e+01
   1.1000000e+01   3.7440762e-01   2.1900000e+02   1.1636454e+01
   1.1000000e+01   3.5675069e-01   2.2100000e+02   1.1094981e+01
  -1.2000000e+01   3.3992657e-01   1.7600000e+02   1.0578619e+01
   8.0000000e+00   3.2389504e-01   1.6500000e+02   1.0086331e+01
   8.0000000e+00   3.0861624e-01   1.4300000e+02   9.6167266e+00
   6.0000000e+00   2.9405316e-01   1.2900000e+02   9.1685599e+00
   1.1000000e+01   2.8017364e-01   1.3000000e+02   8.7411271e+00
   1.1000000e+01   2.6694660e-01   1.3900000e+02   8.3335169e+00
   4.0000000e+00   2.5434336e-01   1.3800000e+02   7.9448744e+00
   9.0000000e+00   2.4233693e-01   1.1900000e+02   7.5743833e+00
   5.0000000e+00   2.3087726e-01   1.1500000e+02   7.2206723e+00
   0.0000000e+00   2.1995374e-01   1.1100000e+02   6.8833147e+00
   0.0000000e+00   2.0954337e-01   9.9000000e+01   6.5615860e+00
   9.0000000e+00   1.9962523e-01   9.8000000e+01   6.2548088e+00
   1.1000000e+01   1.9018041e-01   9.2000000e+01   5.9623528e+00
   5.0000000e+00   1.8119204e-01   8.8000000e+01   5.6836353e+00
