1 4083315
2 4083315
3 4083315
4 4083315
5 4083315
6 4083315
7 4083315
8 4083315
9 4083315
10 4083315
11 4083315
12 4083315
13 4083315
14 4083315
15 4083315
16 4083315
17 4083315
18 4083315
19 4083315
20 4083315
21 4083315
22 4083315
23 4083315
24 4083315
25 4083315
26 4083315
27 4083315
28 4083315
29 4083315
30 4083315
31 4083315
32 4083315
33 4083315
34 4083315
35 4083315
36 4083315
37 4083315
38 4083315
39 4083315
40 4083315
41 4083315
42 4083315
43 4083315
44 4083315
45 4083315
46 4083315
47 4083315
48 4083315
49 4083315
50 4083315
51 4083315
52 4083315
53 4083315
54 4083315
55 4083315
56 4083315
57 4083315
58 4083315
59 4083315
60 4083315
61 4083315
62 4083315
63 4083315
64 4083315
65 4083315
66 4083315
67 4083315
68 4083315
69 4083315
70 4083315
71 4083315
72 4083315
73 4083315
74 4083315
75 4083315
76 4083315
77 4083315
78 4083315
79 4083315
80 4083315
81 4083315
82 4083315
83 4083315
84 4083315
85 4083315
86 4083315
87 4083315
88 4083315
89 4083315
90 4083315
91 4083315
92 4083315
93 4083315
94 4083315
95 4083315
96 4083315
97 4083315
98 4083315
99 4083315
100 4083315
101 4083315
102 4083315
103 4083315
104 4083315
105 4083315
106 4083315
107 4083315
108 4083315
109 4083315
110 4083315
111 4083315
112 4083315
113 4083315
114 4083315
115 4083315
116 4083315
117 4083315
118 4083315
119 4083315
120 4083315
121 4083315
122 4083315
123 4083315
124 4083315
125 4083315
126 4083315
127 4083315
128 4083315
129 4083315
130 4083315
131 4083315
132 4083315
133 4083315
134 4083315
135 4083315
136 4083315
137 4083315
138 4083315
139 4083315
140 4083315
141 4083315
142 4083315
143 4083315
144 4083315
145 4083315
146 4083315
147 4083315
148 4083315
149 4083315
150 4083315
151 4083315
152 4083315
153 4083315
154 4083315
155 4083315
156 4083315
157 4083315
158 4083315
159 4083315
160 4083315
161 4083315
162 4083315
163 4083315
164 4083315
165 4083315
166 4083315
167 4083315
168 4083315
169 4083315
170 4083315
171 4083315
172 4083315
173 4083315
174 4083315
175 4083315
176 4083315
177 4083315
178 4083315
179 4083315
180 4083315
181 4083315
182 4083315
183 4083315
184 4083315
185 4083315
186 4083315
187 4083315
188 4083315
189 4083315
190 4083315
191 4083315
192 4083315
193 4083315
194 4083315
195 4083315
196 4083315
197 4083315
198 4083315
199 4083315
200 4083315
201 4083315
202 4083315
203 4083315
204 4083315
205 4083315
206 4083315
207 4083315
208 4083315
209 4083315
210 4083315
211 4083315
212 4083315
213 4083315
214 4083315
215 4083315
216 4083315
217 4083315
218 4083315
219 4083315
220 4083315
221 4083315
222 4083315
223 4083315
