1 0
2 0
3 0
4 0
5 0
6 0
7 0
8 0
9 0
10 0
11 0
12 0
13 0
14 0
15 0
16 0
17 0
18 0
19 0
20 0
21 0
22 0
23 0
24 0
25 0
26 0
27 0
28 0
29 0
30 0
31 0
32 0
33 0
34 0
35 0
36 0
37 0
38 0
39 0
40 0
41 0
42 0
43 0
44 0
45 0
46 0
47 0
48 0
49 0
50 0
51 0
52 0
53 0
54 0
55 0
56 0
57 0
58 0
59 0
60 0
61 0
62 0
63 0
64 0
65 0
66 0
67 0
68 0
69 0
70 0
71 0
72 0
73 0
74 0
75 0
76 0
77 0
78 0
79 0
80 0
81 0
82 0
83 0
84 0
85 0
86 0
87 0
88 0
89 0
90 0
91 0
92 0
93 0
94 0
95 0
96 0
97 0
98 0
99 0
100 0
101 0
102 0
103 0
104 0
105 0
106 0
107 0
108 0
109 0
110 0
111 0
112 0
113 0
114 0
115 0
116 0
117 0
118 0
119 0
120 0
121 0
122 0
123 0
124 0
125 4
126 7
127 7
128 7
129 7
130 8
131 8
132 8
133 8
134 8
135 8
136 8
137 8
138 8
139 10
140 11
141 11
142 11
143 11
144 11
145 11
146 11
147 11
148 12
149 13
150 13
151 19
152 19
153 19
154 19
155 19
156 19
157 20
158 22
159 24
160 25
161 30
162 35
163 35
164 35
165 38
166 38
167 43
168 46
169 46
170 46
171 46
172 51
173 51
174 57
175 57
176 57
177 57
178 57
179 57
180 57
181 57
182 57
183 57
184 61
185 88
186 88
187 96
188 118
189 129
190 138
191 150
192 157
193 161
194 167
195 167
196 176
197 180
198 186
199 186
200 194
201 194
202 197
203 211
204 222
205 222
206 222
207 222
208 224
209 252
210 263
211 269
212 281
213 288
214 291
215 291
216 302
217 310
218 310
219 312
220 314
221 317
222 320
223 320
224 325
225 329
226 333
227 338
228 342
229 342
230 343
231 346
232 349
233 358
234 361
235 371
236 376
237 376
238 378
239 379
240 382
241 384
242 386
243 387
244 402
245 402
246 405
247 408
248 410
249 410
250 418
251 418
252 418
253 419
254 419
255 422
256 429
257 435
258 436
259 443
260 443
261 446
262 450
263 454
264 454
265 454
266 454
267 482
268 486
269 489
270 492
271 492
272 497
273 497
274 497
275 498
276 501
277 508
278 513
279 517
280 522
281 527
282 530
283 531
284 536
285 536
286 536
287 548
288 548
289 555
290 556
291 558
292 559
293 564
294 569
295 571
296 571
297 574
298 579
299 580
300 582
301 584
302 587
303 587
304 599
305 601
306 603
307 604
308 608
309 613
310 613
311 615
312 615
313 623
314 635
315 639
316 641
317 642
318 643
319 647
320 652
321 657
322 660
323 660
324 666
325 666
326 666
327 667
328 667
329 667
330 667
331 671
332 671
333 671
334 671
335 671
336 671
337 671
338 672
339 673
340 674
341 675
342 675
