1 538
2 574
3 636
4 683
5 722
6 756
7 817
8 905
9 986
10 1074
11 1184
12 1282
13 1343
14 1407
15 1549
16 1817
17 1904
18 1917
19 1935
20 2091
21 2211
22 2278
23 2334
24 2412
25 2475
26 2521
27 2556
28 2623
29 2676
30 2763
31 2842
32 2917
33 3029
34 3067
35 3214
36 3353
37 3453
38 3551
39 3660
40 3779
41 3828
42 3946
43 4026
44 4089
45 4161
46 4232
47 4321
48 4357
49 4467
50 4521
51 4577
52 4637
53 4711
54 4769
55 4821
56 4883
57 4947
58 4983
59 5049
60 5093
61 5127
62 5147
63 5203
64 5248
65 5302
66 5361
67 5456
68 5502
69 5534
70 5576
71 5613
72 5656
73 5702
74 5741
75 5780
76 5792
77 5845
78 5898
79 5958
80 6008
81 6068
82 6113
83 6127
84 6176
85 6204
86 6239
87 6267
88 6287
89 6329
90 6337
91 6355
92 6382
93 6421
94 6444
95 6459
96 6488
97 6512
98 6538
99 6551
100 6573
101 6588
102 6620
103 6636
104 6645
105 6666
106 6674
107 6697
108 6714
109 6730
110 6734
111 6739
112 6757
113 6779
114 6798
115 6817
116 6830
117 6845
118 6848
119 6855
120 6866
121 6878
122 6905
123 6917
124 6930
125 6933
126 6940
127 6950
128 6961
129 6978
130 6991
131 6999
132 7005
133 7008
134 7021
135 7033
136 7042
137 7056
138 7065
139 7068
140 7071
141 7073
142 7074
143 7084
144 7084
145 7085
146 7088
147 7097
148 7108
149 7114
150 7117
151 7117
152 7125
153 7127
154 7136
155 7141
156 7141
157 7145
158 7145
159 7152
160 7152
161 7152
162 7156
163 7158
164 7158
165 7164
166 7164
167 7169
168 7169
169 7171
170 7171
171 7171
172 7171
173 7169
174 7192
175 7202
176 7214
177 7214
178 7215
