1 48
2 52
3 53
4 59
5 62
6 68
7 70
8 70
9 73
10 75
11 80
12 82
13 86
14 89
15 95
16 106
17 113
18 119
19 122
20 128
21 133
22 134
23 146
24 152
25 153
26 169
27 180
28 184
29 188
30 189
31 205
32 209
33 212
34 214
35 215
36 222
37 228
38 235
39 243
40 244
41 247
42 255
43 263
44 269
45 273
46 275
47 282
48 290
49 297
50 304
51 310
52 323
53 328
54 332
55 336
56 341
57 346
58 350
59 358
60 371
61 385
62 392
63 404
64 409
65 427
66 433
67 442
68 444
69 454
70 460
71 464
72 465
73 466
74 478
75 486
76 493
77 499
78 510
79 514
80 519
81 526
82 532
83 535
84 538
85 543
86 544
87 546
88 553
89 556
90 562
91 566
92 566
93 570
94 570
95 575
96 586
97 588
98 594
99 597
100 597
101 597
102 606
103 606
104 607
105 610
106 610
107 610
108 610
109 620
110 622
111 623
112 624
113 626
114 629
115 631
116 632
117 632
118 633
119 637
120 638
121 638
122 641
123 642
124 643
125 645
126 645
127 645
128 645
129 648
130 648
131 648
132 648
133 651
134 650
135 651
136 651
137 653
138 653
139 658
140 660
141 660
142 662
143 663
144 664
145 665
146 668
147 668
148 669
149 670
150 670
151 671
152 673
153 674
154 674
155 674
156 674
157 674
158 674
159 674
160 677
161 679
162 679
163 680
164 680
165 680
166 680
167 681
168 682
169 682
170 682
171 682
172 682
173 682
174 682
175 684
176 686
177 686
178 687
179 687
180 687
181 687
182 688
183 688
184 688
185 688
186 688
187 688
188 688
189 688
190 688
191 688
192 688
193 688
194 688
195 688
196 690
197 690
198 690
199 690
