1 3683896
2 3683896
3 3683896
4 3683896
5 3683896
6 3683896
7 3683896
8 3683896
9 3683896
10 3683896
11 3683896
12 3683896
13 3683896
14 3683896
15 3683896
16 3683896
17 3683896
18 3683896
19 3683896
20 3683896
21 3683896
22 3683896
23 3683896
24 3683896
25 3683896
26 3683896
27 3683896
28 3683896
29 3683896
30 3683896
31 3683896
32 3683896
33 3683896
34 3683896
35 3683896
36 3683896
37 3683896
38 3683896
39 3683896
40 3683896
41 3683896
42 3683896
43 3683896
44 3683896
45 3683896
46 3683896
47 3683896
48 3683896
49 3683896
50 3683896
51 3683896
52 3683896
53 3683896
54 3683896
55 3683896
56 3683896
57 3683896
58 3683896
59 3683896
60 3683896
61 3683896
62 3683896
63 3683896
64 3683896
65 3683896
66 3683896
67 3683896
68 3683896
69 3683896
70 3683896
71 3683896
72 3683896
73 3683896
74 3683896
75 3683896
76 3683896
77 3683896
78 3683896
79 3683896
80 3683896
81 3683896
82 3683896
83 3683896
84 3683896
85 3683896
86 3683896
87 3683896
88 3683896
89 3683896
90 3683896
91 3683896
92 3683896
93 3683896
94 3683896
95 3683896
96 3683896
97 3683896
98 3683896
99 3683896
100 3683896
101 3683896
102 3683896
103 3683896
104 3683896
105 3683896
106 3683896
107 3683896
108 3683896
109 3683896
110 3683896
111 3683896
112 3683896
113 3683896
114 3683896
115 3683896
116 3683896
117 3683896
118 3683896
119 3683896
120 3683896
121 3683896
122 3683896
123 3683896
124 3683896
125 3683896
126 3683896
127 3683896
128 3683896
129 3683896
130 3683896
131 3683896
132 3683896
133 3683896
134 3683896
135 3683896
136 3683896
137 3683896
138 3683896
139 3683896
140 3683896
141 3683896
142 3683896
143 3683896
144 3683896
145 3683896
146 3683896
147 3683896
148 3683896
149 3683896
150 3683896
151 3683896
152 3683896
153 3683896
154 3683896
155 3683896
156 3683896
157 3683896
158 3683896
159 3683896
160 3683896
161 3683896
162 3683896
163 3683896
164 3683896
165 3683896
166 3683896
167 3683896
168 3683896
169 3683896
170 3683896
171 3683896
172 3683896
173 3683896
