1 1835982
2 1835982
3 1835982
4 1835982
5 1835982
6 1835982
7 1835982
8 1835982
9 1835982
10 1835982
11 1835982
12 1835982
13 1835982
14 1835982
15 1835982
16 1835982
17 1835982
18 1835982
19 1835982
20 1835982
21 1835982
22 1835982
23 1835982
24 1835982
25 1835982
26 1835982
27 1835982
28 1835982
29 1835982
30 1835982
31 1835982
32 1835982
33 1835982
34 1835982
35 1835982
36 1835982
37 1835982
38 1835982
39 1835982
40 1835982
41 1835982
42 1835982
43 1835982
44 1835982
45 1835982
46 1835982
47 1835982
48 1835982
49 1835982
50 1835982
51 1835982
52 1835982
53 1835982
54 1835982
55 1835982
56 1835982
57 1835982
58 1835982
59 1835982
60 1835982
61 1835982
62 1835982
63 1835982
64 1835982
65 1835982
66 1835982
67 1835982
68 1835982
69 1835982
70 1835982
71 1835982
72 1835982
73 1835982
74 1835982
75 1835982
76 1835982
77 1835982
78 1835982
79 1835982
80 1835982
81 1835982
82 1835982
83 1835982
84 1835982
85 1835982
86 1835982
87 1835982
88 1835982
89 1835982
90 1835982
91 1835982
92 1835982
93 1835982
94 1835982
95 1835982
96 1835982
97 1835982
98 1835982
99 1835982
100 1835982
101 1835982
102 1835982
103 1835982
104 1835982
105 1835982
106 1835982
107 1835982
108 1835982
109 1835982
110 1835982
111 1835982
112 1835982
113 1835982
114 1835982
115 1835982
116 1835982
117 1835982
118 1835982
119 1835982
120 1835982
121 1835982
122 1835982
123 1835982
124 1835982
125 1835982
126 1835982
127 1835982
128 1835982
129 1835982
130 1835982
131 1835982
132 1835982
133 1835982
134 1835982
135 1835982
136 1835982
137 1835982
138 1835982
139 1835982
140 1835982
141 1835982
142 1835982
143 1835982
144 1835982
145 1835982
146 1835982
147 1835982
148 1835982
149 1835982
150 1835982
151 1835982
152 1835982
153 1835982
154 1835982
155 1835982
156 1835982
157 1835982
158 1835982
159 1835982
160 1835982
161 1835982
162 1835982
163 1835982
164 1835982
165 1835982
166 1835982
167 1835982
168 1835982
169 1835982
170 1835982
171 1835982
172 1835982
173 1835982
174 1835982
175 1835982
176 1835982
177 1835982
