1 1
2 1
3 1
4 1
5 1
6 1
7 1
8 1
9 1
10 1
11 1
12 1
13 1
14 1
15 1
16 2
17 2
18 2
19 2
20 2
21 2
22 2
23 2
24 2
25 2
26 2
27 3
28 3
29 3
30 4
31 4
32 4
33 5
34 5
35 5
36 5
37 5
38 5
39 5
40 5
41 5
42 5
43 5
44 5
45 5
46 5
47 6
48 7
49 7
50 7
51 7
52 7
53 7
54 7
55 8
56 9
57 10
58 11
59 11
60 12
61 12
62 13
63 14
64 15
65 15
66 15
67 15
68 15
69 16
70 16
71 16
72 16
73 16
74 16
75 17
76 18
77 18
78 18
79 18
80 18
81 18
82 18
83 21
84 21
85 21
86 21
87 23
88 24
89 24
90 24
91 24
92 24
93 24
94 24
95 24
96 24
97 24
98 24
99 25
100 25
101 25
102 25
103 25
104 25
105 25
106 25
107 26
108 26
109 28
110 28
111 28
112 28
113 28
114 29
115 29
116 29
117 29
118 29
119 29
120 29
121 29
122 29
123 29
124 29
125 29
126 29
127 29
128 29
129 29
130 29
131 29
132 29
133 29
134 29
135 29
136 29
137 29
138 29
139 29
140 29
141 29
142 29
143 29
144 29
145 29
146 29
147 29
148 29
149 29
150 29
151 29
152 29
153 29
154 29
155 29
156 29
157 29
158 29
159 29
160 29
161 29
162 29
163 29
164 29
165 29
166 29
167 29
168 29
169 29
170 29
171 29
172 29
173 29
