1 1001
2 1026
3 1057
4 1066
5 1078
6 1105
7 1161
8 1184
9 1212
10 1230
11 1230
12 1279
13 1317
14 1364
15 1381
16 1432
17 1432
18 1448
19 1481
20 1559
21 1559
22 1596
23 1596
24 1617
25 1669
26 1703
27 1721
28 1773
29 1801
30 1809
31 1873
32 1918
33 1951
34 1970
35 2020
36 2020
37 2070
38 2157
39 2202
40 2202
41 2213
42 2226
43 2239
44 2256
45 2293
46 2328
47 2368
48 2404
49 2422
50 2443
51 2457
52 2482
53 2514
54 2549
55 2582
56 2621
57 2654
58 2697
59 2744
60 2791
61 2844
62 2893
63 2937
64 2975
65 3017
66 3058
67 3101
68 3143
69 3185
70 3237
71 3272
72 3323
73 3373
74 3416
75 3482
76 3535
77 3611
78 3695
79 3762
80 3784
81 3798
82 3808
83 3830
84 3844
85 3865
86 3883
87 3962
88 4024
89 4078
90 4145
91 4277
92 4363
93 4404
94 4460
95 4512
96 4588
97 4680
98 4770
99 4848
100 4920
101 4968
102 5025
103 5114
104 5211
105 5305
106 5373
107 5425
108 5473
109 5568
110 5636
111 5724
112 5785
113 5850
114 5908
115 5969
116 6032
117 6089
118 6157
119 6235
120 6296
121 6357
122 6418
123 6462
124 6559
125 6648
126 6742
127 6810
128 6878
129 6926
130 7020
131 7118
132 7252
133 7408
134 7523
135 7618
136 7706
137 7798
138 7896
139 7986
140 8079
141 8167
142 8250
143 8318
144 8403
145 8477
146 8566
147 8623
148 8684
149 8736
150 8785
151 8826
152 8887
153 8932
154 8980
155 9022
156 9047
157 9078
158 9108
159 9146
160 9180
161 9208
162 9242
163 9271
164 9317
165 9356
166 9404
167 9444
168 9489
169 9527
170 9573
171 9610
172 9638
173 9672
174 9704
175 9730
176 9751
177 9776
178 9804
179 9825
180 9842
181 9868
182 9888
183 9914
184 9932
185 9953
186 9969
187 9996
188 10020
189 10038
190 10063
191 10091
192 10111
193 10137
194 10156
195 10178
196 10193
197 10219
198 10231
199 10239
200 10246
201 10250
202 10253
