1 678
2 704
3 710
4 738
5 765
6 786
7 823
8 835
9 846
10 876
11 900
12 953
13 985
14 1011
15 1023
16 1109
17 1170
18 1227
19 1248
20 1279
21 1325
22 1387
23 1446
24 1503
25 1574
26 1625
27 1670
28 1708
29 1762
30 1822
31 1852
32 1877
33 1896
34 1946
35 1976
36 2012
37 2107
38 2155
39 2196
40 2261
41 2291
42 2338
43 2389
44 2432
45 2514
46 2552
47 2629
48 2687
49 2786
50 2848
51 2915
52 3040
53 3164
54 3216
55 3322
56 3402
57 3447
58 3482
59 3523
60 3545
61 3582
62 3608
63 3673
64 3708
65 3725
66 3773
67 3808
68 3844
69 3859
70 3911
71 3964
72 3980
73 4026
74 4054
75 4089
76 4105
77 4131
78 4168
79 4207
80 4258
81 4303
82 4344
83 4356
84 4390
85 4414
86 4474
87 4495
88 4531
89 4567
90 4607
91 4618
92 4669
93 4691
94 4725
95 4748
96 4780
97 4800
98 4843
99 4874
100 4899
101 4940
102 4960
103 4980
104 4997
105 5036
106 5081
107 5123
108 5147
109 5203
110 5231
111 5254
112 5283
113 5305
114 5313
115 5334
116 5378
117 5399
118 5435
119 5486
120 5514
121 5539
122 5593
123 5646
124 5680
125 5701
126 5745
127 5828
128 5865
129 5897
130 5943
131 6001
132 6029
133 6056
134 6087
135 6102
136 6127
137 6156
138 6191
139 6215
140 6232
141 6263
142 6268
143 6281
144 6290
145 6335
146 6351
147 6376
148 6388
149 6388
150 6414
151 6418
152 6428
153 6439
154 6456
155 6471
156 6482
157 6501
158 6531
159 6539
160 6541
161 6558
162 6568
163 6595
164 6607
165 6610
166 6620
167 6621
168 6630
169 6638
170 6639
171 6642
172 6644
173 6652
174 6655
175 6657
176 6660
177 6665
178 6671
179 6677
180 6677
181 6679
