1 336
2 415
3 433
4 435
5 450
6 450
7 450
8 837
9 869
10 869
11 937
12 944
13 962
14 986
15 1173
16 1191
17 1236
18 1622
19 1662
20 1720
21 1828
22 1876
23 1915
24 1964
25 2026
26 2055
27 2152
28 2313
29 2380
30 2650
31 2779
32 2899
33 3134
34 3200
35 3261
36 3359
37 3620
38 3863
39 3916
40 4006
41 4029
42 4112
43 4167
44 4264
45 4344
46 4425
47 4701
48 4841
49 4963
50 4999
51 5021
52 5143
53 5185
54 5225
55 5315
56 5466
57 5502
58 5591
59 5638
60 5664
61 5800
62 5895
63 5943
64 6037
65 6068
66 6095
67 6150
68 6273
69 6344
70 6384
71 6487
72 6566
73 6637
74 6699
75 6768
76 6837
77 6879
78 6937
79 6991
80 7054
81 7098
82 7134
83 7174
84 7211
85 7256
86 7280
87 7301
88 7323
89 7343
90 7357
91 7372
92 7409
93 7414
94 7434
95 7453
96 7459
97 7465
98 7474
99 7486
100 7494
101 7513
102 7542
103 7545
104 7586
105 7607
106 7639
107 7645
108 7648
109 7651
110 7653
111 7656
112 7658
113 7665
114 7666
115 7671
116 7677
117 7681
118 7686
119 7691
120 7696
121 7709
122 7711
123 7717
124 7734
125 7748
126 7766
127 7771
128 7782
129 7786
130 7792
131 7794
132 7796
133 7802
134 7808
135 7813
136 7823
137 7833
138 7838
139 7847
140 7858
141 7871
142 7880
143 7889
144 7897
145 7903
146 7917
147 7932
148 7955
149 7976
150 7980
151 7985
152 7990
153 7995
154 7999
155 8004
156 8007
157 8011
158 8020
159 8021
160 8023
161 8026
162 8033
163 8036
164 8043
165 8049
166 8052
167 8056
168 8064
169 8070
170 8071
171 8076
172 8086
173 8099
174 8104
175 8107
176 8112
177 8118
178 8123
179 8128
180 8139
181 8143
182 8149
183 8154
184 8157
185 8159
186 8166
187 8170
188 8174
189 8177
190 8184
191 8189
192 8191
193 8196
194 8200
195 8207
196 8210
197 8216
198 8224
199 8233
