1 0
2 0
3 0
4 0
5 0
6 0
7 0
8 0
9 0
10 0
11 0
12 0
13 0
14 0
15 0
16 0
17 0
18 0
19 0
20 0
21 0
22 0
23 0
24 0
25 0
26 0
27 0
28 0
29 0
30 0
31 0
32 0
33 0
34 0
35 0
36 0
37 0
38 0
39 0
40 0
41 0
42 0
43 0
44 0
45 0
46 0
47 0
48 0
49 0
50 0
51 0
52 0
53 0
54 0
55 0
56 0
57 0
58 0
59 0
60 0
61 13
62 13
63 13
64 13
65 13
66 13
67 14
68 14
69 14
70 14
71 14
72 14
73 14
74 14
75 14
76 14
77 17
78 17
79 21
80 21
81 21
82 21
83 21
84 22
85 22
86 22
87 22
88 22
89 22
90 22
91 22
92 23
93 24
94 31
95 33
96 33
97 33
98 33
99 33
100 33
101 34
102 37
103 37
104 37
105 37
106 38
107 39
108 39
109 40
110 40
111 40
112 40
113 40
114 40
115 41
116 41
117 41
118 41
119 43
120 46
121 46
122 48
123 55
124 55
125 55
126 55
127 57
128 60
129 60
130 60
131 61
132 64
133 66
134 67
135 71
136 75
137 76
138 79
139 82
140 85
141 85
142 91
143 92
144 98
145 99
146 100
147 100
148 107
149 112
150 114
151 116
152 138
153 138
154 138
155 140
156 153
157 153
158 160
159 173
160 173
161 175
162 177
163 178
164 180
165 188
166 189
167 191
168 195
169 197
170 205
171 211
172 216
173 222
174 225
175 231
176 232
177 241
178 246
179 249
180 250
181 252
182 260
183 268
184 279
185 288
186 298
187 306
188 316
189 327
190 336
191 343
192 349
193 358
194 364
195 370
196 377
197 388
198 398
199 406
200 410
201 412
202 417
203 421
204 428
205 434
206 440
207 448
208 451
209 456
210 461
211 466
212 470
213 477
214 482
215 487
216 487
217 493
218 498
219 502
220 505
221 515
222 521
223 527
224 532
225 535
226 539
227 543
228 546
229 547
230 553
231 560
232 564
233 570
234 575
235 580
236 585
237 589
238 594
239 599
240 603
241 610
242 618
243 620
244 624
245 631
246 638
247 642
248 644
249 647
250 650
251 654
252 659
253 666
254 673
255 676
256 680
257 683
258 686
259 689
260 691
261 694
262 698
263 699
264 701
265 703
266 707
267 712
268 717
269 722
270 728
271 731
272 738
273 741
274 746
275 751
276 755
277 761
278 763
279 766
280 771
281 774
282 776
283 791
284 792
285 802
286 807
287 816
288 820
289 822
290 825
291 829
292 831
293 832
294 834
295 835
296 838
297 839
298 844
299 847
300 848
301 850
302 852
303 857
304 858
305 859
306 860
307 862
308 862
309 863
310 867
311 868
312 870
313 873
314 874
315 877
316 877
317 881
318 890
319 891
320 895
321 896
322 897
323 899
324 900
325 900
326 901
327 902
328 902
329 902
330 902
331 903
332 905
333 907
334 908
335 908
336 908
337 909
338 910
339 912
340 912
341 913
342 913
