1 3596292
2 3596292
3 3596292
4 3596292
5 3596292
6 3596292
7 3596292
8 3596292
9 3596292
10 3596292
11 3596292
12 3596292
13 3596292
14 3596292
15 3596292
16 3596292
17 3596292
18 3596292
19 3596292
20 3596292
21 3596292
22 3596292
23 3596292
24 3596292
25 3596292
26 3596292
27 3596292
28 3596292
29 3596292
30 3596292
31 3596292
32 3596292
33 3596292
34 3596292
35 3596292
36 3596292
37 3596292
38 3596292
39 3596292
40 3596292
41 3596292
42 3596292
43 3596292
44 3596292
45 3596292
46 3596292
47 3596292
48 3596292
49 3596292
50 3596292
51 3596292
52 3596292
53 3596292
54 3596292
55 3596292
56 3596292
57 3596292
58 3596292
59 3596292
60 3596292
61 3596292
62 3596292
63 3596292
64 3596292
65 3596292
66 3596292
67 3596292
68 3596292
69 3596292
70 3596292
71 3596292
72 3596292
73 3596292
74 3596292
75 3596292
76 3596292
77 3596292
78 3596292
79 3596292
80 3596292
81 3596292
82 3596292
83 3596292
84 3596292
85 3596292
86 3596292
87 3596292
88 3596292
89 3596292
90 3596292
91 3596292
92 3596292
93 3596292
94 3596292
95 3596292
96 3596292
97 3596292
98 3596292
99 3596292
100 3596292
101 3596292
102 3596292
103 3596292
104 3596292
105 3596292
106 3596292
107 3596292
108 3596292
109 3596292
110 3596292
111 3596292
112 3596292
113 3596292
114 3596292
115 3596292
116 3596292
117 3596292
118 3596292
119 3596292
120 3596292
121 3596292
122 3596292
123 3596292
124 3596292
125 3596292
126 3596292
127 3596292
128 3596292
129 3596292
130 3596292
131 3596292
132 3596292
133 3596292
134 3596292
135 3596292
136 3596292
137 3596292
138 3596292
139 3596292
140 3596292
141 3596292
142 3596292
143 3596292
144 3596292
145 3596292
146 3596292
147 3596292
148 3596292
149 3596292
150 3596292
151 3596292
152 3596292
153 3596292
154 3596292
155 3596292
156 3596292
157 3596292
158 3596292
159 3596292
160 3596292
161 3596292
162 3596292
163 3596292
164 3596292
165 3596292
166 3596292
167 3596292
168 3596292
169 3596292
170 3596292
171 3596292
172 3596292
173 3596292
174 3596292
175 3596292
176 3596292
177 3596292
