1 1041
2 1067
3 1080
4 1123
5 1167
6 1200
7 1225
8 1264
9 1296
10 1331
11 1350
12 1387
13 1425
14 1467
15 1510
16 1561
17 1617
18 1754
19 1968
20 2011
21 2048
22 2101
23 2141
24 2181
25 2206
26 2288
27 2333
28 2364
29 2403
30 2482
31 2527
32 2582
33 2641
34 2687
35 2746
36 2794
37 2860
38 2935
39 3010
40 3072
41 3149
42 3218
43 3258
44 3343
45 3405
46 3477
47 3539
48 3616
49 3696
50 3758
51 3820
52 3870
53 3964
54 4048
55 4103
56 4160
57 4224
58 4289
59 4349
60 4430
61 4501
62 4590
63 4655
64 4708
65 4801
66 4879
67 4952
68 5045
69 5121
70 5198
71 5270
72 5361
73 5418
74 5500
75 5578
76 5644
77 5719
78 5811
79 5898
80 5965
81 6058
82 6129
83 6185
84 6261
85 6301
86 6402
87 6491
88 6575
89 6638
90 6713
91 6778
92 6822
93 6891
94 6943
95 7007
96 7072
97 7135
98 7197
99 7232
100 7306
101 7362
102 7415
103 7482
104 7530
105 7568
106 7648
107 7708
108 7802
109 7867
110 7967
111 8013
112 8051
113 8111
114 8170
115 8240
116 8283
117 8350
118 8407
119 8470
120 8510
121 8545
122 8607
123 8702
124 8775
125 8827
126 8876
127 8973
128 9013
129 9058
130 9114
131 9167
132 9211
133 9253
134 9306
135 9353
136 9376
137 9417
138 9443
139 9473
140 9504
141 9528
142 9554
143 9563
144 9590
145 9626
146 9659
147 9678
148 9688
149 9713
150 9720
151 9749
152 9768
153 9787
154 9804
155 9811
156 9823
157 9831
158 9842
159 9859
160 9873
161 9884
162 9890
163 9902
164 9915
165 9924
166 9931
167 9941
168 9946
169 9947
170 9952
171 9953
172 9960
173 9961
174 9962
175 9965
176 9967
