1 1018
2 1104
3 1113
4 1133
5 1183
6 1253
7 1327
8 1452
9 1464
10 1511
11 1647
12 1647
13 1872
14 2035
15 2071
16 2096
17 2205
18 2264
19 2451
20 2567
21 2671
22 2859
23 2943
24 3112
25 3156
26 3276
27 3351
28 3434
29 3557
30 3637
31 3746
32 3930
33 4085
34 4196
35 4363
36 4493
37 4634
38 4777
39 4878
40 5012
41 5138
42 5259
43 5385
44 5441
45 5535
46 5642
47 5725
48 5818
49 5911
50 6013
51 6079
52 6135
53 6167
54 6210
55 6260
56 6320
57 6357
58 6384
59 6437
60 6484
61 6529
62 6558
63 6583
64 6616
65 6642
66 6673
67 6725
68 6754
69 6790
70 6839
71 6862
72 6872
73 6887
74 6904
75 6936
76 6961
77 6985
78 7008
79 7016
80 7034
81 7059
82 7087
83 7111
84 7123
85 7153
86 7172
87 7184
88 7207
89 7231
90 7252
91 7267
92 7290
93 7305
94 7326
95 7362
96 7378
97 7398
98 7412
99 7426
100 7439
101 7452
102 7458
103 7466
104 7473
105 7478
106 7487
107 7493
108 7504
109 7512
110 7521
111 7531
112 7538
113 7545
114 7547
115 7553
116 7559
117 7566
118 7573
119 7578
120 7586
121 7588
122 7594
123 7600
124 7606
125 7609
126 7643
127 7651
128 7654
129 7658
130 7664
131 7672
132 7674
133 7686
134 7687
135 7688
136 7694
137 7699
138 7706
139 7709
140 7714
141 7715
142 7715
143 7720
144 7723
145 7725
146 9005
147 9006
148 9010
149 9011
150 9016
