1 0
2 0
3 0
4 0
5 0
6 0
7 0
8 0
9 0
10 0
11 0
12 0
13 0
14 0
15 0
16 0
17 0
18 0
19 0
20 0
21 0
22 0
23 0
24 0
25 0
26 0
27 0
28 0
29 0
30 0
31 0
32 0
33 0
34 0
35 0
36 0
37 0
38 0
39 0
40 0
41 0
42 0
43 0
44 0
45 0
46 0
47 0
48 0
49 0
50 0
51 0
52 0
53 0
54 0
55 0
56 0
57 0
58 0
59 0
60 0
61 0
62 0
63 0
64 0
65 0
66 0
67 0
68 0
69 0
70 0
71 0
72 0
73 0
74 0
75 0
76 0
77 0
78 0
79 0
80 0
81 0
82 0
83 0
84 0
85 0
86 0
87 0
88 0
89 0
90 0
91 0
92 0
93 0
94 0
95 0
96 0
97 0
98 0
99 0
100 3
101 6
102 3
103 3
104 3
105 5
106 5
107 5
108 5
109 5
110 5
111 16
112 16
113 16
114 16
115 30
116 30
117 30
118 30
119 30
120 30
121 30
122 30
123 30
124 30
125 30
126 30
127 30
128 30
129 30
130 30
131 30
132 34
133 31
134 31
135 31
136 31
137 31
138 31
139 31
140 31
141 31
142 31
143 31
144 43
145 49
146 79
147 79
148 79
149 79
150 79
151 79
152 79
153 79
154 79
155 79
156 79
157 79
158 79
159 79
160 79
161 79
162 101
163 101
164 127
165 127
166 127
167 193
168 211
169 301
170 306
171 306
172 306
173 306
174 307
175 307
176 307
177 307
178 313
179 313
180 319
181 331
182 331
183 358
184 363
185 363
186 373
187 390
188 390
189 390
190 399
191 399
192 404
193 439
194 440
195 447
196 485
197 485
198 485
199 500
200 506
201 507
202 507
203 517
204 539
205 539
206 553
207 553
208 553
209 557
210 563
211 564
212 584
213 585
214 585
215 585
216 585
217 605
218 605
219 619
220 619
221 619
222 619
223 619
224 632
225 670
226 703
227 711
228 712
229 712
230 746
231 751
232 752
233 758
234 758
235 770
236 777
237 777
238 785
239 788
240 788
241 788
242 797
243 799
244 805
245 806
246 808
247 810
248 815
249 815
250 815
251 815
252 815
253 815
254 817
255 817
256 821
257 821
258 821
259 824
260 824
261 824
262 824
263 824
264 824
265 824
266 824
267 824
268 824
269 824
270 824
271 824
272 824
273 829
274 829
275 829
276 829
277 829
278 829
279 885
280 885
281 885
282 886
283 886
284 886
285 886
286 887
287 887
288 891
289 891
290 891
291 894
292 894
293 894
294 896
295 896
296 897
297 897
298 897
299 897
300 897
301 897
302 898
303 898
304 898
305 898
306 898
307 898
308 898
309 898
310 898
311 898
312 898
313 898
314 898
315 898
316 898
317 898
318 900
319 900
320 900
321 900
322 900
323 900
324 900
325 900
326 900
327 900
328 900
329 900
330 900
331 900
332 900
333 900
334 900
335 900
336 900
337 900
338 900
339 900
340 900
341 900
342 900
