1 39
2 39
3 39
4 39
5 40
6 40
7 40
8 40
9 40
10 40
11 40
12 40
13 40
14 40
15 40
16 40
17 40
18 40
19 40
20 40
21 40
22 40
23 40
24 40
25 40
26 40
27 41
28 41
29 41
30 41
31 41
32 41
33 41
34 41
35 41
36 41
37 41
38 41
39 42
40 42
41 42
42 42
43 42
44 42
45 43
46 44
47 44
48 44
49 44
50 44
51 44
52 44
53 44
54 44
55 44
56 45
57 45
58 45
59 45
60 45
61 46
62 47
63 48
64 48
65 48
66 48
67 48
68 48
69 48
70 48
71 48
72 48
73 48
74 48
75 49
76 49
77 49
78 49
79 49
80 50
81 50
82 51
83 51
84 51
85 51
86 51
87 51
88 51
89 51
90 51
91 51
92 51
93 52
94 52
95 52
96 52
97 52
98 52
99 52
100 52
101 52
102 52
103 52
104 52
105 52
106 52
107 52
108 52
109 52
110 52
111 52
112 52
113 52
114 52
115 52
116 52
117 52
118 52
119 52
120 53
121 53
122 53
123 53
124 53
125 53
126 53
127 53
128 53
129 53
130 53
131 53
132 53
133 53
134 53
135 53
136 53
137 53
138 53
139 53
140 53
141 53
142 53
143 53
144 53
145 53
146 53
147 53
148 53
149 53
150 53
151 53
152 53
153 53
154 53
155 53
