1 1798954
2 1798954
3 1798954
4 1798954
5 1798954
6 1798954
7 1798954
8 1798954
9 1798954
10 1798954
11 1798954
12 1798954
13 1798954
14 1798954
15 1798954
16 1798954
17 1798954
18 1798954
19 1798954
20 1798954
21 1798954
22 1798954
23 1798954
24 1798954
25 1798954
26 1798954
27 1798954
28 1798954
29 1798954
30 1798954
31 1798954
32 1798954
33 1798954
34 1798954
35 1798954
36 1798954
37 1798954
38 1798954
39 1798954
40 1798954
41 1798954
42 1798954
43 1798954
44 1798954
45 1798954
46 1798954
47 1798954
48 1798954
49 1798954
50 1798954
51 1798954
52 1798954
53 1798954
54 1798954
55 1798954
56 1798954
57 1798954
58 1798954
59 1798954
60 1798954
61 1798954
62 1798954
63 1798954
64 1798954
65 1798954
66 1798954
67 1798954
68 1798954
69 1798954
70 1798954
71 1798954
72 1798954
73 1798954
74 1798954
75 1798954
76 1798954
77 1798954
78 1798954
79 1798954
80 1798954
81 1798954
82 1798954
83 1798954
84 1798954
85 1798954
86 1798954
87 1798954
88 1798954
89 1798954
90 1798954
91 1798954
92 1798954
93 1798954
94 1798954
95 1798954
96 1798954
97 1798954
98 1798954
99 1798954
100 1798954
101 1798954
102 1798954
103 1798954
104 1798954
105 1798954
106 1798954
107 1798954
108 1798954
109 1798954
110 1798954
111 1798954
112 1798954
113 1798954
114 1798954
115 1798954
116 1798954
117 1798954
118 1798954
119 1798954
120 1798954
121 1798954
122 1798954
123 1798954
124 1798954
125 1798954
126 1798954
127 1798954
128 1798954
129 1798954
130 1798954
131 1798954
132 1798954
133 1798954
134 1798954
135 1798954
136 1798954
137 1798954
138 1798954
139 1798954
140 1798954
141 1798954
142 1798954
143 1798954
144 1798954
145 1798954
146 1798954
147 1798954
148 1798954
149 1798954
150 1798954
151 1798954
152 1798954
153 1798954
154 1798954
155 1798954
156 1798954
157 1798954
158 1798954
159 1798954
160 1798954
161 1798954
162 1798954
163 1798954
164 1798954
165 1798954
166 1798954
167 1798954
168 1798954
169 1798954
170 1798954
171 1798954
172 1798954
173 1798954
174 1798954
175 1798954
176 1798954
177 1798954
178 1798954
179 1798954
180 1798954
181 1798954
182 1798954
183 1798954
184 1798954
185 1798954
186 1798954
187 1798954
188 1798954
189 1798954
190 1798954
191 1798954
192 1798954
193 1798954
194 1798954
195 1798954
196 1798954
197 1798954
198 1798954
199 1798954
200 1798954
201 1798954
202 1798954
203 1798954
204 1798954
205 1798954
206 1798954
207 1798954
208 1798954
209 1798954
210 1798954
211 1798954
212 1798954
213 1798954
214 1798954
215 1798954
216 1798954
217 1798954
218 1798954
219 1798954
220 1798954
221 1798954
222 1798954
223 1798954
224 1798954
225 1798954
226 1798954
227 1798954
228 1798954
229 1798954
230 1798954
231 1798954
232 1798954
233 1798954
234 1798954
