1 36
2 37
3 40
4 43
5 45
6 49
7 53
8 58
9 60
10 63
11 66
12 67
13 68
14 68
15 69
16 70
17 70
18 72
19 73
20 75
21 77
22 80
23 83
24 83
25 85
26 85
27 86
28 94
29 101
30 108
31 108
32 118
33 124
34 133
35 139
36 144
37 149
38 153
39 157
40 160
41 161
42 164
43 175
44 178
45 187
46 192
47 198
48 204
49 208
50 212
51 212
52 215
53 217
54 218
55 220
56 223
57 226
58 229
59 232
60 235
61 237
62 240
63 243
64 246
65 251
66 255
67 260
68 264
69 269
70 271
71 276
72 278
73 282
74 288
75 295
76 300
77 304
78 308
79 313
80 318
81 323
82 330
83 337
84 342
85 347
86 351
87 357
88 362
89 367
90 374
91 381
92 389
93 398
94 403
95 408
96 413
97 418
98 424
99 430
100 435
101 435
102 440
103 446
104 452
105 458
106 464
107 471
108 477
109 481
110 484
111 487
112 491
113 493
114 498
115 503
116 507
117 512
118 516
119 520
120 524
121 528
122 532
123 537
124 539
125 542
126 546
127 548
128 551
129 554
130 557
131 560
132 563
133 566
134 570
135 573
136 575
137 577
138 580
139 583
140 586
141 589
142 594
143 597
144 600
145 602
146 605
147 607
148 609
149 611
150 613
151 615
152 617
153 619
154 620
155 622
156 624
157 626
158 628
159 630
160 632
161 634
162 636
163 637
164 637
165 639
166 641
167 643
168 645
169 647
170 649
171 650
172 651
173 652
174 653
175 653
176 654
177 654
178 656
179 656
180 656
181 656
182 657
183 657
184 658
185 660
186 661
187 662
188 663
189 663
190 664
191 664
192 665
193 666
194 666
195 666
196 666
197 666
198 666
199 667
200 668
201 669
202 670
203 671
204 671
205 672
206 673
207 674
208 675
209 676
210 676
211 676
212 676
213 676
214 676
215 676
216 676
217 676
218 676
219 676
220 676
221 676
222 676
223 676
224 676
225 676
226 677
