1 1808680
2 1808680
3 1808680
4 1808680
5 1808680
6 1808680
7 1808680
8 1808680
9 1808680
10 1808680
11 1808680
12 1808680
13 1808680
14 1808680
15 1808680
16 1808680
17 1808680
18 1808680
19 1808680
20 1808680
21 1808680
22 1808680
23 1808680
24 1808680
25 1808680
26 1808680
27 1808680
28 1808680
29 1808680
30 1808680
31 1808680
32 1808680
33 1808680
34 1808680
35 1808680
36 1808680
37 1808680
38 1808680
39 1808680
40 1808680
41 1808680
42 1808680
43 1808680
44 1808680
45 1808680
46 1808680
47 1808680
48 1808680
49 1808680
50 1808680
51 1808680
52 1808680
53 1808680
54 1808680
55 1808680
56 1808680
57 1808680
58 1808680
59 1808680
60 1808680
61 1808680
62 1808680
63 1808680
64 1808680
65 1808680
66 1808680
67 1808680
68 1808680
69 1808680
70 1808680
71 1808680
72 1808680
73 1808680
74 1808680
75 1808680
76 1808680
77 1808680
78 1808680
79 1808680
80 1808680
81 1808680
82 1808680
83 1808680
84 1808680
85 1808680
86 1808680
87 1808680
88 1808680
89 1808680
90 1808680
91 1808680
92 1808680
93 1808680
94 1808680
95 1808680
96 1808680
97 1808680
98 1808680
99 1808680
100 1808680
101 1808680
102 1808680
103 1808680
104 1808680
105 1808680
106 1808680
107 1808680
108 1808680
109 1808680
110 1808680
111 1808680
112 1808680
113 1808680
114 1808680
115 1808680
116 1808680
117 1808680
118 1808680
119 1808680
120 1808680
121 1808680
122 1808680
123 1808680
124 1808680
125 1808680
126 1808680
127 1808680
128 1808680
129 1808680
130 1808680
131 1808680
132 1808680
133 1808680
134 1808680
135 1808680
136 1808680
137 1808680
138 1808680
139 1808680
140 1808680
141 1808680
142 1808680
143 1808680
144 1808680
145 1808680
146 1808680
147 1808680
148 1808680
149 1808680
150 1808680
151 1808680
152 1808680
153 1808680
154 1808680
155 1808680
156 1808680
157 1808680
158 1808680
159 1808680
160 1808680
161 1808680
162 1808680
163 1808680
164 1808680
165 1808680
166 1808680
167 1808680
168 1808680
169 1808680
170 1808680
171 1808680
172 1808680
173 1808680
174 1808680
175 1808680
176 1808680
177 1808680
178 1808680
179 1808680
180 1808680
181 1808680
182 1808680
183 1808680
184 1808680
185 1808680
186 1808680
187 1808680
188 1808680
189 1808680
190 1808680
191 1808680
192 1808680
193 1808680
194 1808680
