1 4572951
2 4572951
3 4572951
4 4572951
5 4572951
6 4572951
7 4572951
8 4572951
9 4572951
10 4572951
11 4572951
12 4572951
13 4572951
14 4572951
15 4572951
16 4572951
17 4572951
18 4572951
19 4572951
20 4572951
21 4572951
22 4572951
23 4572951
24 4572951
25 4572951
26 4572951
27 4572951
28 4572951
29 4572951
30 4572951
31 4572951
32 4572951
33 4572951
34 4572951
35 4572951
36 4572951
37 4572951
38 4572951
39 4572951
40 4572951
41 4572951
42 4572951
43 4572951
44 4572951
45 4572951
46 4572951
47 4572951
48 4572951
49 4572951
50 4572951
51 4572951
52 4572951
53 4572951
54 4572951
55 4572951
56 4572951
57 4572951
58 4572951
59 4572951
60 4572951
61 4572951
62 4572951
63 4572951
64 4572951
65 4572951
66 4572951
67 4572951
68 4572951
69 4572951
70 4572951
71 4572951
72 4572951
73 4572951
74 4572951
75 4572951
76 4572951
77 4572951
78 4572951
79 4572951
80 4572951
81 4572951
82 4572951
83 4572951
84 4572951
85 4572951
86 4572951
87 4572951
88 4572951
89 4572951
90 4572951
91 4572951
92 4572951
93 4572951
94 4572951
95 4572951
96 4572951
97 4572951
98 4572951
99 4572951
100 4572951
101 4572951
102 4572951
103 4572951
104 4572951
105 4572951
106 4572951
107 4572951
108 4572951
109 4572951
110 4572951
111 4572951
112 4572951
113 4572951
114 4572951
115 4572951
116 4572951
117 4572951
118 4572951
119 4572951
120 4572951
121 4572951
122 4572951
123 4572951
124 4572951
125 4572951
126 4572951
127 4572951
128 4572951
129 4572951
130 4572951
131 4572951
132 4572951
133 4572951
134 4572951
135 4572951
136 4572951
137 4572951
138 4572951
139 4572951
140 4572951
141 4572951
142 4572951
143 4572951
144 4572951
145 4572951
146 4572951
147 4572951
148 4572951
149 4572951
150 4572951
151 4572951
152 4572951
153 4572951
154 4572951
155 4572951
156 4572951
157 4572951
158 4572951
159 4572951
160 4572951
161 4572951
162 4572951
163 4572951
164 4572951
165 4572951
166 4572951
167 4572951
168 4572951
169 4572951
170 4572951
171 4572951
172 4572951
173 4572951
174 4572951
175 4572951
176 4572951
177 4572951
178 4572951
179 4572951
180 4572951
181 4572951
182 4572951
183 4572951
184 4572951
185 4572951
186 4572951
187 4572951
188 4572951
189 4572951
190 4572951
191 4572951
192 4572951
193 4572951
194 4572951
195 4572951
196 4572951
197 4572951
198 4572951
199 4572951
200 4572951
201 4572951
202 4572951
203 4572951
204 4572951
205 4572951
206 4572951
207 4572951
208 4572951
209 4572951
210 4572951
211 4572951
212 4572951
213 4572951
214 4572951
215 4572951
216 4572951
217 4572951
218 4572951
219 4572951
220 4572951
221 4572951
222 4572951
223 4572951
