1 1263703
2 1263703
3 1263703
4 1263703
5 1263703
6 1263703
7 1263703
8 1263703
9 1263703
10 1263703
11 1263703
12 1263703
13 1263703
14 1263703
15 1263703
16 1263703
17 1263703
18 1263703
19 1263703
20 1263703
21 1263703
22 1263703
23 1263703
24 1263703
25 1263703
26 1263703
27 1263703
28 1263703
29 1263703
30 1263703
31 1263703
32 1263703
33 1263703
34 1263703
35 1263703
36 1263703
37 1263703
38 1263703
39 1263703
40 1263703
41 1263703
42 1263703
43 1263703
44 1263703
45 1263703
46 1263703
47 1263703
48 1263703
49 1263703
50 1263703
51 1263703
52 1263703
53 1263703
54 1263703
55 1263703
56 1263703
57 1263703
58 1263703
59 1263703
60 1263703
61 1263703
62 1263703
63 1263703
64 1263703
65 1263703
66 1263703
67 1263703
68 1263703
69 1263703
70 1263703
71 1263703
72 1263703
73 1263703
74 1263703
75 1263703
76 1263703
77 1263703
78 1263703
79 1263703
80 1263703
81 1263703
82 1263703
83 1263703
84 1263703
85 1263703
86 1263703
87 1263703
88 1263703
89 1263703
90 1263703
91 1263703
92 1263703
93 1263703
94 1263703
95 1263703
96 1263703
97 1263703
98 1263703
99 1263703
100 1263703
101 1263703
102 1263703
103 1263703
104 1263703
105 1263703
106 1263703
107 1263703
108 1263703
109 1263703
110 1263703
111 1263703
112 1263703
113 1263703
114 1263703
115 1263703
116 1263703
117 1263703
118 1263703
119 1263703
120 1263703
121 1263703
122 1263703
123 1263703
124 1263703
125 1263703
126 1263703
127 1263703
128 1263703
129 1263703
130 1263703
131 1263703
132 1263703
133 1263703
134 1263703
135 1263703
136 1263703
137 1263703
138 1263703
139 1263703
140 1263703
141 1263703
142 1263703
143 1263703
