1 1005
2 1026
3 1042
4 1065
5 1091
6 1106
7 1129
8 1138
9 1164
10 1198
11 1227
12 1252
13 1260
14 1289
15 1310
16 1334
17 1379
18 1434
19 1489
20 1519
21 1547
22 1578
23 1608
24 1652
25 1689
26 1731
27 1771
28 1876
29 1940
30 2000
31 2067
32 2144
33 2178
34 2216
35 2273
36 2337
37 2384
38 2441
39 2455
40 2497
41 2517
42 2541
43 2582
44 2612
45 2640
46 2679
47 2694
48 2704
49 2717
50 2731
51 2755
52 2767
53 2780
54 2808
55 2816
56 2835
57 2845
58 2852
59 2861
60 2875
61 2888
62 2893
63 2905
64 2910
65 2929
66 2946
67 2970
68 2985
69 2992
70 3013
71 3028
72 3034
73 3046
74 3062
75 3070
76 3083
77 3093
78 3104
79 3116
80 3126
81 3129
82 3137
83 3155
84 3167
85 3186
86 3199
87 3209
88 3216
89 3232
90 3241
91 3250
92 3262
93 3273
94 3291
95 3305
96 3317
97 3322
98 3327
99 3345
100 3355
101 3366
102 3376
103 3387
104 3407
105 3423
106 3435
107 3442
108 3455
109 3472
110 3474
111 3487
112 3498
113 3506
114 3520
115 3530
116 3545
117 3561
118 3574
119 3584
120 3600
121 3602
122 3616
123 3619
124 3630
125 3636
126 3645
127 3656
128 3660
129 3667
130 3680
131 3681
132 3689
133 3702
134 3716
135 3719
136 3723
137 3727
138 3729
139 3732
140 3734
141 3742
142 3742
143 3745
144 3745
145 3747
146 3750
147 3752
148 3754
149 3759
150 3761
151 3762
152 3764
153 3767
154 3774
155 3777
156 3780
157 3789
158 3790
159 3792
160 3794
161 3796
162 3800
163 3802
164 3804
165 3804
166 3805
167 3807
168 3808
169 3808
170 3809
171 3810
172 3811
173 3811
174 3811
