1 391
2 480
3 485
4 552
5 597
6 757
7 946
8 1029
9 1047
10 1318
11 1756
12 1837
13 2186
14 2498
15 2602
16 2806
17 2979
18 3316
19 3606
20 3950
21 4137
22 4504
23 4844
24 5104
25 5235
26 5524
27 5903
28 6361
29 6656
30 7105
31 7588
32 7977
33 8409
34 8809
35 9387
36 9830
37 10267
38 10713
39 11062
40 11561
41 12067
42 12486
43 13026
44 13608
45 14325
46 14848
47 15348
48 15862
49 16618
50 17185
51 17842
52 18245
53 18726
54 19235
55 19812
56 20656
57 21382
58 21867
59 22650
60 23436
61 24203
62 24972
63 25657
64 26254
65 26852
66 27665
67 28222
68 28722
69 29379
70 30040
71 30710
72 31334
73 32066
74 32597
75 33124
76 33617
77 34184
78 34680
79 35163
80 35639
81 35921
82 36287
83 36604
84 37063
85 37507
86 37813
87 38316
88 38602
89 38978
90 39339
91 39639
92 39861
93 40035
94 40225
95 40417
96 40558
97 40729
98 40933
99 41072
100 41254
101 41465
102 41598
103 41699
104 41853
105 41972
106 42079
107 42204
108 42372
109 42515
110 42609
111 42776
112 42901
113 43099
114 43210
115 43296
116 43348
117 43421
118 43445
119 43484
120 43511
121 43578
122 43673
123 43741
124 43829
125 43946
126 44037
127 44107
128 44209
129 44326
130 44372
131 44405
132 44464
133 44507
134 44565
135 44639
136 44663
137 44688
138 44725
139 44776
140 44804
141 44838
142 44884
143 44951
144 44970
145 44996
146 45019
147 45042
148 45064
149 45080
150 45095
151 45105
152 45115
153 45125
154 45138
155 45179
156 45214
157 45247
158 45260
159 45273
160 45295
161 45316
162 45327
163 45340
164 45365
165 45380
166 45402
167 45416
168 45455
169 45473
170 45483
171 45497
172 45507
173 45521
174 45537
175 45553
176 45564
177 45568
178 45576
179 45581
180 45587
181 45601
182 45614
183 45622
184 45626
185 45631
186 45637
187 45648
188 45656
189 45665
190 45677
191 45679
192 45686
193 45688
194 45695
195 45703
196 45709
197 45714
198 45720
199 45732
200 45736
201 45742
202 45745
203 45749
204 45757
