1 1506522
2 1506522
3 1506522
4 1506522
5 1506522
6 1506522
7 1506522
8 1506522
9 1506522
10 1506522
11 1506522
12 1506522
13 1506522
14 1506522
15 1506522
16 1506522
17 1506522
18 1506522
19 1506522
20 1506522
21 1506522
22 1506522
23 1506522
24 1506522
25 1506522
26 1506522
27 1506522
28 1506522
29 1506522
30 1506522
31 1506522
32 1506522
33 1506522
34 1506522
35 1506522
36 1506522
37 1506522
38 1506522
39 1506522
40 1506522
41 1506522
42 1506522
43 1506522
44 1506522
45 1506522
46 1506522
47 1506522
48 1506522
49 1506522
50 1506522
51 1506522
52 1506522
53 1506522
54 1506522
55 1506522
56 1506522
57 1506522
58 1506522
59 1506522
60 1506522
61 1506522
62 1506522
63 1506522
64 1506522
65 1506522
66 1506522
67 1506522
68 1506522
69 1506522
70 1506522
71 1506522
72 1506522
73 1506522
74 1506522
75 1506522
76 1506522
77 1506522
78 1506522
79 1506522
80 1506522
81 1506522
82 1506522
83 1506522
84 1506522
85 1506522
86 1506522
87 1506522
88 1506522
89 1506522
90 1506522
91 1506522
92 1506522
93 1506522
94 1506522
95 1506522
96 1506522
97 1506522
98 1506522
99 1506522
100 1506522
101 1506522
102 1506522
103 1506522
104 1506522
105 1506522
106 1506522
107 1506522
108 1506522
109 1506522
110 1506522
111 1506522
112 1506522
113 1506522
114 1506522
115 1506522
116 1506522
117 1506522
118 1506522
119 1506522
120 1506522
121 1506522
122 1506522
123 1506522
124 1506522
125 1506522
126 1506522
127 1506522
128 1506522
129 1506522
130 1506522
131 1506522
132 1506522
133 1506522
134 1506522
135 1506522
136 1506522
137 1506522
138 1506522
139 1506522
140 1506522
141 1506522
142 1506522
143 1506522
144 1506522
145 1506522
146 1506522
147 1506522
148 1506522
149 1506522
150 1506522
151 1506522
152 1506522
153 1506522
154 1506522
155 1506522
156 1506522
157 1506522
158 1506522
159 1506522
160 1506522
161 1506522
162 1506522
163 1506522
164 1506522
165 1506522
166 1506522
167 1506522
168 1506522
169 1506522
170 1506522
171 1506522
172 1506522
173 1506522
174 1506522
175 1506522
