1 1003
2 1008
3 1015
4 1024
5 1029
6 1031
7 1038
8 1041
9 1043
10 1046
11 1048
12 1051
13 1053
14 1054
15 1059
16 1065
17 1074
18 1077
19 1081
20 1086
21 1091
22 1101
23 1098
24 1128
25 1133
26 1169
27 1202
28 1239
29 1255
30 1252
31 1260
32 1271
33 1279
34 1283
35 1286
36 1289
37 1294
38 1298
39 1306
40 1319
41 1323
42 1331
43 1332
44 1337
45 1339
46 1339
47 1344
48 1349
49 1351
50 1355
51 1358
52 1364
53 1369
54 1380
55 1388
56 1400
57 1403
58 1410
59 1410
60 1410
61 1410
62 1413
63 1416
64 1422
65 1424
66 1434
67 1441
68 1442
69 1448
70 1449
71 1449
72 1451
73 1453
74 1454
75 1454
76 1459
77 1459
78 1461
79 1463
80 1466
81 1466
82 1467
83 1469
84 1470
85 1470
86 1470
87 1470
88 1470
89 1470
90 1471
91 1471
92 1471
93 1471
94 1471
95 1471
96 1471
97 1471
98 1472
99 1472
100 1474
101 1473
102 1473
103 1473
104 1473
105 1473
106 1473
107 1473
