1 724
2 744
3 773
4 784
5 784
6 804
7 829
8 886
9 886
10 897
11 934
12 1056
13 1066
14 1131
15 1198
16 1225
17 1238
18 1238
19 1238
20 1256
21 1283
22 1286
23 1308
24 1308
25 1320
26 1388
27 1401
28 1417
29 1448
30 1448
31 1448
32 1448
33 1458
34 1458
35 1458
36 1466
37 1488
38 1493
39 1506
40 1519
41 1519
42 1520
43 1542
44 1545
45 1550
46 1557
47 1586
48 1597
49 1606
50 1611
51 1611
52 1613
53 1613
54 1613
55 1656
56 1663
57 1678
58 1688
59 1688
60 1691
61 1703
62 1703
63 1703
64 1703
65 1722
66 1731
67 1731
68 1731
69 1733
70 1737
71 1782
72 1785
73 1789
74 1791
75 1800
76 1818
77 1840
78 1850
79 1858
80 1858
81 1863
82 1873
83 1883
84 1896
85 1921
86 1944
87 1954
88 1961
89 1964
90 1967
91 1968
92 1982
93 1996
94 1999
95 1999
96 2006
97 2018
98 2025
99 2042
100 2046
101 2051
102 2054
103 2059
104 2065
105 2065
106 2070
107 2070
108 2078
109 2093
110 2095
111 2100
112 2100
113 2114
114 2120
115 2120
116 2137
117 2140
118 2142
119 2142
120 2149
121 2149
122 2158
123 2166
124 2175
125 2178
126 2184
127 2184
128 2192
129 2196
130 2198
131 2209
132 2209
133 2218
134 2223
135 2232
136 2237
137 2237
138 2237
139 2245
140 2245
141 2250
142 2264
143 2267
144 2274
145 2278
146 2278
147 2278
148 2281
149 2286
150 2286
151 2292
152 2320
153 2320
154 2329
155 2329
156 2329
157 2337
158 2337
159 2337
160 2342
161 2342
162 2347
163 2347
164 2347
165 2357
166 2364
167 2364
168 2364
169 2372
170 2378
171 2378
172 2378
173 2378
174 2378
175 2378
176 2388
177 2388
178 2395
179 2395
180 2399
181 2413
182 2427
183 2432
184 2459
185 2459
186 2459
187 2479
188 2479
189 2484
190 2484
191 2484
192 2484
193 2491
194 2491
195 2497
196 2497
197 2506
198 2506
199 2506
200 2506
