1 839
2 876
3 885
4 889
5 891
6 923
7 942
8 949
9 974
10 984
11 1005
12 1026
13 1035
14 1049
15 1119
16 1144
17 1149
18 1196
19 1216
20 1250
21 1308
22 1337
23 1386
24 1420
25 1424
26 1535
27 1587
28 1603
29 1639
30 1678
31 1710
32 1796
33 1870
34 1957
35 1981
36 2039
37 2079
38 2111
39 2246
40 2279
41 2284
42 2296
43 2635
44 2949
45 3162
46 3357
47 3377
48 3521
49 3598
50 3677
51 3745
52 3845
53 3937
54 4122
55 4234
56 4274
57 4451
58 4693
59 4965
60 5092
61 5261
62 5400
63 5520
64 5633
65 5751
66 5903
67 6016
68 6175
69 6317
70 6493
71 6660
72 6813
73 6942
74 7140
75 7316
76 7497
77 7709
78 7825
79 7916
80 8082
81 8140
82 8246
83 8372
84 8527
85 8664
86 8812
87 8929
88 9020
89 9107
90 9207
91 9326
92 9421
93 9514
94 9608
95 9694
96 9801
97 9876
98 9945
99 10058
100 10133
101 10214
102 10262
103 10328
104 10400
105 10476
106 10536
107 10578
108 10626
109 10655
110 10677
111 10711
112 10773
113 10811
114 10852
115 10895
116 10923
117 10957
118 10977
119 11011
120 11041
121 11096
122 11126
123 11147
124 11173
125 11201
126 11240
127 11262
128 11266
129 11280
130 11294
131 11336
132 11361
133 11382
134 11399
135 11427
136 11444
137 11458
138 11479
139 11496
140 11514
141 11531
142 11560
143 11589
144 11608
145 11617
146 11638
147 11650
148 11657
149 11662
150 11669
151 11677
152 11678
153 11692
154 11701
155 11708
156 11724
157 11725
158 11735
159 11759
160 11775
161 11784
162 11794
163 11806
164 11819
165 11819
166 11828
167 11843
168 11854
169 11867
170 11883
171 11895
172 11909
173 11924
174 11939
175 11953
176 11962
177 11973
178 11981
179 11993
180 11999
181 12011
182 12023
183 12033
184 12042
185 12052
186 12066
187 12075
188 12083
189 12090
190 12097
191 12104
192 12107
193 12115
194 12120
195 12126
196 12134
197 12140
