1 0
2 0
3 0
4 0
5 0
6 0
7 0
8 0
9 0
10 0
11 0
12 0
13 0
14 0
15 0
16 0
17 0
18 0
19 0
20 0
21 0
22 0
23 0
24 0
25 0
26 0
27 0
28 0
29 0
30 0
31 0
32 0
33 0
34 0
35 0
36 0
37 0
38 0
39 0
40 0
41 0
42 0
43 0
44 0
45 0
46 0
47 0
48 0
49 0
50 0
51 0
52 0
53 0
54 0
55 0
56 0
57 0
58 0
59 0
60 0
61 0
62 0
63 0
64 0
65 0
66 0
67 0
68 0
69 0
70 0
71 0
72 0
73 0
74 0
75 0
76 0
77 0
78 0
79 0
80 0
81 0
82 0
83 0
84 0
85 0
86 0
87 0
88 0
89 0
90 0
91 0
92 0
93 0
94 0
95 0
96 0
97 0
98 0
99 0
100 0
101 0
102 0
103 0
104 0
105 0
106 0
107 0
108 0
109 0
110 0
111 0
112 0
113 0
114 0
115 0
116 0
117 0
118 1
119 1
120 1
121 1
122 1
123 1
124 1
125 1
126 1
127 1
128 1
129 1
130 1
131 1
132 1
133 1
134 1
135 3
136 3
137 3
138 3
139 3
140 8
141 10
142 10
143 10
144 10
145 11
146 11
147 11
148 11
149 11
150 11
151 11
152 11
153 11
154 12
155 12
156 12
157 12
158 12
159 13
160 13
161 13
162 13
163 13
164 13
165 13
166 13
167 17
168 17
169 17
170 17
171 17
172 17
173 19
174 19
175 21
176 23
177 23
178 23
179 23
180 24
181 25
182 25
183 26
184 28
185 30
186 30
187 30
188 30
189 30
190 50
191 51
192 53
193 59
194 63
195 63
196 65
197 69
198 69
199 74
200 78
201 78
202 80
203 80
204 82
205 83
206 83
207 83
208 86
209 88
210 90
211 90
212 90
213 94
214 94
215 94
216 94
217 95
218 100
219 100
220 102
221 106
222 112
223 113
224 121
225 123
226 135
227 135
228 143
229 153
230 153
231 153
232 161
233 164
234 167
235 169
236 169
237 171
238 171
239 172
240 172
241 173
242 173
243 173
244 179
245 179
246 184
247 184
248 184
249 189
250 190
251 194
252 194
253 195
254 197
255 206
256 208
257 209
258 214
259 215
260 226
261 227
262 233
263 236
264 236
265 237
266 237
267 242
268 245
269 245
270 248
271 250
272 252
273 254
274 260
275 263
276 264
277 267
278 267
279 269
280 271
281 271
282 272
283 272
284 272
285 272
286 274
287 274
288 274
289 274
290 274
291 274
292 275
293 275
294 275
295 275
296 276
297 276
298 277
299 277
300 277
301 277
302 277
303 277
304 277
305 277
306 277
307 277
308 277
309 277
310 277
311 277
312 279
313 280
314 281
315 281
316 282
317 282
318 284
319 284
320 285
321 285
322 285
323 285
324 285
325 285
326 285
327 285
328 285
329 285
330 285
331 285
332 286
333 286
334 286
335 286
336 286
337 286
338 286
339 286
340 286
341 286
342 286
