1 129
2 135
3 140
4 146
5 151
6 154
7 160
8 165
9 169
10 169
11 172
12 176
13 178
14 180
15 184
16 186
17 191
18 194
19 196
20 202
21 209
22 214
23 222
24 229
25 234
26 238
27 247
28 254
29 260
30 265
31 275
32 279
33 283
34 287
35 293
36 297
37 301
38 308
39 316
40 322
41 323
42 329
43 336
44 339
45 345
46 351
47 354
48 359
49 366
50 372
51 379
52 386
53 394
54 402
55 410
56 418
57 428
58 438
59 444
60 457
61 470
62 486
63 499
64 509
65 516
66 525
67 537
68 549
69 561
70 576
71 592
72 608
73 623
74 642
75 658
76 669
77 686
78 696
79 706
80 723
81 739
82 760
83 779
84 799
85 820
86 835
87 860
88 887
89 907
90 927
91 948
92 962
93 980
94 999
95 1015
96 1036
97 1057
98 1070
99 1093
100 1110
101 1121
102 1132
103 1154
104 1166
105 1174
106 1187
107 1203
108 1222
109 1238
110 1249
111 1261
112 1280
113 1290
114 1301
115 1318
116 1333
117 1350
118 1368
119 1376
120 1392
121 1411
122 1428
123 1433
124 1449
125 1461
126 1473
127 1489
128 1500
129 1515
130 1537
131 1551
132 1566
133 1581
134 1600
135 1607
136 1619
137 1633
138 1639
139 1652
140 1669
141 1684
142 1699
143 1710
144 1721
145 1737
146 1750
147 1767
148 1783
149 1799
150 1817
151 1828
152 1841
153 1861
154 1877
155 1896
156 1914
157 1926
158 1943
159 1956
160 1971
161 1984
162 2002
163 2019
164 2038
165 2054
166 2078
167 2097
168 2111
169 2125
170 2139
171 2157
172 2172
173 2190
174 2206
175 2222
176 2235
177 2247
178 2259
179 2274
180 2287
181 2307
182 2323
183 2336
184 2351
185 2363
186 2380
187 2390
188 2403
189 2421
190 2435
191 2448
192 2459
193 2471
194 2481
195 2490
196 2505
197 2515
198 2526
199 2541
200 2553
201 2569
202 2583
203 2596
204 2608
205 2616
206 2628
207 2640
208 2651
209 2665
210 2675
211 2690
212 2706
213 2723
214 2742
215 2755
216 2771
217 2782
218 2798
219 2812
220 2829
221 2839
222 2849
223 2858
224 2863
225 2872
226 2882
227 2888
228 2897
229 2904
230 2916
231 2929
232 2933
233 2937
234 2945
235 2950
236 2956
237 2964
238 2972
239 2980
240 2984
241 2990
242 2996
243 3005
244 3010
245 3013
246 3016
247 3026
248 3031
249 3035
250 3040
251 3042
252 3044
253 3045
254 3046
255 3048
256 3052
257 3055
258 3058
259 3060
260 3063
261 3065
262 3066
263 3067
264 3071
265 3073
266 3074
267 3075
