1 605
2 638
3 663
4 690
5 724
6 756
7 764
8 809
9 834
10 860
11 890
12 947
13 995
14 1073
15 1216
16 1307
17 1370
18 1401
19 1452
20 1475
21 1512
22 1556
23 1648
24 1692
25 1740
26 1823
27 1837
28 1870
29 1932
30 1991
31 2040
32 2075
33 2100
34 2111
35 2145
36 2165
37 2189
38 2228
39 2268
40 2302
41 2340
42 2369
43 2374
44 2408
45 2454
46 2495
47 2534
48 2570
49 2619
50 2642
51 2662
52 2690
53 2732
54 2769
55 2799
56 2821
57 2846
58 2860
59 2880
60 2902
61 2920
62 2938
63 2958
64 2977
65 3005
66 3031
67 3050
68 3086
69 3102
70 3120
71 3131
72 3163
73 3183
74 3201
75 3229
76 3259
77 3304
78 3327
79 3344
80 3364
81 3377
82 3412
83 3442
84 3465
85 3478
86 3497
87 3511
88 3530
89 3554
90 3587
91 3599
92 3607
93 3615
94 3627
95 3634
96 3641
97 3648
98 3658
99 3682
100 3694
101 3722
102 3727
103 3735
104 3739
105 3743
106 3749
107 3753
108 3760
109 3777
110 3780
111 3797
112 3801
113 3805
114 3807
115 3810
116 3812
117 3815
118 3817
119 3824
120 3824
121 3832
122 3838
123 3839
124 3842
125 3845
126 3846
127 3846
128 3847
129 3855
130 3858
131 3858
132 3859
133 3860
134 3862
135 3862
136 3864
137 3864
138 3869
139 3873
140 3879
141 3882
142 3882
143 3885
144 3885
145 3885
146 3885
147 3889
148 3889
149 3891
150 3891
151 3891
152 3892
153 3902
154 3904
155 3905
156 3909
157 3912
158 3915
159 3919
160 3926
161 3931
162 3941
163 3948
164 3956
165 3959
166 3959
167 3961
168 3961
169 3961
170 3964
171 3973
172 3978
173 3979
174 3983
175 3985
176 3992
177 3995
178 3997
179 4001
180 4007
