1 1008
2 1046
3 1125
4 1150
5 1247
6 1334
7 1393
8 1476
9 1521
10 1558
11 1579
12 1631
13 1720
14 1838
15 1940
16 2048
17 2156
18 2269
19 2355
20 2434
21 2527
22 2668
23 2749
24 2801
25 2882
26 2941
27 2982
28 3061
29 3101
30 3144
31 3195
32 3266
33 3298
34 3328
35 3375
36 3456
37 3534
38 3562
39 3600
40 3654
41 3695
42 3748
43 3806
44 3860
45 3886
46 3948
47 3991
48 4055
49 4109
50 4152
51 4199
52 4215
53 4277
54 4305
55 4351
56 4397
57 4436
58 4456
59 4476
60 4518
61 4573
62 4618
63 4665
64 4689
65 4721
66 4749
67 4780
68 4813
69 4841
70 4892
71 4925
72 4963
73 4989
74 5034
75 5065
76 5087
77 5098
78 5117
79 5129
80 5147
81 5162
82 5192
83 5209
84 5230
85 5265
86 5280
87 5304
88 5355
89 5366
90 5384
91 5402
92 5413
93 5422
94 5438
95 5445
96 5464
97 5477
98 5496
99 5500
100 5515
101 5519
102 5527
103 5534
104 5558
105 5567
106 5580
107 5583
108 5595
109 5601
110 5617
111 5628
112 5633
113 5641
114 5647
115 5647
116 5659
117 5677
118 5708
119 5715
120 5717
121 5721
122 5723
123 5734
124 5739
125 5749
126 5752
127 5761
128 5772
129 5773
130 5778
131 5784
132 5788
133 5792
134 5797
135 5805
136 5809
137 5821
138 5827
139 5833
140 5834
141 5840
142 5846
143 5857
144 5864
145 5876
146 5894
147 5913
148 5924
149 5932
150 5933
151 5937
152 5943
153 5949
154 5951
155 5953
156 5955
157 5975
158 5975
159 5980
160 5982
161 5985
162 5988
163 5988
164 5991
165 5993
166 5995
167 5997
168 5998
169 6000
170 6003
171 6008
172 6009
173 6011
174 6017
175 6019
176 6023
177 6028
178 6029
179 6029
180 6031
181 6034
182 6036
183 6037
184 6037
185 6037
186 6037
187 6042
188 6043
189 6043
190 6043
191 6044
192 6047
