1 1019
2 1036
3 1062
4 1064
5 1187
6 1222
7 1237
8 1295
9 1369
10 1432
11 1490
12 1558
13 1603
14 1687
15 1788
16 1832
17 1885
18 2036
19 2135
20 2230
21 2291
22 2363
23 2393
24 2441
25 2517
26 2596
27 2653
28 2674
29 2727
30 2743
31 2832
32 2897
33 2936
34 2989
35 3020
36 3059
37 3073
38 3109
39 3150
40 3189
41 3217
42 3231
43 3255
44 3263
45 3292
46 3313
47 3333
48 3351
49 3359
50 3372
51 3374
52 3384
53 3392
54 3400
55 3427
56 3429
57 3440
58 3440
59 3453
60 3466
61 3475
62 3488
63 3490
64 3495
65 3495
66 3505
67 3511
68 3517
69 3520
70 3524
71 3525
72 3525
73 3538
74 3547
75 3558
76 3560
77 3576
78 3586
79 3587
80 3593
81 3599
82 3599
83 3600
84 3607
85 3613
86 3615
87 3624
88 3635
89 3639
90 3641
91 3646
92 3649
93 3649
94 3651
95 3660
96 3666
97 3678
98 3684
99 3696
100 3696
101 3703
102 3706
103 3711
104 3719
105 3726
106 3735
107 3736
108 3738
109 3741
110 3744
111 3751
112 3755
113 3760
114 3763
115 3772
116 3781
117 3787
118 3790
119 3791
120 3796
121 3796
122 3803
123 3811
124 3818
125 3818
126 3822
127 3823
128 3823
129 3827
130 3833
131 3837
132 3837
133 3837
134 3840
135 3843
136 3847
137 3849
138 3857
139 3858
140 3861
141 3867
142 3867
143 3870
144 3870
145 3875
146 3878
147 3884
148 3885
149 3889
