1 1
2 1
3 2
4 4
5 4
6 4
7 4
8 4
9 4
10 5
11 5
12 7
13 12
14 14
15 18
16 21
17 22
18 25
19 26
20 27
21 28
22 29
23 29
24 29
25 31
26 32
27 33
28 36
29 42
30 43
31 44
32 47
33 49
34 49
35 51
36 54
37 61
38 63
39 71
40 78
41 84
42 91
43 98
44 104
45 111
46 117
47 124
48 125
49 129
50 136
51 143
52 151
53 159
54 167
55 177
56 185
57 192
58 201
59 203
60 212
61 220
62 225
63 227
64 232
65 240
66 243
67 250
68 257
69 264
70 273
71 282
72 291
73 300
74 306
75 310
76 315
77 320
78 327
79 335
80 340
81 343
82 345
83 348
84 351
85 354
86 357
87 365
88 368
89 371
90 371
91 374
92 377
93 378
94 380
95 380
96 385
97 386
98 388
99 391
100 392
101 393
102 396
103 400
104 404
105 404
106 407
107 411
108 411
109 412
110 415
111 419
112 420
113 421
114 424
115 425
116 428
117 431
118 435
119 435
120 437
121 439
122 439
123 439
124 440
125 440
126 440
127 440
128 441
129 442
130 442
131 444
132 444
133 444
134 444
135 444
136 444
137 445
138 445
139 446
140 446
141 446
142 446
143 447
144 448
145 448
146 449
147 449
148 450
149 450
150 450
151 450
152 450
153 450
154 450
155 451
156 451
157 451
158 452
159 453
160 453
161 453
162 453
163 453
164 454
165 454
166 454
167 454
168 455
169 455
170 455
171 455
172 455
173 455
174 456
175 457
176 458
177 458
178 459
179 459
180 459
181 459
182 460
183 461
184 461
185 461
186 461
187 461
188 461
189 461
190 461
191 461
192 461
193 461
194 461
195 462
196 462
197 462
198 462
199 462
200 462
201 462
202 462
203 462
204 462
205 462
206 462
207 462
208 462
209 463
210 463
211 463
212 463
213 463
214 463
215 463
