1 2181753
2 2181753
3 2181753
4 2181753
5 2181753
6 2181753
7 2181753
8 2181753
9 2181753
10 2181753
11 2181753
12 2181753
13 2181753
14 2181753
15 2181753
16 2181753
17 2181753
18 2181753
19 2181753
20 2181753
21 2181753
22 2181753
23 2181753
24 2181753
25 2181753
26 2181753
27 2181753
28 2181753
29 2181753
30 2181753
31 2181753
32 2181753
33 2181753
34 2181753
35 2181753
36 2181753
37 2181753
38 2181753
39 2181753
40 2181753
41 2181753
42 2181753
43 2181753
44 2181753
45 2181753
46 2181753
47 2181753
48 2181753
49 2181753
50 2181753
51 2181753
52 2181753
53 2181753
54 2181753
55 2181753
56 2181753
57 2181753
58 2181753
59 2181753
60 2181753
61 2181753
62 2181753
63 2181753
64 2181753
65 2181753
66 2181753
67 2181753
68 2181753
69 2181753
70 2181753
71 2181753
72 2181753
73 2181753
74 2181753
75 2181753
76 2181753
77 2181753
78 2181753
79 2181753
80 2181753
81 2181753
82 2181753
83 2181753
84 2181753
85 2181753
86 2181753
87 2181753
88 2181753
89 2181753
90 2181753
91 2181753
92 2181753
93 2181753
94 2181753
95 2181753
96 2181753
97 2181753
98 2181753
99 2181753
100 2181753
101 2181753
102 2181753
103 2181753
104 2181753
105 2181753
106 2181753
107 2181753
108 2181753
109 2181753
110 2181753
111 2181753
112 2181753
113 2181753
114 2181753
115 2181753
116 2181753
117 2181753
118 2181753
119 2181753
120 2181753
121 2181753
122 2181753
123 2181753
124 2181753
125 2181753
126 2181753
127 2181753
128 2181753
129 2181753
130 2181753
131 2181753
132 2181753
133 2181753
134 2181753
135 2181753
136 2181753
137 2181753
138 2181753
139 2181753
140 2181753
141 2181753
142 2181753
143 2181753
144 2181753
145 2181753
146 2181753
147 2181753
148 2181753
149 2181753
150 2181753
151 2181753
152 2181753
153 2181753
154 2181753
155 2181753
156 2181753
157 2181753
158 2181753
159 2181753
160 2181753
161 2181753
162 2181753
163 2181753
164 2181753
165 2181753
166 2181753
167 2181753
168 2181753
169 2181753
170 2181753
171 2181753
172 2181753
173 2181753
174 2181753
175 2181753
176 2181753
177 2181753
178 2181753
179 2181753
180 2181753
181 2181753
182 2181753
183 2181753
184 2181753
185 2181753
186 2181753
187 2181753
188 2181753
189 2181753
190 2181753
191 2181753
192 2181753
193 2181753
194 2181753
195 2181753
196 2181753
197 2181753
198 2181753
199 2181753
200 2181753
201 2181753
202 2181753
203 2181753
204 2181753
205 2181753
206 2181753
207 2181753
208 2181753
209 2181753
