1 9
2 10
3 12
4 12
5 13
6 16
7 18
8 21
9 21
10 21
11 21
12 22
13 22
14 22
15 23
16 28
17 28
18 32
19 37
20 38
21 42
22 44
23 50
24 57
25 64
26 68
27 74
28 83
29 91
30 95
31 100
32 105
33 115
34 121
35 131
36 137
37 146
38 148
39 155
40 170
41 179
42 191
43 201
44 217
45 227
46 233
47 238
48 249
49 257
50 268
51 282
52 294
53 300
54 311
55 317
56 325
57 338
58 342
59 347
60 353
61 360
62 369
63 377
64 384
65 391
66 394
67 398
68 405
69 411
70 416
71 420
72 422
73 426
74 429
75 432
76 433
77 436
78 439
79 442
80 443
81 445
82 446
83 447
84 447
85 450
86 454
87 456
88 458
89 461
90 465
91 468
92 471
93 471
94 472
95 474
96 474
97 474
98 475
99 476
100 478
101 479
102 480
103 483
104 483
105 483
106 483
107 484
108 485
109 485
110 485
111 486
112 486
113 486
114 486
115 486
116 487
117 487
118 487
119 487
120 487
121 488
122 488
123 488
124 489
125 489
126 490
127 490
128 490
129 491
130 491
131 491
132 492
133 493
134 493
135 493
136 494
137 495
138 495
139 495
140 495
141 495
142 495
143 495
144 495
145 496
146 497
147 498
148 498
149 499
150 499
151 500
152 501
153 501
154 501
155 501
156 501
157 503
158 504
159 504
160 504
161 504
162 504
163 505
164 505
165 505
166 505
167 505
168 505
169 505
170 505
171 505
172 505
173 505
174 505
175 505
176 505
177 505
178 506
179 506
180 506
181 506
182 506
183 506
184 506
185 506
186 506
187 506
188 506
189 506
190 506
191 506
192 506
193 506
194 506
195 506
196 506
197 506
198 506
199 506
200 506
201 506
202 506
203 506
204 506
205 506
206 506
