1 1703068
2 1703068
3 1703068
4 1703068
5 1703068
6 1703068
7 1703068
8 1703068
9 1703068
10 1703068
11 1703068
12 1703068
13 1703068
14 1703068
15 1703068
16 1703068
17 1703068
18 1703068
19 1703068
20 1703068
21 1703068
22 1703068
23 1703068
24 1703068
25 1703068
26 1703068
27 1703068
28 1703068
29 1703068
30 1703068
31 1703068
32 1703068
33 1703068
34 1703068
35 1703068
36 1703068
37 1703068
38 1703068
39 1703068
40 1703068
41 1703068
42 1703068
43 1703068
44 1703068
45 1703068
46 1703068
47 1703068
48 1703068
49 1703068
50 1703068
51 1703068
52 1703068
53 1703068
54 1703068
55 1703068
56 1703068
57 1703068
58 1703068
59 1703068
60 1703068
61 1703068
62 1703068
63 1703068
64 1703068
65 1703068
66 1703068
67 1703068
68 1703068
69 1703068
70 1703068
71 1703068
72 1703068
73 1703068
74 1703068
75 1703068
76 1703068
77 1703068
78 1703068
79 1703068
80 1703068
81 1703068
82 1703068
83 1703068
84 1703068
85 1703068
86 1703068
87 1703068
88 1703068
89 1703068
90 1703068
91 1703068
92 1703068
93 1703068
94 1703068
95 1703068
96 1703068
97 1703068
98 1703068
99 1703068
100 1703068
101 1703068
102 1703068
103 1703068
104 1703068
105 1703068
106 1703068
107 1703068
108 1703068
109 1703068
110 1703068
111 1703068
112 1703068
113 1703068
114 1703068
115 1703068
116 1703068
117 1703068
118 1703068
119 1703068
120 1703068
121 1703068
122 1703068
123 1703068
124 1703068
125 1703068
126 1703068
127 1703068
128 1703068
129 1703068
130 1703068
131 1703068
132 1703068
133 1703068
134 1703068
135 1703068
136 1703068
137 1703068
138 1703068
139 1703068
140 1703068
141 1703068
142 1703068
143 1703068
144 1703068
145 1703068
146 1703068
147 1703068
148 1703068
149 1703068
150 1703068
151 1703068
152 1703068
153 1703068
