1 354
2 393
3 432
4 455
5 494
6 553
7 579
8 616
9 639
10 667
11 689
12 734
13 771
14 793
15 799
16 832
17 843
18 896
19 970
20 1020
21 1080
22 1129
23 1163
24 1182
25 1235
26 1320
27 1384
28 1418
29 1460
30 1491
31 1520
32 1521
33 1559
34 1615
35 1653
36 1672
37 1689
38 1699
39 1737
40 1766
41 1814
42 1862
43 1905
44 1926
45 1927
46 2044
47 2122
48 2155
49 2231
50 2295
51 2360
52 2438
53 2632
54 2734
55 2789
56 2885
57 3002
58 3261
59 3455
60 3616
61 3713
62 3812
63 3829
64 3957
65 4057
66 4186
67 4239
68 4330
69 4450
70 4607
71 4774
72 4899
73 4975
74 5164
75 5358
76 5484
77 5548
78 5793
79 6002
80 6102
81 6191
82 6340
83 6418
84 6521
85 6539
86 6629
87 6723
88 6767
89 6838
90 6887
91 7108
92 7369
93 7602
94 7681
95 7876
96 7982
97 8039
98 8460
99 8641
100 8992
101 9081
102 9205
103 9334
104 9482
105 9604
106 9719
107 9866
108 10306
109 10504
110 10707
111 10829
112 10915
113 11081
114 11245
115 11443
116 11741
117 11913
118 12059
119 12197
120 12393
121 12562
122 12719
123 12857
124 13057
125 13208
126 13420
127 13583
128 13805
129 14862
130 15065
131 15343
132 15460
133 15618
134 15750
135 16092
136 16714
137 17072
138 17259
139 17534
140 17698
141 17889
142 18144
143 18334
144 18593
145 18832
146 19065
147 19259
148 19431
149 19620
150 19813
151 20018
152 20374
153 20525
154 20640
155 20798
156 21006
157 21203
158 21401
159 21566
160 21718
161 21937
162 22172
163 22445
164 22655
165 22848
166 22997
167 23166
168 23301
169 23397
170 23541
171 23657
172 23759
173 24739
174 24880
175 25107
176 25250
177 25371
178 25512
179 25646
180 25779
181 25928
182 26030
183 26173
184 26247
185 26331
186 26404
187 26478
188 26521
189 26601
190 26678
191 26742
192 26782
193 26815
194 26862
195 27613
196 27642
197 27677
198 27735
199 27766
200 27805
201 27851
202 27879
203 27935
204 27976
205 28010
206 28089
207 28147
208 28205
209 28298
210 28308
211 28351
212 28387
213 28405
214 28416
215 28442
216 28463
217 28476
218 28499
219 28524
220 28545
221 28553
222 28562
