1 14
2 14
3 14
4 16
5 16
6 16
7 20
8 21
9 21
10 21
11 23
12 23
13 23
14 24
15 25
16 26
17 26
18 26
19 26
20 26
21 26
22 27
23 27
24 28
25 28
26 28
27 29
28 29
29 29
30 30
31 30
32 30
33 32
34 33
35 33
36 33
37 33
38 34
39 36
40 41
41 41
42 42
43 44
44 44
45 44
46 45
47 45
48 47
49 48
50 48
51 48
52 51
53 51
54 52
55 53
56 56
57 57
58 60
59 61
60 62
61 63
62 64
63 64
64 66
65 69
66 69
67 69
68 72
69 75
70 76
71 79
72 79
73 79
74 82
75 84
76 84
77 86
78 88
79 89
80 93
81 95
82 96
83 98
84 99
85 102
86 102
87 104
88 106
89 106
90 106
91 106
92 106
93 106
94 106
95 106
96 106
97 106
98 107
99 107
100 107
101 107
102 108
103 109
104 109
105 109
106 111
107 111
108 111
109 111
110 111
111 112
112 112
113 112
114 112
115 112
116 112
117 112
118 112
119 112
120 112
121 112
122 112
123 112
124 112
125 112
126 112
127 112
128 112
129 112
130 113
131 114
132 114
133 114
134 114
135 114
136 115
137 115
138 116
139 116
140 116
141 116
142 116
143 116
144 116
145 116
146 116
147 116
148 116
149 116
150 116
151 116
152 116
153 116
154 116
155 116
156 116
157 117
158 117
159 117
160 117
161 117
162 117
163 117
164 117
165 117
166 117
167 117
168 117
169 117
170 117
171 117
172 117
173 117
174 117
175 117
176 117
177 117
178 117
179 117
180 117
181 117
182 117
183 117
184 117
185 117
