1 1099
2 1142
3 1212
4 1282
5 1362
6 1368
7 1461
8 1612
9 1695
10 1781
11 2039
12 2265
13 2363
14 2503
15 2618
16 2816
17 2939
18 3081
19 3229
20 3335
21 3469
22 3545
23 3692
24 3827
25 3893
26 4002
27 4259
28 4445
29 4677
30 4942
31 5110
32 5175
33 5342
34 5485
35 5725
36 6019
37 6275
38 6582
39 6893
40 7167
41 7510
42 7842
43 8140
44 8533
45 8899
46 9200
47 9475
48 9936
49 10249
50 10652
51 10958
52 11192
53 11385
54 11530
55 11835
56 12176
57 12455
58 12777
59 13185
60 13520
61 13683
62 13953
63 14174
64 14411
65 14602
66 14959
67 15345
68 15540
69 15733
70 15940
71 16244
72 16373
73 16555
74 16652
75 16832
76 16990
77 17148
78 17305
79 17414
80 17583
81 17734
82 17820
83 17917
84 17993
85 18086
86 18167
87 18280
88 18369
89 18420
90 18456
91 18540
92 18651
93 18723
94 18807
95 18894
96 18920
97 18988
98 19064
99 19104
100 19155
101 19214
102 19239
103 19293
104 19316
105 19354
106 19393
107 19435
108 19452
109 19482
110 19496
111 19541
112 19568
113 19593
114 19613
115 19637
116 19649
117 19660
118 19687
119 19717
120 19741
121 19838
122 19905
123 19968
124 20010
125 20081
126 20124
127 20168
128 20183
129 20220
130 20315
131 20352
132 20371
133 20394
134 20425
135 20468
136 20491
137 20544
138 20563
139 20598
140 20620
141 20645
142 20694
143 20730
144 20757
145 20771
146 20782
147 20824
148 20848
149 20869
150 20917
151 20959
152 20973
153 21014
154 21080
155 21117
156 21136
157 21159
158 21183
159 21210
160 21240
161 21310
162 21339
163 21361
164 21409
165 21469
166 21460
167 21482
168 21547
169 21596
170 21621
171 21672
172 21682
173 21725
174 21748
175 21808
176 21841
177 21872
178 21892
179 21929
180 21963
181 21979
182 22012
183 22034
184 22050
185 22098
186 22104
187 22110
188 22129
189 22154
190 22245
191 22255
192 22271
193 22284
194 22300
