1 1872413
2 1872413
3 1872413
4 1872413
5 1872413
6 1872413
7 1872413
8 1872413
9 1872413
10 1872413
11 1872413
12 1872413
13 1872413
14 1872413
15 1872413
16 1872413
17 1872413
18 1872413
19 1872413
20 1872413
21 1872413
22 1872413
23 1872413
24 1872413
25 1872413
26 1872413
27 1872413
28 1872413
29 1872413
30 1872413
31 1872413
32 1872413
33 1872413
34 1872413
35 1872413
36 1872413
37 1872413
38 1872413
39 1872413
40 1872413
41 1872413
42 1872413
43 1872413
44 1872413
45 1872413
46 1872413
47 1872413
48 1872413
49 1872413
50 1872413
51 1872413
52 1872413
53 1872413
54 1872413
55 1872413
56 1872413
57 1872413
58 1872413
59 1872413
60 1872413
61 1872413
62 1872413
63 1872413
64 1872413
65 1872413
66 1872413
67 1872413
68 1872413
69 1872413
70 1872413
71 1872413
72 1872413
73 1872413
74 1872413
75 1872413
76 1872413
77 1872413
78 1872413
79 1872413
80 1872413
81 1872413
82 1872413
83 1872413
84 1872413
85 1872413
86 1872413
87 1872413
88 1872413
89 1872413
90 1872413
91 1872413
92 1872413
93 1872413
94 1872413
95 1872413
96 1872413
97 1872413
98 1872413
99 1872413
100 1872413
101 1872413
102 1872413
103 1872413
104 1872413
105 1872413
106 1872413
107 1872413
108 1872413
109 1872413
110 1872413
111 1872413
112 1872413
113 1872413
114 1872413
115 1872413
116 1872413
117 1872413
118 1872413
119 1872413
120 1872413
121 1872413
122 1872413
123 1872413
124 1872413
125 1872413
126 1872413
127 1872413
128 1872413
129 1872413
130 1872413
131 1872413
132 1872413
133 1872413
134 1872413
135 1872413
136 1872413
137 1872413
138 1872413
139 1872413
140 1872413
141 1872413
142 1872413
143 1872413
144 1872413
145 1872413
146 1872413
147 1872413
148 1872413
149 1872413
150 1872413
151 1872413
152 1872413
153 1872413
154 1872413
155 1872413
156 1872413
157 1872413
158 1872413
159 1872413
160 1872413
161 1872413
162 1872413
163 1872413
164 1872413
165 1872413
166 1872413
167 1872413
168 1872413
169 1872413
170 1872413
171 1872413
172 1872413
173 1872413
