1 726
2 758
3 769
4 811
5 840
6 859
7 900
8 900
9 906
10 914
11 927
12 944
13 973
14 1004
15 1037
16 1068
17 1114
18 1118
19 1132
20 1156
21 1182
22 1191
23 1200
24 1210
25 1226
26 1237
27 1269
28 1290
29 1302
30 1316
31 1317
32 1322
33 1328
34 1344
35 1360
36 1377
37 1396
38 1409
39 1428
40 1437
41 1443
42 1469
43 1477
44 1544
45 1555
46 1586
47 1608
48 1651
49 1705
50 1723
51 1760
52 1789
53 1827
54 1897
55 1927
56 1985
57 2048
58 2077
59 2118
60 2139
61 2169
62 2201
63 2240
64 2272
65 2303
66 2336
67 2346
68 2369
69 2377
70 2393
71 2408
72 2423
73 2451
74 2480
75 2490
76 2497
77 2508
78 2515
79 2527
80 2539
81 2550
82 2566
83 2572
84 2575
85 2588
86 2591
87 2604
88 2613
89 2618
90 2630
91 2640
92 2647
93 2650
94 2659
95 2666
96 2670
97 2680
98 2688
99 2688
100 2689
101 2690
102 2690
103 2699
104 2703
105 2704
106 2707
107 2708
108 2712
109 2717
110 2720
111 2725
112 2728
113 2735
114 2738
115 2741
116 2748
117 2754
118 2759
119 2763
120 2769
121 2771
122 2776
123 2779
124 2784
125 2787
126 2787
127 2793
128 2795
129 2798
130 2802
131 2803
132 2806
133 2810
134 2811
135 2812
136 2813
137 2815
138 2817
139 2819
140 2821
141 2825
142 2826
143 2828
144 2828
145 2828
146 2828
147 2828
148 2828
149 2828
150 2829
151 2830
152 2830
153 2830
154 2830
155 2832
156 2832
157 2833
158 2833
159 2836
160 2837
161 2837
162 2837
163 2837
164 2837
165 2838
166 2838
167 2838
168 2838
169 2838
170 2838
171 2838
172 2838
173 2838
174 2838
175 2838
176 2840
177 2840
178 2840
179 2841
180 2841
181 2841
182 2841
183 2841
184 2841
185 2841
186 2841
187 2841
188 2841
189 2841
190 2841
