1 1007
2 1039
3 1052
4 1079
5 1103
6 1112
7 1154
8 1165
9 1171
10 1193
11 1212
12 1254
13 1285
14 1338
15 1380
16 1427
17 1442
18 1507
19 1551
20 1599
21 1616
22 1643
23 1664
24 1727
25 1800
26 1857
27 1921
28 1938
29 2031
30 2064
31 2139
32 2207
33 2247
34 2255
35 2309
36 2345
37 2387
38 2425
39 2455
40 2483
41 2507
42 2546
43 2579
44 2623
45 2670
46 2687
47 2736
48 2754
49 2791
50 2823
51 2866
52 2912
53 2941
54 2974
55 2987
56 3021
57 3058
58 3098
59 3126
60 3157
61 3198
62 3225
63 3252
64 3298
65 3323
66 3357
67 3391
68 3421
69 3429
70 3446
71 3471
72 3519
73 3553
74 3577
75 3603
76 3614
77 3641
78 3671
79 3733
80 3757
81 3787
82 3803
83 3818
84 3835
85 3869
86 3896
87 3929
88 3953
89 3970
90 3998
91 4021
92 4044
93 4064
94 4096
95 4126
96 4146
97 4162
98 4171
99 4195
100 4236
101 4265
102 4286
103 4323
104 4359
105 4379
106 4409
107 4441
108 4464
109 4503
110 4517
111 4585
112 4595
113 4613
114 4635
115 4666
116 4682
117 4689
118 4701
119 4711
120 4744
121 4754
122 4780
123 4806
124 4827
125 4837
126 4849
127 4866
128 4874
129 4886
130 4895
131 4903
132 4907
133 4919
134 4933
135 4945
136 4947
137 4960
138 4978
139 4986
140 4991
141 5004
142 5004
143 5019
144 5024
145 5027
146 5030
147 5032
148 5037
149 5042
150 5058
151 5069
152 5077
153 5079
154 5085
155 5088
156 5091
157 5093
158 5101
159 5102
160 5102
161 5111
162 5111
163 4990
164 4944
165 4945
166 4955
167 4957
168 4964
169 4967
170 4969
171 4969
172 4974
173 4978
174 4979
