1 875564
2 875564
3 875564
4 875564
5 875564
6 875564
7 875564
8 875564
9 875564
10 875564
11 875564
12 875564
13 875564
14 875564
15 875564
16 875564
17 875564
18 875564
19 875564
20 875564
21 875564
22 875564
23 875564
24 875564
25 875564
26 875564
27 875564
28 875564
29 875564
30 875564
31 875564
32 875564
33 875564
34 875564
35 875564
36 875564
37 875564
38 875564
39 875564
40 875564
41 875564
42 875564
43 875564
44 875564
45 875564
46 875564
47 875564
48 875564
49 875564
50 875564
51 875564
52 875564
53 875564
54 875564
55 875564
56 875564
57 875564
58 875564
59 875564
60 875564
61 875564
62 875564
63 875564
64 875564
65 875564
66 875564
67 875564
68 875564
69 875564
70 875564
71 875564
72 875564
73 875564
74 875564
75 875564
76 875564
77 875564
78 875564
79 875564
80 875564
81 875564
82 875564
83 875564
84 875564
85 875564
86 875564
87 875564
88 875564
89 875564
90 875564
91 875564
92 875564
93 875564
94 875564
95 875564
96 875564
97 875564
98 875564
99 875564
100 875564
101 875564
102 875564
103 875564
104 875564
105 875564
106 875564
107 875564
108 875564
109 875564
110 875564
111 875564
112 875564
113 875564
114 875564
115 875564
116 875564
117 875564
118 875564
119 875564
120 875564
121 875564
122 875564
123 875564
124 875564
125 875564
126 875564
127 875564
128 875564
129 875564
130 875564
131 875564
132 875564
133 875564
134 875564
135 875564
136 875564
137 875564
138 875564
139 875564
140 875564
141 875564
142 875564
143 875564
144 875564
145 875564
146 875564
147 875564
148 875564
149 875564
150 875564
151 875564
152 875564
153 875564
154 875564
155 875564
156 875564
157 875564
158 875564
159 875564
160 875564
161 875564
162 875564
163 875564
164 875564
165 875564
166 875564
167 875564
168 875564
169 875564
170 875564
171 875564
172 875564
173 875564
174 875564
175 875564
176 875564
177 875564
178 875564
179 875564
180 875564
181 875564
182 875564
183 875564
184 875564
185 875564
186 875564
187 875564
188 875564
189 875564
190 875564
191 875564
192 875564
193 875564
194 875564
