1 1022
2 1101
3 1168
4 1197
5 1251
6 1301
7 1382
8 1426
9 1476
10 1535
11 1583
12 1696
13 1748
14 1794
15 1821
16 1886
17 1952
18 1974
19 2025
20 2056
21 2105
22 2142
23 2180
24 2208
25 2235
26 2284
27 2318
28 2330
29 2365
30 2395
31 2427
32 2502
33 2558
34 2628
35 2710
36 2838
37 2883
38 2921
39 2963
40 3018
41 3083
42 3120
43 3155
44 3177
45 3213
46 3254
47 3274
48 3300
49 3319
50 3352
51 3363
52 3385
53 3400
54 3434
55 3492
56 3514
57 3568
58 3583
59 3613
60 3628
61 3646
62 3663
63 3674
64 3686
65 3696
66 3720
67 3752
68 3774
69 3795
70 3831
71 3846
72 3865
73 3897
74 3912
75 3921
76 3933
77 3957
78 3976
79 3981
80 3994
81 4006
82 4017
83 4031
84 4040
85 4047
86 4059
87 4075
88 4093
89 4102
90 4111
91 4120
92 4144
93 4157
94 4167
95 4175
96 4204
97 4216
98 4224
99 4235
100 4246
101 4256
102 4273
103 4296
104 4317
105 4333
106 4339
107 4343
108 4350
109 4367
110 4374
111 4383
112 4395
113 4410
114 4418
115 4431
116 4445
117 4457
118 4468
119 4481
120 4492
121 4492
122 4498
123 4502
124 4513
125 4524
126 4533
127 4537
128 4548
129 4555
130 4564
131 4584
132 4591
133 4602
134 4610
135 4610
136 4617
137 4620
138 4623
139 4624
140 4626
141 4633
142 4637
143 4640
144 4643
145 4645
146 4650
147 4654
148 4656
149 4660
150 4662
151 4665
152 4665
153 4666
154 4668
155 4668
156 4671
157 4673
158 4675
159 4676
160 4678
161 4678
162 4678
163 4679
164 4680
165 4682
166 4683
167 4685
168 4685
169 4687
170 4687
171 4687
172 4687
173 4688
174 4689
175 4692
176 4692
177 4693
