1 1008
2 1008
3 1018
4 1035
5 1041
6 1069
7 1069
8 1085
9 1094
10 1098
11 1108
12 1141
13 1161
14 1163
15 1181
16 1209
17 1230
18 1256
19 1273
20 1306
21 1348
22 1394
23 1459
24 1498
25 1525
26 1571
27 1637
28 1680
29 1724
30 1753
31 1780
32 1814
33 1839
34 1894
35 1943
36 1989
37 2014
38 2045
39 2075
40 2094
41 2117
42 2135
43 2166
44 2235
45 2289
46 2382
47 2421
48 2474
49 2524
50 2609
51 2676
52 2784
53 2846
54 2863
55 2906
56 2980
57 3027
58 3079
59 3178
60 3207
61 3221
62 3243
63 3304
64 3346
65 3377
66 3450
67 3495
68 3539
69 3575
70 3613
71 3640
72 3665
73 3717
74 3729
75 3752
76 3794
77 3812
78 3827
79 3841
80 3885
81 3905
82 3926
83 3944
84 3967
85 3986
86 4019
87 4044
88 4076
89 4094
90 4098
91 4135
92 4175
93 4205
94 4250
95 4286
96 4311
97 4320
98 4350
99 4394
100 4419
101 4460
102 4480
103 4512
104 4518
105 4550
106 4576
107 4613
108 4657
109 4670
110 4688
111 4702
112 4734
113 4756
114 4779
115 4808
116 4810
117 4821
118 4927
119 4951
120 4984
121 5011
122 5027
123 5059
124 5076
125 5090
126 5114
127 5133
128 5162
129 5178
130 5192
131 5198
132 5208
133 5224
134 5234
135 5244
136 5262
137 5269
138 5270
139 5290
140 5302
141 5322
142 5347
143 5361
144 5367
145 5372
146 5387
147 5400
148 5413
149 5426
150 5433
151 5440
152 5455
153 5457
154 5464
155 5476
156 5485
157 5495
158 5499
159 5513
160 5517
161 5519
162 5531
163 5537
164 5546
165 5550
166 5571
167 5573
168 5576
169 5581
170 5586
171 5593
172 5596
173 5601
174 5604
175 5607
176 5608
177 5611
178 5616
179 5621
180 5626
181 5628
182 5631
183 5635
184 5638
185 5640
186 5642
187 5645
188 5646
189 5647
190 5650
191 5657
192 5658
193 5659
194 5662
