1 896129
2 896129
3 896129
4 896129
5 896129
6 896129
7 896129
8 896129
9 896129
10 896129
11 896129
12 896129
13 896129
14 896129
15 896129
16 896129
17 896129
18 896129
19 896129
20 896129
21 896129
22 896129
23 896129
24 896129
25 896129
26 896129
27 896129
28 896129
29 896129
30 896129
31 896129
32 896129
33 896129
34 896129
35 896129
36 896129
37 896129
38 896129
39 896129
40 896129
41 896129
42 896129
43 896129
44 896129
45 896129
46 896129
47 896129
48 896129
49 896129
50 896129
51 896129
52 896129
53 896129
54 896129
55 896129
56 896129
57 896129
58 896129
59 896129
60 896129
61 896129
62 896129
63 896129
64 896129
65 896129
66 896129
67 896129
68 896129
69 896129
70 896129
71 896129
72 896129
73 896129
74 896129
75 896129
76 896129
77 896129
78 896129
79 896129
80 896129
81 896129
82 896129
83 896129
84 896129
85 896129
86 896129
87 896129
88 896129
89 896129
90 896129
91 896129
92 896129
93 896129
94 896129
95 896129
96 896129
97 896129
98 896129
99 896129
100 896129
101 896129
102 896129
103 896129
104 896129
105 896129
106 896129
107 896129
108 896129
109 896129
110 896129
111 896129
112 896129
113 896129
114 896129
115 896129
116 896129
117 896129
118 896129
119 896129
120 896129
121 896129
122 896129
123 896129
124 896129
125 896129
126 896129
127 896129
128 896129
129 896129
130 896129
131 896129
132 896129
133 896129
134 896129
135 896129
136 896129
137 896129
138 896129
139 896129
140 896129
141 896129
142 896129
143 896129
144 896129
145 896129
146 896129
147 896129
148 896129
149 896129
150 896129
151 896129
152 896129
153 896129
154 896129
155 896129
156 896129
157 896129
158 896129
159 896129
160 896129
161 896129
162 896129
163 896129
164 896129
165 896129
166 896129
167 896129
168 896129
169 896129
170 896129
171 896129
172 896129
173 896129
174 896129
175 896129
176 896129
177 896129
178 896129
179 896129
180 896129
181 896129
182 896129
183 896129
184 896129
185 896129
186 896129
187 896129
188 896129
189 896129
190 896129
191 896129
192 896129
193 896129
194 896129
195 896129
196 896129
197 896129
198 896129
199 896129
