1 1016
2 1056
3 1096
4 1162
5 1231
6 1294
7 1379
8 1477
9 1561
10 1643
11 1687
12 1814
13 1913
14 2012
15 2102
16 2204
17 2302
18 2394
19 2499
20 2577
21 2632
22 2663
23 2759
24 2867
25 2958
26 3081
27 3250
28 3310
29 3450
30 3564
31 3708
32 3891
33 3983
34 4053
35 4152
36 4250
37 4362
38 4479
39 4625
40 4774
41 4900
42 5051
43 5198
44 5303
45 5440
46 5542
47 5666
48 5770
49 5867
50 5986
51 6087
52 6189
53 6300
54 6419
55 6528
56 6635
57 6729
58 6846
59 6959
60 7086
61 7210
62 7326
63 7453
64 7593
65 7736
66 7850
67 7976
68 8093
69 8204
70 8336
71 8476
72 8621
73 8755
74 8924
75 9070
76 9207
77 9384
78 9527
79 9685
80 9859
81 10036
82 10192
83 10372
84 10566
85 10727
86 10971
87 11191
88 11355
89 11526
90 11690
91 11870
92 12055
93 12256
94 12437
95 12609
96 12786
97 12971
98 13163
99 13352
100 13518
101 13709
102 13941
103 14151
104 14315
105 14494
106 14681
107 14916
108 15070
109 15267
110 15489
111 15736
112 15953
113 16163
114 16368
115 16616
116 16845
117 17064
118 17283
119 17530
120 17769
121 18007
122 18224
123 18377
124 18513
125 18667
126 18826
127 18959
128 19101
129 19242
130 19300
131 19516
132 19655
133 19756
134 19868
135 19982
136 20130
137 20242
138 20339
139 20444
140 20587
141 20685
142 20762
143 20865
144 20942
145 21039
146 21138
147 21194
148 21265
149 21363
150 21435
151 21477
152 21570
153 21622
154 21695
155 21752
156 21782
157 21852
158 21871
159 21918
160 21956
161 22009
162 22046
163 22092
164 22125
165 22147
166 22187
167 22209
168 22228
169 22253
170 22272
171 22291
172 22306
173 22323
174 22346
175 22365
176 22383
177 22400
178 22410
179 22415
180 22426
181 22434
182 22446
183 22460
184 22467
185 22479
186 22493
