1 17
2 17
3 18
4 18
5 18
6 18
7 18
8 18
9 18
10 18
11 18
12 18
13 18
14 18
15 18
16 18
17 18
18 18
19 18
20 18
21 18
22 18
23 18
24 18
25 18
26 18
27 18
28 18
29 18
30 18
31 18
32 18
33 18
34 18
35 18
36 18
37 18
38 18
39 18
40 18
41 18
42 18
43 18
44 19
45 19
46 19
47 19
48 19
49 19
50 19
51 19
52 19
53 19
54 19
55 19
56 19
57 19
58 19
59 20
60 20
61 20
62 20
63 20
64 20
65 20
66 20
67 20
68 20
69 20
70 20
71 20
72 20
73 20
74 20
75 20
76 20
77 20
78 20
79 20
80 20
81 20
82 20
83 20
84 20
85 20
86 20
87 20
88 20
89 20
90 20
91 20
92 20
93 20
94 20
95 20
96 20
97 20
98 20
99 20
100 20
101 20
102 20
103 20
104 20
105 20
106 20
107 20
108 20
109 20
110 20
111 20
112 20
113 20
114 20
115 21
116 21
117 21
118 21
119 21
120 21
121 21
122 21
123 21
124 21
125 21
126 21
127 21
128 21
129 21
130 21
131 21
132 21
133 21
134 21
135 21
136 21
137 21
138 21
139 21
140 21
141 21
142 21
143 21
144 21
145 21
146 21
147 21
148 22
149 22
150 22
151 22
152 22
153 22
154 22
155 22
156 22
157 22
158 22
159 22
160 22
161 22
162 22
163 22
164 22
165 22
166 22
167 22
