1 708
2 803
3 823
4 846
5 907
6 927
7 976
8 1006
9 1025
10 1059
11 1135
12 1201
13 1224
14 1256
15 1322
16 1397
17 1558
18 1617
19 1673
20 1708
21 1831
22 1896
23 1946
24 2015
25 2040
26 2186
27 2220
28 2370
29 2398
30 2450
31 2500
32 2567
33 2606
34 2623
35 2694
36 2768
37 2825
38 2923
39 2967
40 3053
41 3098
42 3183
43 3273
44 3306
45 3363
46 3438
47 3545
48 3593
49 3654
50 3722
51 3792
52 3871
53 3911
54 3980
55 4013
56 4082
57 4109
58 4175
59 4235
60 4265
61 4305
62 4330
63 4396
64 4420
65 4454
66 4503
67 4541
68 4577
69 4615
70 4671
71 4720
72 4755
73 4801
74 4822
75 4866
76 4881
77 4906
78 4947
79 4979
80 5031
81 5069
82 5137
83 5160
84 5180
85 5218
86 5252
87 5287
88 5303
89 5323
90 5339
91 5350
92 5376
93 5399
94 5423
95 5434
96 5449
97 5472
98 5485
99 5505
100 5515
101 5523
102 5536
103 5548
104 5552
105 5568
106 5574
107 5580
108 5586
109 5594
110 5598
111 5600
112 5604
113 5609
114 5614
115 5615
116 5621
117 5623
118 5625
119 5627
120 5630
121 5635
122 5637
123 5640
124 5641
125 5643
126 5643
127 5648
128 5648
129 5654
130 5654
131 5657
132 5659
133 5659
134 5660
135 5660
136 5660
137 5660
138 5660
139 5662
140 5662
141 5667
142 5667
143 5667
144 5667
145 5669
146 5669
147 5669
148 5669
149 5671
150 5671
151 5671
152 5674
153 5674
154 5674
155 5674
156 5676
157 5676
158 5676
159 5676
160 5676
161 5676
162 5676
163 5676
164 5676
165 5676
166 5676
