1 1540231
2 1540231
3 1540231
4 1540231
5 1540231
6 1540231
7 1540231
8 1540231
9 1540231
10 1540231
11 1540231
12 1540231
13 1540231
14 1540231
15 1540231
16 1540231
17 1540231
18 1540231
19 1540231
20 1540231
21 1540231
22 1540231
23 1540231
24 1540231
25 1540231
26 1540231
27 1540231
28 1540231
29 1540231
30 1540231
31 1540231
32 1540231
33 1540231
34 1540231
35 1540231
36 1540231
37 1540231
38 1540231
39 1540231
40 1540231
41 1540231
42 1540231
43 1540231
44 1540231
45 1540231
46 1540231
47 1540231
48 1540231
49 1540231
50 1540231
51 1540231
52 1540231
53 1540231
54 1540231
55 1540231
56 1540231
57 1540231
58 1540231
59 1540231
60 1540231
61 1540231
62 1540231
63 1540231
64 1540231
65 1540231
66 1540231
67 1540231
68 1540231
69 1540231
70 1540231
71 1540231
72 1540231
73 1540231
74 1540231
75 1540231
76 1540231
77 1540231
78 1540231
79 1540231
80 1540231
81 1540231
82 1540231
83 1540231
84 1540231
85 1540231
86 1540231
87 1540231
88 1540231
89 1540231
90 1540231
91 1540231
92 1540231
93 1540231
94 1540231
95 1540231
96 1540231
97 1540231
98 1540231
99 1540231
100 1540231
101 1540231
102 1540231
103 1540231
104 1540231
105 1540231
106 1540231
107 1540231
108 1540231
109 1540231
110 1540231
111 1540231
112 1540231
113 1540231
114 1540231
115 1540231
116 1540231
117 1540231
118 1540231
119 1540231
120 1540231
121 1540231
122 1540231
123 1540231
124 1540231
125 1540231
126 1540231
127 1540231
128 1540231
129 1540231
130 1540231
131 1540231
132 1540231
133 1540231
134 1540231
135 1540231
136 1540231
137 1540231
138 1540231
139 1540231
140 1540231
141 1540231
142 1540231
143 1540231
144 1540231
145 1540231
146 1540231
147 1540231
148 1540231
149 1540231
150 1540231
151 1540231
152 1540231
153 1540231
154 1540231
155 1540231
156 1540231
157 1540231
158 1540231
159 1540231
160 1540231
161 1540231
162 1540231
163 1540231
164 1540231
165 1540231
166 1540231
167 1540231
168 1540231
169 1540231
170 1540231
171 1540231
172 1540231
173 1540231
174 1540231
175 1540231
176 1540231
177 1540231
178 1540231
179 1540231
180 1540231
181 1540231
182 1540231
183 1540231
184 1540231
185 1540231
186 1540231
187 1540231
188 1540231
189 1540231
190 1540231
