1 733
2 750
3 763
4 788
5 816
6 847
7 890
8 942
9 975
10 1015
11 1069
12 1117
13 1162
14 1229
15 1267
16 1320
17 1420
18 1487
19 1550
20 1675
21 1767
22 1850
23 1889
24 1948
25 1984
26 2008
27 2058
28 2093
29 2118
30 2154
31 2191
32 2211
33 2224
34 2242
35 2256
36 2305
37 2342
38 2359
39 2381
40 2401
41 2435
42 2457
43 2508
44 2510
45 2528
46 2559
47 2590
48 2617
49 2635
50 2649
51 2658
52 2665
53 2672
54 2685
55 2695
56 2714
57 2731
58 2748
59 2768
60 2793
61 2826
62 2846
63 2879
64 2926
65 2944
66 2955
67 2971
68 2991
69 3017
70 3044
71 3058
72 3099
73 3103
74 3124
75 3155
76 3181
77 3199
78 3221
79 3254
80 3265
81 3290
82 3319
83 3354
84 3376
85 3398
86 3422
87 3451
88 3483
89 3499
90 3520
91 3558
92 3585
93 3614
94 3656
95 3667
96 3696
97 3709
98 3726
99 3744
100 3767
101 3781
102 3809
103 3818
104 3825
105 3835
106 3845
107 3861
108 3874
109 3882
110 3907
111 3916
112 3944
113 3954
114 3962
115 3968
116 3984
117 3992
118 4005
119 4019
120 4027
121 4042
122 4051
123 4058
124 4068
125 4086
126 4094
127 4112
128 4124
129 4129
130 4132
131 4140
132 4147
133 4156
134 4170
135 4182
136 4207
137 4215
138 4228
139 4240
140 4258
141 4267
142 4273
143 4287
144 4300
145 4319
146 4335
147 4351
148 4361
149 4370
150 4382
151 4386
152 4399
153 4402
154 4407
155 4415
156 4433
157 4437
158 4458
159 4466
160 4471
161 4481
162 4487
163 4492
164 4499
165 4500
166 4503
167 4504
168 4511
169 4511
170 4521
171 4529
172 4536
173 4536
174 4539
175 4542
176 4542
177 4540
178 4543
179 4544
180 4544
181 4546
182 4547
