1 3110327
2 3110327
3 3110327
4 3110327
5 3110327
6 3110327
7 3110327
8 3110327
9 3110327
10 3110327
11 3110327
12 3110327
13 3110327
14 3110327
15 3110327
16 3110327
17 3110327
18 3110327
19 3110327
20 3110327
21 3110327
22 3110327
23 3110327
24 3110327
25 3110327
26 3110327
27 3110327
28 3110327
29 3110327
30 3110327
31 3110327
32 3110327
33 3110327
34 3110327
35 3110327
36 3110327
37 3110327
38 3110327
39 3110327
40 3110327
41 3110327
42 3110327
43 3110327
44 3110327
45 3110327
46 3110327
47 3110327
48 3110327
49 3110327
50 3110327
51 3110327
52 3110327
53 3110327
54 3110327
55 3110327
56 3110327
57 3110327
58 3110327
59 3110327
60 3110327
61 3110327
62 3110327
63 3110327
64 3110327
65 3110327
66 3110327
67 3110327
68 3110327
69 3110327
70 3110327
71 3110327
72 3110327
73 3110327
74 3110327
75 3110327
76 3110327
77 3110327
78 3110327
79 3110327
80 3110327
81 3110327
82 3110327
83 3110327
84 3110327
85 3110327
86 3110327
87 3110327
88 3110327
89 3110327
90 3110327
91 3110327
92 3110327
93 3110327
94 3110327
95 3110327
96 3110327
97 3110327
98 3110327
99 3110327
100 3110327
101 3110327
102 3110327
103 3110327
104 3110327
105 3110327
106 3110327
107 3110327
108 3110327
109 3110327
110 3110327
111 3110327
112 3110327
113 3110327
114 3110327
115 3110327
116 3110327
117 3110327
118 3110327
119 3110327
120 3110327
121 3110327
122 3110327
123 3110327
124 3110327
125 3110327
126 3110327
127 3110327
128 3110327
129 3110327
130 3110327
131 3110327
132 3110327
133 3110327
134 3110327
135 3110327
136 3110327
137 3110327
138 3110327
139 3110327
140 3110327
141 3110327
142 3110327
143 3110327
144 3110327
145 3110327
146 3110327
147 3110327
148 3110327
149 3110327
150 3110327
151 3110327
152 3110327
153 3110327
154 3110327
155 3110327
156 3110327
157 3110327
158 3110327
159 3110327
160 3110327
161 3110327
162 3110327
163 3110327
164 3110327
165 3110327
166 3110327
167 3110327
168 3110327
169 3110327
170 3110327
171 3110327
172 3110327
173 3110327
174 3110327
175 3110327
176 3110327
177 3110327
178 3110327
179 3110327
180 3110327
181 3110327
182 3110327
183 3110327
184 3110327
185 3110327
186 3110327
187 3110327
188 3110327
189 3110327
190 3110327
191 3110327
192 3110327
193 3110327
194 3110327
