1 5
2 5
3 5
4 5
5 5
6 5
7 6
8 6
9 6
10 6
11 6
12 6
13 6
14 6
15 6
16 6
17 6
18 6
19 6
20 6
21 6
22 6
23 6
24 6
25 6
26 6
27 6
28 6
29 6
30 6
31 6
32 6
33 6
34 6
35 6
36 6
37 6
38 6
39 6
40 6
41 6
42 6
43 6
44 6
45 6
46 6
47 6
48 6
49 6
50 6
51 6
52 6
53 6
54 6
55 6
56 6
57 6
58 6
59 6
60 6
61 6
62 6
63 6
64 6
65 6
66 6
67 6
68 6
69 6
70 6
71 6
72 6
73 6
74 6
75 6
76 6
77 6
78 7
79 7
80 7
81 7
82 7
83 7
84 7
85 7
86 7
87 7
88 7
89 7
90 7
91 7
92 7
93 7
94 7
95 7
96 7
97 7
98 7
99 7
100 7
101 7
102 7
103 7
104 7
105 7
106 7
107 7
108 7
109 7
110 7
111 7
112 7
113 7
114 7
115 7
116 7
117 7
118 7
119 7
120 7
121 7
122 7
123 7
124 7
125 7
126 7
127 7
128 7
129 7
130 7
131 7
132 7
133 7
134 7
135 7
136 7
137 7
138 7
139 7
140 7
141 7
142 7
143 7
144 7
145 7
146 7
147 7
148 7
149 7
150 7
151 7
152 7
153 7
154 7
155 7
156 7
157 7
158 7
159 7
160 7
161 7
162 7
163 7
164 7
165 7
166 7
