1 1009
2 1038
3 1045
4 1084
5 1127
6 1194
7 1205
8 1218
9 1241
10 1272
11 1305
12 1363
13 1530
14 1577
15 1613
16 1654
17 1691
18 1861
19 1931
20 1945
21 2050
22 2072
23 2083
24 2154
25 2254
26 2464
27 2510
28 2525
29 2541
30 2571
31 2607
32 2638
33 2666
34 2699
35 2816
36 2854
37 2887
38 2900
39 3041
40 3112
41 3153
42 3231
43 3289
44 3318
45 3335
46 3391
47 3441
48 3505
49 3563
50 3599
51 3617
52 3648
53 3668
54 3693
55 3724
56 3741
57 3756
58 3770
59 3781
60 3815
61 3827
62 3848
63 3867
64 3874
65 3883
66 3894
67 3909
68 3915
69 3937
70 3945
71 3956
72 3972
73 3982
74 3988
75 3988
76 4001
77 4008
78 4014
79 4027
80 4027
81 4035
82 4044
83 4055
84 4059
85 4065
86 4071
87 4095
88 4100
89 4108
90 4114
91 4119
92 4124
93 4124
94 4124
95 4124
96 4128
97 4134
98 4136
99 4138
100 4138
101 4142
102 4152
103 4152
104 4158
105 4164
106 4175
107 4184
108 4190
109 4192
110 4197
111 4199
112 4215
113 4220
114 4224
115 4227
116 4229
117 4232
118 4242
119 4247
120 4251
121 4260
122 4267
123 4275
124 4280
125 4285
126 4298
127 4303
128 4317
129 4323
130 4328
131 4329
132 4330
133 4335
134 4337
135 4345
136 4349
137 4352
138 4359
139 4372
140 4380
141 4381
142 4384
143 4388
144 4390
145 4392
146 4393
147 4397
148 4399
149 4406
150 4406
151 4406
152 4406
153 4418
154 4418
155 4424
156 4424
157 4426
158 4427
159 4429
160 4431
161 4432
162 4432
163 4433
164 4434
165 4435
166 4435
167 4435
168 4436
169 4437
170 4437
171 4438
172 4439
