1 1065235
2 1065235
3 1065235
4 1065235
5 1065235
6 1065235
7 1065235
8 1065235
9 1065235
10 1065235
11 1065235
12 1065235
13 1065235
14 1065235
15 1065235
16 1065235
17 1065235
18 1065235
19 1065235
20 1065235
21 1065235
22 1065235
23 1065235
24 1065235
25 1065235
26 1065235
27 1065235
28 1065235
29 1065235
30 1065235
31 1065235
32 1065235
33 1065235
34 1065235
35 1065235
36 1065235
37 1065235
38 1065235
39 1065235
40 1065235
41 1065235
42 1065235
43 1065235
44 1065235
45 1065235
46 1065235
47 1065235
48 1065235
49 1065235
50 1065235
51 1065235
52 1065235
53 1065235
54 1065235
55 1065235
56 1065235
57 1065235
58 1065235
59 1065235
60 1065235
61 1065235
62 1065235
63 1065235
64 1065235
65 1065235
66 1065235
67 1065235
68 1065235
69 1065235
70 1065235
71 1065235
72 1065235
73 1065235
74 1065235
75 1065235
76 1065235
77 1065235
78 1065235
79 1065235
80 1065235
81 1065235
82 1065235
83 1065235
84 1065235
85 1065235
86 1065235
87 1065235
88 1065235
89 1065235
90 1065235
91 1065235
92 1065235
93 1065235
94 1065235
95 1065235
96 1065235
97 1065235
98 1065235
99 1065235
100 1065235
101 1065235
102 1065235
103 1065235
104 1065235
105 1065235
106 1065235
107 1065235
108 1065235
109 1065235
110 1065235
111 1065235
112 1065235
113 1065235
114 1065235
115 1065235
116 1065235
117 1065235
118 1065235
119 1065235
120 1065235
121 1065235
122 1065235
123 1065235
124 1065235
125 1065235
126 1065235
127 1065235
128 1065235
129 1065235
130 1065235
131 1065235
132 1065235
133 1065235
134 1065235
135 1065235
136 1065235
137 1065235
138 1065235
139 1065235
140 1065235
141 1065235
142 1065235
143 1065235
144 1065235
145 1065235
146 1065235
147 1065235
148 1065235
149 1065235
150 1065235
151 1065235
152 1065235
153 1065235
154 1065235
155 1065235
156 1065235
157 1065235
158 1065235
159 1065235
160 1065235
161 1065235
162 1065235
163 1065235
164 1065235
165 1065235
166 1065235
167 1065235
168 1065235
169 1065235
170 1065235
171 1065235
172 1065235
173 1065235
174 1065235
175 1065235
176 1065235
177 1065235
178 1065235
179 1065235
180 1065235
181 1065235
182 1065235
183 1065235
184 1065235
185 1065235
186 1065235
187 1065235
188 1065235
189 1065235
190 1065235
191 1065235
