1 3318176
2 3318176
3 3318176
4 3318176
5 3318176
6 3318176
7 3318176
8 3318176
9 3318176
10 3318176
11 3318176
12 3318176
13 3318176
14 3318176
15 3318176
16 3318176
17 3318176
18 3318176
19 3318176
20 3318176
21 3318176
22 3318176
23 3318176
24 3318176
25 3318176
26 3318176
27 3318176
28 3318176
29 3318176
30 3318176
31 3318176
32 3318176
33 3318176
34 3318176
35 3318176
36 3318176
37 3318176
38 3318176
39 3318176
40 3318176
41 3318176
42 3318176
43 3318176
44 3318176
45 3318176
46 3318176
47 3318176
48 3318176
49 3318176
50 3318176
51 3318176
52 3318176
53 3318176
54 3318176
55 3318176
56 3318176
57 3318176
58 3318176
59 3318176
60 3318176
61 3318176
62 3318176
63 3318176
64 3318176
65 3318176
66 3318176
67 3318176
68 3318176
69 3318176
70 3318176
71 3318176
72 3318176
73 3318176
74 3318176
75 3318176
76 3318176
77 3318176
78 3318176
79 3318176
80 3318176
81 3318176
82 3318176
83 3318176
84 3318176
85 3318176
86 3318176
87 3318176
88 3318176
89 3318176
90 3318176
91 3318176
92 3318176
93 3318176
94 3318176
95 3318176
96 3318176
97 3318176
98 3318176
99 3318176
100 3318176
101 3318176
102 3318176
103 3318176
104 3318176
105 3318176
106 3318176
107 3318176
108 3318176
109 3318176
110 3318176
111 3318176
112 3318176
113 3318176
114 3318176
115 3318176
116 3318176
117 3318176
118 3318176
119 3318176
120 3318176
121 3318176
122 3318176
123 3318176
124 3318176
125 3318176
126 3318176
127 3318176
128 3318176
129 3318176
130 3318176
131 3318176
132 3318176
133 3318176
134 3318176
135 3318176
136 3318176
137 3318176
138 3318176
139 3318176
140 3318176
141 3318176
142 3318176
143 3318176
144 3318176
145 3318176
146 3318176
147 3318176
148 3318176
149 3318176
150 3318176
151 3318176
152 3318176
153 3318176
154 3318176
155 3318176
156 3318176
157 3318176
158 3318176
159 3318176
160 3318176
161 3318176
162 3318176
163 3318176
164 3318176
165 3318176
166 3318176
167 3318176
168 3318176
169 3318176
170 3318176
171 3318176
172 3318176
173 3318176
174 3318176
175 3318176
176 3318176
177 3318176
178 3318176
179 3318176
180 3318176
181 3318176
182 3318176
183 3318176
184 3318176
185 3318176
186 3318176
187 3318176
188 3318176
189 3318176
190 3318176
191 3318176
192 3318176
193 3318176
194 3318176
195 3318176
196 3318176
197 3318176
198 3318176
199 3318176
200 3318176
