1 1005
2 1029
3 1064
4 1092
5 1114
6 1134
7 1151
8 1199
9 1222
10 1245
11 1271
12 1303
13 1337
14 1368
15 1388
16 1412
17 1448
18 1476
19 1511
20 1520
21 1564
22 1588
23 1601
24 1631
25 1648
26 1665
27 1680
28 1704
29 1722
30 1737
31 1761
32 1770
33 1781
34 1795
35 1809
36 1821
37 1843
38 1855
39 1864
40 1869
41 1934
42 1949
43 1969
44 1978
45 2001
46 2013
47 2017
48 2027
49 2037
50 2049
51 2066
52 2078
53 2087
54 2095
55 2110
56 2124
57 2134
58 2145
59 2155
60 2160
61 2163
62 2174
63 2189
64 2204
65 2225
66 2234
67 2251
68 2264
69 2284
70 2311
71 2336
72 2365
73 2390
74 2407
75 2435
76 2469
77 2508
78 2547
79 2585
80 2632
81 2669
82 2705
83 2744
84 2778
85 2811
86 2844
87 2872
88 2895
89 2910
90 2929
91 2949
92 2962
93 2984
94 3004
95 3158
96 3169
97 3184
98 3199
99 3212
100 3224
101 3241
102 3254
103 3267
104 3282
105 3299
106 3313
107 3323
108 3332
109 3341
110 3354
111 3370
112 3383
113 3403
114 3418
115 3431
116 3445
117 3457
118 3472
119 3488
120 3502
121 3513
122 3520
123 3526
124 3529
125 3533
126 3539
127 3541
128 3545
129 3548
130 3551
131 3557
132 3560
133 3562
134 3564
135 3567
136 3570
137 3573
138 3575
139 3578
140 3581
141 3583
142 3589
143 3589
144 3590
145 3591
146 3591
147 3591
148 3596
149 3596
150 3596
151 3596
