1 2468371
2 2468371
3 2468371
4 2468371
5 2468371
6 2468371
7 2468371
8 2468371
9 2468371
10 2468371
11 2468371
12 2468371
13 2468371
14 2468371
15 2468371
16 2468371
17 2468371
18 2468371
19 2468371
20 2468371
21 2468371
22 2468371
23 2468371
24 2468371
25 2468371
26 2468371
27 2468371
28 2468371
29 2468371
30 2468371
31 2468371
32 2468371
33 2468371
34 2468371
35 2468371
36 2468371
37 2468371
38 2468371
39 2468371
40 2468371
41 2468371
42 2468371
43 2468371
44 2468371
45 2468371
46 2468371
47 2468371
48 2468371
49 2468371
50 2468371
51 2468371
52 2468371
53 2468371
54 2468371
55 2468371
56 2468371
57 2468371
58 2468371
59 2468371
60 2468371
61 2468371
62 2468371
63 2468371
64 2468371
65 2468371
66 2468371
67 2468371
68 2468371
69 2468371
70 2468371
71 2468371
72 2468371
73 2468371
74 2468371
75 2468371
76 2468371
77 2468371
78 2468371
79 2468371
80 2468371
81 2468371
82 2468371
83 2468371
84 2468371
85 2468371
86 2468371
87 2468371
88 2468371
89 2468371
90 2468371
91 2468371
92 2468371
93 2468371
94 2468371
95 2468371
96 2468371
97 2468371
98 2468371
99 2468371
100 2468371
101 2468371
102 2468371
103 2468371
104 2468371
105 2468371
106 2468371
107 2468371
108 2468371
109 2468371
110 2468371
111 2468371
112 2468371
113 2468371
114 2468371
115 2468371
116 2468371
117 2468371
118 2468371
119 2468371
120 2468371
121 2468371
122 2468371
123 2468371
124 2468371
125 2468371
126 2468371
127 2468371
128 2468371
129 2468371
130 2468371
131 2468371
132 2468371
133 2468371
134 2468371
135 2468371
136 2468371
137 2468371
138 2468371
139 2468371
140 2468371
141 2468371
142 2468371
143 2468371
144 2468371
145 2468371
146 2468371
147 2468371
148 2468371
149 2468371
150 2468371
151 2468371
152 2468371
153 2468371
154 2468371
155 2468371
156 2468371
157 2468371
158 2468371
159 2468371
160 2468371
161 2468371
162 2468371
163 2468371
164 2468371
165 2468371
166 2468371
167 2468371
168 2468371
169 2468371
170 2468371
171 2468371
172 2468371
173 2468371
174 2468371
175 2468371
176 2468371
177 2468371
178 2468371
179 2468371
180 2468371
181 2468371
182 2468371
183 2468371
184 2468371
185 2468371
186 2468371
187 2468371
