1 3392764
2 3392764
3 3392764
4 3392764
5 3392764
6 3392764
7 3392764
8 3392764
9 3392764
10 3392764
11 3392764
12 3392764
13 3392764
14 3392764
15 3392764
16 3392764
17 3392764
18 3392764
19 3392764
20 3392764
21 3392764
22 3392764
23 3392764
24 3392764
25 3392764
26 3392764
27 3392764
28 3392764
29 3392764
30 3392764
31 3392764
32 3392764
33 3392764
34 3392764
35 3392764
36 3392764
37 3392764
38 3392764
39 3392764
40 3392764
41 3392764
42 3392764
43 3392764
44 3392764
45 3392764
46 3392764
47 3392764
48 3392764
49 3392764
50 3392764
51 3392764
52 3392764
53 3392764
54 3392764
55 3392764
56 3392764
57 3392764
58 3392764
59 3392764
60 3392764
61 3392764
62 3392764
63 3392764
64 3392764
65 3392764
66 3392764
67 3392764
68 3392764
69 3392764
70 3392764
71 3392764
72 3392764
73 3392764
74 3392764
75 3392764
76 3392764
77 3392764
78 3392764
79 3392764
80 3392764
81 3392764
82 3392764
83 3392764
84 3392764
85 3392764
86 3392764
87 3392764
88 3392764
89 3392764
90 3392764
91 3392764
92 3392764
93 3392764
94 3392764
95 3392764
96 3392764
97 3392764
98 3392764
99 3392764
100 3392764
101 3392764
102 3392764
103 3392764
104 3392764
105 3392764
106 3392764
107 3392764
108 3392764
109 3392764
110 3392764
111 3392764
112 3392764
113 3392764
114 3392764
115 3392764
116 3392764
117 3392764
118 3392764
119 3392764
120 3392764
121 3392764
122 3392764
123 3392764
124 3392764
125 3392764
126 3392764
127 3392764
128 3392764
129 3392764
130 3392764
131 3392764
132 3392764
133 3392764
134 3392764
135 3392764
136 3392764
137 3392764
138 3392764
139 3392764
140 3392764
141 3392764
142 3392764
143 3392764
144 3392764
145 3392764
146 3392764
147 3392764
148 3392764
149 3392764
150 3392764
151 3392764
152 3392764
153 3392764
154 3392764
155 3392764
156 3392764
157 3392764
158 3392764
159 3392764
160 3392764
161 3392764
162 3392764
163 3392764
164 3392764
165 3392764
166 3392764
167 3392764
168 3392764
169 3392764
170 3392764
171 3392764
172 3392764
173 3392764
174 3392764
175 3392764
176 3392764
177 3392764
178 3392764
179 3392764
180 3392764
181 3392764
182 3392764
183 3392764
184 3392764
185 3392764
186 3392764
187 3392764
188 3392764
189 3392764
190 3392764
191 3392764
192 3392764
193 3392764
194 3392764
195 3392764
196 3392764
197 3392764
198 3392764
199 3392764
200 3392764
201 3392764
202 3392764
203 3392764
204 3392764
205 3392764
206 3392764
