1 767
2 803
3 822
4 844
5 878
6 891
7 911
8 952
9 990
10 1029
11 1071
12 1131
13 1174
14 1229
15 1275
16 1306
17 1331
18 1353
19 1397
20 1438
21 1481
22 1537
23 1565
24 1598
25 1639
26 1660
27 1679
28 1711
29 1752
30 1778
31 1790
32 1800
33 1808
34 1816
35 1842
36 1866
37 1918
38 1947
39 1975
40 2032
41 2096
42 2119
43 2142
44 2172
45 2212
46 2260
47 2300
48 2335
49 2360
50 2397
51 2417
52 2452
53 2481
54 2525
55 2569
56 2589
57 2610
58 2631
59 2651
60 2675
61 2698
62 2717
63 2751
64 2788
65 2801
66 2808
67 2831
68 2839
69 2867
70 2906
71 2944
72 2965
73 2986
74 3007
75 3025
76 3040
77 3069
78 3091
79 3109
80 3115
81 3131
82 3150
83 3168
84 3180
85 3190
86 3195
87 3207
88 3210
89 3211
90 3216
91 3235
92 3237
93 3249
94 3268
95 3276
96 3285
97 3302
98 3310
99 3324
100 3332
101 3333
102 3340
103 3347
104 3348
105 3350
106 3355
107 3355
108 3356
109 3367
110 3397
111 3413
112 3416
113 3425
114 3430
115 3439
116 3445
117 3448
118 3455
119 3463
120 3464
121 3479
122 3481
123 3485
124 3487
125 3502
126 3506
127 3513
128 3515
129 3517
130 3522
131 3527
132 3534
133 3539
134 3540
135 3542
136 3544
137 3546
138 3546
139 3550
140 3550
141 3565
142 3567
143 3567
144 3567
145 3567
146 3571
147 3575
148 3575
149 3579
150 3580
151 3581
152 3610
153 3614
154 3614
155 3615
156 3616
157 3619
158 3619
159 3619
160 3620
161 3620
162 3620
163 3620
164 3621
165 3621
166 3621
167 3621
168 3622
169 3622
170 3622
171 3622
172 3799
173 3799
174 3800
175 3802
176 3805
177 3805
