1 97
2 100
3 100
4 102
5 107
6 108
7 110
8 112
9 113
10 114
11 117
12 120
13 120
14 122
15 126
16 131
17 134
18 134
19 138
20 139
21 142
22 144
23 144
24 147
25 147
26 148
27 150
28 153
29 154
30 154
31 156
32 158
33 159
34 159
35 165
36 166
37 169
38 170
39 138
40 138
41 138
42 139
43 142
44 143
45 144
46 144
47 146
48 146
49 146
50 147
51 147
52 147
53 147
54 151
55 151
56 151
57 151
58 151
59 152
60 153
61 153
62 154
63 154
64 157
65 157
66 157
67 157
68 157
69 158
70 159
71 160
72 160
73 160
74 160
75 160
76 161
77 163
78 165
79 117
80 118
81 119
82 120
83 121
84 121
85 121
86 121
87 122
88 124
89 124
90 125
91 126
92 126
93 126
94 127
95 127
96 127
97 127
98 127
99 67
100 67
101 67
102 67
103 68
104 68
105 68
106 69
107 69
108 69
109 69
110 69
111 69
112 69
113 69
114 69
115 69
116 69
117 69
118 70
119 71
120 71
121 72
122 72
123 72
124 72
125 72
126 72
127 73
128 75
129 77
130 77
131 79
132 79
133 80
134 81
135 81
136 81
137 82
138 83
139 83
140 83
141 84
142 84
143 84
144 84
