1 0
2 0
3 0
4 0
5 0
6 0
7 0
8 0
9 0
10 0
11 0
12 0
13 0
14 0
15 0
16 0
17 0
18 0
19 0
20 0
21 0
22 0
23 0
24 0
25 0
26 0
27 0
28 0
29 0
30 0
31 0
32 0
33 0
34 0
35 0
36 0
37 0
38 0
39 0
40 0
41 0
42 0
43 0
44 0
45 0
46 0
47 0
48 0
49 0
50 0
51 0
52 0
53 0
54 0
55 0
56 0
57 0
58 0
59 0
60 0
61 0
62 0
63 0
64 0
65 0
66 0
67 0
68 0
69 0
70 0
71 0
72 0
73 0
74 0
75 0
76 0
77 0
78 0
79 0
80 0
81 0
82 0
83 0
84 0
85 0
86 0
87 0
88 0
89 0
90 0
91 0
92 0
93 0
94 0
95 0
96 0
97 0
98 0
99 0
100 0
101 0
102 0
103 0
104 0
105 0
106 0
107 3
108 3
109 3
110 3
111 4
112 4
113 4
114 4
115 12
116 12
117 12
118 12
119 12
120 12
121 12
122 12
123 15
124 15
125 15
126 19
127 19
128 19
129 27
130 27
131 27
132 27
133 27
134 28
135 28
136 28
137 29
138 29
139 29
140 28
141 28
142 28
143 28
144 30
145 30
146 30
147 30
148 32
149 32
150 33
151 33
152 33
153 33
154 38
155 41
156 41
157 42
158 49
159 52
160 53
161 56
162 56
163 57
164 62
165 66
166 66
167 89
168 89
169 97
170 111
171 155
172 172
173 182
174 190
175 212
176 221
177 241
178 251
179 267
180 273
181 285
182 294
183 304
184 319
185 329
186 356
187 358
188 367
189 372
190 378
191 385
192 401
193 403
194 406
195 409
196 409
197 420
198 421
199 422
200 422
201 424
202 434
203 449
204 449
205 460
206 463
207 469
208 487
209 490
210 492
211 498
212 499
213 538
214 548
215 549
216 558
217 558
218 571
219 573
220 580
221 585
222 592
223 594
224 597
225 600
226 605
227 608
228 611
229 617
230 623
231 623
232 637
233 647
234 653
235 655
236 657
237 667
238 669
239 672
240 680
241 690
242 692
243 695
244 699
245 700
246 701
247 702
248 703
249 707
250 712
251 716
252 734
253 738
254 741
255 747
256 748
257 753
258 757
259 764
260 774
261 781
262 793
263 802
264 804
265 810
266 814
267 827
268 831
269 836
270 839
271 839
272 848
273 859
274 860
275 865
276 869
277 873
278 876
279 876
280 882
281 884
282 888
283 891
284 892
285 892
286 894
287 898
288 900
289 905
290 905
291 905
292 906
293 906
294 907
295 908
296 908
297 908
298 911
299 911
300 912
301 914
302 916
303 916
304 916
305 918
306 919
307 919
308 921
309 921
310 921
311 921
312 923
313 923
314 923
315 923
316 923
317 924
318 924
319 924
320 924
321 924
322 926
323 926
324 939
325 939
326 945
327 946
328 946
329 946
330 946
331 946
332 946
333 946
334 947
335 948
336 948
337 948
338 949
339 949
340 949
341 949
342 949
