1 259840
2 259840
3 259840
4 259840
5 259840
6 259840
7 259840
8 259840
9 259840
10 259840
11 259840
12 259840
13 259840
14 259840
15 259840
16 259840
17 259840
18 259840
19 259840
20 259840
21 259840
22 259840
23 259840
24 259840
25 259840
26 259840
27 259840
28 259840
29 259840
30 259840
31 259840
32 259840
33 259840
34 259840
35 259840
36 259840
37 259840
38 259840
39 259840
40 259840
41 259840
42 259840
43 259840
44 259840
45 259840
46 259840
47 259840
48 259840
49 259840
50 259840
51 259840
52 259840
53 259840
54 259840
55 259840
56 259840
57 259840
58 259840
59 259840
60 259840
61 259840
62 259840
63 259840
64 259840
65 259840
66 259840
67 259840
68 259840
69 259840
70 259840
71 259840
72 259840
73 259840
74 259840
75 259840
76 259840
77 259840
78 259840
79 259840
80 259840
81 259840
82 259840
83 259840
84 259840
85 259840
