1 1178973
2 1178973
3 1178973
4 1178973
5 1178973
6 1178973
7 1178973
8 1178973
9 1178973
10 1178973
11 1178973
12 1178973
13 1178973
14 1178973
15 1178973
16 1178973
17 1178973
18 1178973
19 1178973
20 1178973
21 1178973
22 1178973
23 1178973
24 1178973
25 1178973
26 1178973
27 1178973
28 1178973
29 1178973
30 1178973
31 1178973
32 1178973
33 1178973
34 1178973
35 1178973
36 1178973
37 1178973
38 1178973
39 1178973
40 1178973
41 1178973
42 1178973
43 1178973
44 1178973
45 1178973
46 1178973
47 1178973
48 1178973
49 1178973
50 1178973
51 1178973
52 1178973
53 1178973
54 1178973
55 1178973
56 1178973
57 1178973
58 1178973
59 1178973
60 1178973
61 1178973
62 1178973
63 1178973
64 1178973
65 1178973
66 1178973
67 1178973
68 1178973
69 1178973
70 1178973
71 1178973
72 1178973
73 1178973
74 1178973
75 1178973
76 1178973
77 1178973
78 1178973
79 1178973
80 1178973
81 1178973
82 1178973
83 1178973
84 1178973
85 1178973
86 1178973
87 1178973
88 1178973
89 1178973
90 1178973
91 1178973
92 1178973
93 1178973
94 1178973
95 1178973
96 1178973
97 1178973
98 1178973
99 1178973
100 1178973
101 1178973
102 1178973
103 1178973
104 1178973
105 1178973
106 1178973
107 1178973
108 1178973
109 1178973
110 1178973
111 1178973
112 1178973
113 1178973
114 1178973
115 1178973
116 1178973
117 1178973
118 1178973
119 1178973
120 1178973
121 1178973
122 1178973
123 1178973
124 1178973
125 1178973
126 1178973
127 1178973
128 1178973
129 1178973
130 1178973
131 1178973
132 1178973
133 1178973
134 1178973
135 1178973
136 1178973
137 1178973
138 1178973
139 1178973
140 1178973
141 1178973
142 1178973
143 1178973
144 1178973
145 1178973
146 1178973
147 1178973
148 1178973
149 1178973
150 1178973
151 1178973
152 1178973
153 1178973
154 1178973
155 1178973
156 1178973
157 1178973
158 1178973
159 1178973
160 1178973
161 1178973
162 1178973
163 1178973
164 1178973
165 1178973
166 1178973
167 1178973
168 1178973
169 1178973
170 1178973
