1 0
2 0
3 0
4 0
5 0
6 0
7 0
8 0
9 0
10 0
11 0
12 0
13 0
14 0
15 0
16 0
17 0
18 0
19 0
20 0
21 0
22 0
23 0
24 0
25 0
26 0
27 0
28 0
29 0
30 0
31 0
32 0
33 0
34 0
35 0
36 0
37 0
38 0
39 0
40 0
41 0
42 0
43 0
44 0
45 0
46 0
47 0
48 0
49 0
50 0
51 0
52 0
53 0
54 0
55 0
56 0
57 0
58 0
59 0
60 0
61 0
62 0
63 0
64 0
65 0
66 0
67 0
68 0
69 0
70 0
71 0
72 0
73 0
74 0
75 0
76 0
77 0
78 0
79 0
80 0
81 0
82 0
83 0
84 0
85 0
86 0
87 0
88 0
89 0
90 0
91 0
92 0
93 0
94 0
95 0
96 0
97 0
98 0
99 0
100 0
101 0
102 0
103 0
104 0
105 0
106 0
107 0
108 0
109 0
110 0
111 0
112 0
113 0
114 0
115 0
116 0
117 0
118 0
119 0
120 0
121 0
122 8
123 8
124 8
125 8
126 8
127 8
128 8
129 8
130 8
131 8
132 8
133 8
134 8
135 8
136 8
137 8
138 8
139 8
140 8
141 8
142 8
143 8
144 8
145 8
146 8
147 8
148 8
149 8
150 8
151 8
152 8
153 8
154 8
155 8
156 19
157 19
158 19
159 19
160 19
161 20
162 20
163 21
164 21
165 21
166 21
167 21
168 21
169 21
170 21
171 21
172 21
173 21
174 21
175 21
176 21
177 21
178 21
179 21
180 21
181 21
182 21
183 21
184 21
185 21
186 21
187 21
188 21
189 24
190 24
191 24
192 24
193 28
194 28
195 28
196 29
197 29
198 29
199 29
200 29
201 29
202 29
203 29
204 29
205 29
206 29
207 29
208 29
209 30
210 30
211 30
212 30
213 30
214 32
215 32
216 33
217 34
218 37
219 37
220 37
221 39
222 39
223 39
224 41
225 41
226 41
227 41
228 41
229 41
230 41
231 78
232 78
233 78
234 78
235 79
236 79
237 79
238 80
239 81
240 81
241 81
242 82
243 82
244 82
245 82
246 84
247 84
248 85
249 85
250 85
251 88
252 88
253 88
254 88
255 89
256 92
257 92
258 94
259 96
260 96
261 96
262 97
263 98
264 98
265 100
266 103
267 103
268 105
269 117
270 121
271 121
272 121
273 129
274 129
275 139
276 147
277 156
278 156
279 168
280 174
281 175
282 194
283 212
284 217
285 217
286 230
287 233
288 233
289 237
290 238
291 241
292 241
293 246
294 254
295 255
296 263
297 263
298 276
299 279
300 285
301 287
302 288
303 293
304 298
305 302
306 305
307 307
308 307
309 307
310 310
311 310
312 311
313 311
314 311
315 313
316 316
317 318
318 318
319 318
320 318
321 318
322 319
323 319
324 319
325 319
326 319
327 319
328 322
329 326
330 326
331 326
332 326
333 327
334 327
335 328
336 328
337 328
338 329
339 329
340 329
341 329
342 329
