1 0
2 0
3 0
4 0
5 0
6 0
7 0
8 0
9 0
10 0
11 0
12 0
13 0
14 0
15 0
16 0
17 0
18 0
19 0
20 0
21 0
22 0
23 0
24 0
25 0
26 0
27 0
28 0
29 0
30 0
31 0
32 0
33 0
34 0
35 0
36 0
37 0
38 0
39 0
40 0
41 0
42 0
43 0
44 0
45 0
46 0
47 0
48 0
49 0
50 0
51 0
52 0
53 0
54 0
55 0
56 0
57 0
58 0
59 0
60 0
61 0
62 0
63 0
64 0
65 0
66 0
67 0
68 0
69 0
70 0
71 0
72 0
73 0
74 0
75 0
76 0
77 0
78 0
79 0
80 0
81 0
82 0
83 0
84 0
85 0
86 0
87 0
88 0
89 0
90 0
91 0
92 0
93 0
94 0
95 0
96 0
97 53986
98 53986
99 53986
100 53986
101 53986
102 53986
103 53986
104 53986
105 53986
106 53986
107 53986
108 53986
109 53986
110 53986
111 53986
112 53986
113 53986
114 53986
115 53986
116 53986
117 53986
118 53986
119 53986
120 53986
121 53986
122 53986
123 53986
124 53986
125 53986
126 53986
127 53986
128 53986
129 53986
130 53986
131 53986
132 53986
133 53986
134 53986
135 53986
136 53986
137 53986
138 53986
139 53986
140 53986
141 53986
142 53986
143 53986
144 53986
145 53986
146 53986
147 53986
148 53986
149 53986
150 53986
151 53986
152 53986
153 53986
154 53986
155 53986
156 53986
157 53986
158 53986
159 53986
160 53986
161 53986
162 53986
163 53986
164 53986
165 53986
166 53986
167 53986
168 53986
169 53986
170 53986
171 53986
172 53986
173 53986
174 53986
175 53986
176 53986
177 53986
178 53986
179 53986
180 53986
181 53986
182 53986
183 53986
184 53986
185 53986
186 53986
187 53986
188 53986
189 53986
190 53986
191 53986
192 53986
193 53986
194 53986
195 53986
196 53986
197 53986
198 53986
199 53986
200 53986
201 53986
202 53986
203 53986
204 53986
205 53986
206 53986
207 53986
208 53986
209 53986
210 53986
211 53986
212 53986
213 53986
214 53986
215 53986
216 53986
217 53986
218 53986
219 53986
220 53986
221 53986
222 53986
223 53986
224 53986
225 53986
226 53986
227 53986
228 53986
229 53986
230 53986
231 53986
232 53986
233 53986
234 53986
235 53986
236 53986
237 53986
238 53986
239 53986
240 53986
241 53986
242 53986
243 53986
244 53986
245 53986
246 53986
247 53986
248 53986
249 53986
250 53986
251 53986
252 53986
253 53986
254 53986
255 53986
256 53986
257 53986
258 53986
259 53986
260 53986
261 53986
262 53986
263 53986
264 53986
265 53986
266 53986
267 53986
268 53986
269 53986
270 53986
271 53986
272 53986
273 53986
274 53986
275 53986
276 53986
277 53986
278 53986
279 53986
280 53986
281 53986
282 53986
283 53986
284 53986
285 53986
286 53986
287 53986
288 53986
289 53986
290 53986
291 53986
292 53986
293 53986
294 53986
295 53986
296 53986
297 53986
298 53986
299 53986
300 53986
301 53986
302 53986
303 53986
304 53986
305 53986
306 53986
307 53986
308 53986
309 53986
310 53986
311 53986
312 53986
313 53986
314 53986
315 53986
316 53986
317 53986
318 53986
319 53986
320 53986
321 53986
322 53986
323 53986
324 53986
325 53986
326 53986
327 53986
328 53986
329 53986
330 53986
331 53986
332 53986
333 53986
334 53986
335 53986
336 53986
337 53986
338 53986
339 53986
340 53986
341 53986
342 53986
