1 10
2 10
3 10
4 11
5 11
6 11
7 12
8 12
9 13
10 13
11 13
12 13
13 13
14 13
15 13
16 13
17 13
18 14
19 14
20 18
21 18
22 21
23 22
24 22
25 22
26 22
27 23
28 24
29 25
30 28
31 30
32 30
33 30
34 32
35 34
36 37
37 39
38 41
39 43
40 45
41 48
42 52
43 56
44 60
45 65
46 69
47 73
48 78
49 83
50 86
51 87
52 89
53 92
54 93
55 95
56 97
57 98
58 100
59 102
60 102
61 104
62 104
63 106
64 107
65 109
66 109
67 109
68 111
69 111
70 111
71 111
72 111
73 111
74 111
75 111
76 111
77 111
78 112
79 112
80 115
81 115
82 115
83 115
84 115
85 115
86 116
87 116
88 116
89 116
90 116
91 116
92 116
93 116
94 116
95 116
96 116
97 117
98 117
99 117
100 118
101 118
102 119
103 119
104 119
105 122
106 122
107 123
108 123
109 123
110 123
111 124
112 124
113 124
114 124
115 124
116 124
117 126
118 127
119 128
120 129
121 129
122 129
123 131
124 131
125 134
126 135
127 137
128 138
129 138
130 141
131 141
132 141
133 141
134 142
135 142
136 142
137 142
138 142
139 142
140 143
141 144
142 145
143 145
144 145
145 145
146 145
147 145
148 145
149 145
150 145
151 145
152 146
153 146
154 146
155 146
156 147
157 147
158 147
159 147
160 148
161 148
162 149
163 149
164 149
165 149
166 150
167 150
168 151
169 152
170 152
171 152
172 152
173 152
174 152
175 152
176 152
177 152
178 152
179 153
180 153
181 153
182 153
183 153
184 153
185 153
186 153
187 153
