1 739
2 757
3 763
4 802
5 853
6 870
7 891
8 951
9 1039
10 1119
11 1175
12 1229
13 1299
14 1411
15 1530
16 1637
17 1781
18 1931
19 2059
20 2190
21 2294
22 2411
23 2618
24 2831
25 3033
26 3275
27 3428
28 3582
29 3815
30 4055
31 4336
32 4542
33 4717
34 4869
35 4995
36 5123
37 5172
38 5287
39 5370
40 5490
41 5612
42 5750
43 5885
44 5994
45 6210
46 6340
47 6499
48 6661
49 6814
50 6969
51 7077
52 7191
53 7330
54 7469
55 7557
56 7683
57 7804
58 7934
59 8063
60 8425
61 8526
62 8622
63 8722
64 8790
65 8872
66 8964
67 9063
68 9173
69 9304
70 9460
71 9560
72 9686
73 9885
74 9981
75 10082
76 10185
77 10268
78 10348
79 10442
80 10538
81 10621
82 10666
83 10708
84 10821
85 10881
86 11030
87 11110
88 11196
89 11291
90 11357
91 11412
92 11477
93 11570
94 11664
95 11699
96 11832
97 11919
98 12020
99 12075
100 12143
101 12219
102 12268
103 12379
104 12403
105 12476
106 12529
107 12585
108 12641
109 12689
110 12742
111 12807
112 12863
113 12907
114 12977
115 13014
116 13065
117 13161
118 13213
119 13243
120 13278
121 13312
122 13329
123 13352
124 13380
125 13409
126 13432
127 13450
128 13478
129 13495
130 13513
131 13539
132 13564
133 13585
134 13598
135 13620
136 13636
137 13653
138 13675
139 13696
140 13706
141 13714
142 13732
143 13746
144 13762
145 13774
146 13798
147 13812
148 13838
149 13844
150 13859
151 13863
152 13870
153 13875
154 13894
155 13907
156 13916
157 13925
158 13930
159 13942
160 13950
161 13959
162 13961
163 13966
164 13967
165 13967
166 13967
167 13967
168 13967
169 13969
170 13971
171 13971
172 13974
173 13975
