1 1021
2 1028
3 1031
4 1045
5 1065
6 1076
7 1076
8 1154
9 1161
10 1173
11 1211
12 1246
13 1263
14 1305
15 1326
16 1336
17 1350
18 1379
19 1385
20 1395
21 1403
22 1411
23 1415
24 1438
25 1460
26 1471
27 1481
28 1484
29 1487
30 1498
31 1510
32 1525
33 1531
34 1550
35 1560
36 1579
37 1601
38 1618
39 1636
40 1653
41 1677
42 1703
43 1730
44 1748
45 1782
46 1807
47 1838
48 1861
49 1893
50 1908
51 1934
52 1976
53 2006
54 2040
55 2093
56 2139
57 2158
58 2204
59 2234
60 2274
61 2323
62 2349
63 2376
64 2401
65 2450
66 2493
67 2519
68 2552
69 2611
70 2648
71 2661
72 2675
73 2700
74 2726
75 2749
76 2759
77 2795
78 2820
79 2840
80 2865
81 2902
82 2921
83 2935
84 2959
85 2958
86 2975
87 2987
88 3066
89 3091
90 3103
91 3117
92 3126
93 3133
94 3142
95 3152
96 3184
97 3200
98 3206
99 3206
100 3225
101 3229
102 3254
103 3276
104 3296
105 3326
106 3345
107 3371
108 3393
109 3414
110 3438
111 3460
112 3479
113 3491
114 3513
115 3532
116 3555
117 3580
118 3587
119 3592
120 3598
121 3608
122 3620
123 3640
124 3674
125 3702
126 3725
127 3739
128 3759
129 3782
130 3811
131 3822
132 3841
133 3875
134 3885
135 3889
136 3910
137 3923
138 3948
139 3974
140 4003
141 4000
142 4034
143 4045
144 4073
145 4091
146 4120
147 4132
148 4147
149 4156
150 4189
151 4212
152 4213
153 4220
154 4235
155 4238
156 4244
157 4251
158 4260
159 4272
160 4280
161 4286
162 4288
163 4296
164 4310
165 4310
166 4318
167 4318
168 4319
169 4322
170 4326
171 4333
172 4337
173 4339
174 4344
175 4344
176 4345
177 4346
178 4346
179 4350
180 4354
181 4359
182 4360
183 4361
184 4363
185 4365
186 4366
187 4368
188 4368
189 4371
190 4373
191 4372
192 4373
193 4374
194 4374
195 4374
196 4374
197 4374
