1 5
2 5
3 5
4 5
5 5
6 5
7 5
8 6
9 7
10 8
11 9
12 9
13 9
14 10
15 10
16 10
17 10
18 10
19 10
20 10
21 10
22 10
23 10
24 10
25 10
26 10
27 10
28 10
29 10
30 10
31 10
32 12
33 12
34 12
35 12
36 12
37 12
38 12
39 12
40 12
41 12
42 12
43 12
44 12
45 12
46 12
47 12
48 12
49 12
50 12
51 12
52 12
53 12
54 12
55 12
56 12
57 12
58 12
59 12
60 12
61 12
62 12
63 12
64 12
65 12
66 12
67 12
68 12
69 12
70 12
71 12
72 12
73 12
74 12
75 12
76 13
77 13
78 13
79 13
80 13
81 13
82 13
83 13
84 13
85 13
86 13
87 13
88 13
89 13
90 13
91 13
92 13
93 13
94 13
95 13
96 13
97 13
98 13
99 13
100 13
101 13
102 13
103 14
104 14
105 14
106 14
107 14
108 14
109 14
110 14
111 14
112 14
113 14
114 14
115 14
116 14
117 14
118 14
119 15
120 15
121 15
122 15
123 15
124 15
125 15
126 15
127 15
128 15
129 15
130 15
131 15
132 15
133 15
134 15
135 15
136 15
137 15
138 15
139 15
