1 0
2 0
3 0
4 0
5 0
6 0
7 0
8 0
9 0
10 0
11 0
12 0
13 0
14 0
15 0
16 0
17 0
18 0
19 0
20 0
21 0
22 0
23 0
24 0
25 0
26 0
27 0
28 0
29 0
30 0
31 0
32 0
33 0
34 0
35 0
36 0
37 0
38 0
39 0
40 0
41 0
42 0
43 0
44 0
45 0
46 0
47 0
48 0
49 0
50 0
51 0
52 0
53 0
54 0
55 0
56 0
57 0
58 0
59 0
60 0
61 0
62 0
63 0
64 0
65 0
66 0
67 0
68 0
69 0
70 0
71 0
72 0
73 0
74 0
75 0
76 0
77 0
78 0
79 0
80 0
81 0
82 0
83 0
84 0
85 0
86 0
87 0
88 0
89 0
90 0
91 0
92 0
93 0
94 0
95 0
96 0
97 0
98 0
99 0
100 0
101 0
102 0
103 0
104 0
105 0
106 0
107 0
108 0
109 0
110 0
111 0
112 0
113 0
114 0
115 0
116 0
117 0
118 0
119 0
120 0
121 0
122 0
123 0
124 0
125 0
126 0
127 0
128 0
129 0
130 0
131 0
132 0
133 0
134 0
135 0
136 0
137 0
138 0
139 0
140 0
141 0
142 0
143 0
144 0
145 0
146 0
147 0
148 0
149 4
150 4
151 4
152 4
153 5
154 5
155 5
156 5
157 7
158 7
159 7
160 7
161 7
162 9
163 11
164 11
165 13
166 13
167 13
168 13
169 12
170 12
171 15
172 16
173 17
174 17
175 17
176 17
177 17
178 17
179 17
180 17
181 17
182 18
183 18
184 18
185 18
186 18
187 18
188 19
189 19
190 19
191 19
192 19
193 19
194 19
195 20
196 20
197 22
198 22
199 22
200 22
201 22
202 22
203 25
204 27
205 27
206 27
207 27
208 27
209 27
210 27
211 27
212 27
213 27
214 27
215 34
216 34
217 37
218 37
219 37
220 42
221 42
222 44
223 44
224 44
225 44
226 44
227 44
228 44
229 44
230 44
231 44
232 44
233 44
234 44
235 44
236 44
237 44
238 44
239 44
240 44
241 44
242 43
243 43
244 57
245 57
246 57
247 57
248 96
249 96
250 96
251 96
252 96
253 97
254 97
255 97
256 97
257 98
258 98
259 109
260 109
261 109
262 109
263 109
264 109
265 109
266 109
267 109
268 109
269 113
270 113
271 113
272 113
273 115
274 115
275 115
276 115
277 116
278 116
279 116
280 116
281 116
282 116
283 116
284 116
285 116
286 116
287 116
288 116
289 116
290 116
291 116
292 116
293 116
294 116
295 116
296 116
297 116
298 116
299 116
300 116
301 116
302 118
303 118
304 118
305 118
306 118
307 124
308 124
309 124
310 128
311 129
312 129
313 131
314 131
315 157
316 157
317 157
318 159
319 163
320 163
321 168
322 168
323 169
324 170
325 170
326 171
327 171
328 171
329 171
330 171
331 171
332 171
333 171
334 171
335 175
336 175
337 175
338 178
339 178
340 180
341 180
342 180
