1 1050
2 1079
3 1108
4 1197
5 1244
6 1314
7 1349
8 1372
9 1423
10 1463
11 1500
12 1515
13 1654
14 1694
15 1718
16 1794
17 1847
18 1948
19 1987
20 2087
21 2176
22 2269
23 2472
24 2596
25 2732
26 2836
27 2942
28 3031
29 3117
30 3254
31 3443
32 3569
33 3708
34 3931
35 4017
36 4079
37 4224
38 4384
39 4562
40 4681
41 4876
42 5030
43 5198
44 5394
45 5611
46 5832
47 5998
48 6194
49 6316
50 6508
51 6695
52 6899
53 7124
54 7387
55 7661
56 7817
57 7986
58 8248
59 8589
60 8911
61 9300
62 9726
63 9939
64 10275
65 10717
66 11057
67 11489
68 11831
69 12305
70 12659
71 13086
72 13576
73 13807
74 14329
75 14852
76 15269
77 15651
78 16127
79 16477
80 16972
81 17404
82 17815
83 18329
84 18509
85 18982
86 19508
87 19840
88 20266
89 20724
90 21110
91 21304
92 21699
93 22293
94 22682
95 23049
96 23633
97 24067
98 24313
99 24820
100 25391
101 25870
102 26331
103 26831
104 27237
105 27440
106 27866
107 28446
108 28790
109 29137
110 29562
111 29828
112 29993
113 30422
114 30795
115 31137
116 31560
117 31983
118 32338
119 32617
120 33078
121 33528
122 33953
123 34299
124 34928
125 35327
126 35570
127 36155
128 36692
129 37029
130 37599
131 38166
132 38553
133 38755
134 39450
135 39947
136 40293
137 40619
138 41212
139 41628
140 41880
141 42638
142 43206
143 43711
144 44249
145 44827
146 45732
147 45949
148 46709
149 47351
150 47849
151 48448
152 48698
153 49207
154 49448
155 50225
156 50767
157 51248
158 51725
159 52265
160 52673
161 52936
162 53651
163 54206
164 54721
165 55183
166 55757
167 56102
168 56423
169 57132
170 57721
171 58180
172 58747
173 59299
174 59698
175 60006
176 60680
177 61384
178 62031
179 62612
180 63314
181 63936
182 64247
183 64885
184 65402
185 65924
186 66547
187 67034
188 67545
189 67847
