1 433737
2 433737
3 433737
4 433737
5 433737
6 433737
7 433737
8 433737
9 433737
10 433737
11 433737
12 433737
13 433737
14 433737
15 433737
16 433737
17 433737
18 433737
19 433737
20 433737
21 433737
22 433737
23 433737
24 433737
25 433737
26 433737
27 433737
28 433737
29 433737
30 433737
31 433737
32 433737
33 433737
34 433737
35 433737
36 433737
37 433737
38 433737
39 433737
40 433737
41 433737
42 433737
43 433737
44 433737
45 433737
46 433737
47 433737
48 433737
49 433737
50 433737
51 433737
52 433737
53 433737
54 433737
55 433737
56 433737
57 433737
58 433737
59 433737
60 433737
61 433737
62 433737
63 433737
64 433737
65 433737
66 433737
67 433737
68 433737
69 433737
70 433737
71 433737
72 433737
73 433737
74 433737
75 433737
76 433737
77 433737
78 433737
79 433737
80 433737
81 433737
82 433737
83 433737
84 433737
85 433737
86 433737
87 433737
88 433737
89 433737
90 433737
91 433737
92 433737
93 433737
94 433737
95 433737
96 433737
97 433737
98 433737
99 433737
100 433737
101 433737
102 433737
103 433737
104 433737
105 433737
106 433737
107 433737
108 433737
109 433737
110 433737
111 433737
112 433737
113 433737
114 433737
115 433737
116 433737
117 433737
118 433737
119 433737
120 433737
121 433737
122 433737
123 433737
124 433737
125 433737
126 433737
127 433737
128 433737
129 433737
130 433737
131 433737
132 433737
133 433737
134 433737
135 433737
136 433737
137 433737
138 433737
139 433737
140 433737
141 433737
142 433737
143 433737
144 433737
145 433737
146 433737
147 433737
148 433737
149 433737
