1 223
2 233
3 234
4 243
5 249
6 272
7 273
8 283
9 292
10 352
11 453
12 682
13 733
14 798
15 968
16 1094
17 1314
18 1428
19 1596
20 1662
21 1915
22 2225
23 2753
24 2890
25 3040
26 3817
27 3918
28 4098
29 4596
30 4776
31 4973
32 5172
33 5342
34 5532
35 5802
36 6112
37 6336
38 6566
39 6824
40 7114
41 7239
42 7409
43 7712
44 7913
45 8536
46 9080
47 9671
48 9832
49 10206
50 10600
51 11002
52 11345
53 11771
54 12283
55 12901
56 13515
57 13904
58 14517
59 15000
60 15308
61 15701
62 15992
63 16407
64 16675
65 17093
66 17640
67 18128
68 18692
69 19170
70 19689
71 20158
72 20479
73 20775
74 21186
75 21559
76 21993
77 22499
78 22932
79 23311
80 23674
81 24031
82 24937
83 25817
84 26727
85 27577
86 28397
87 29917
88 30991
89 31896
90 33096
91 33926
92 34741
93 35612
94 36387
95 37167
96 38027
97 39237
98 40907
99 41267
100 41972
101 42881
102 43593
103 44544
104 45485
105 46232
106 46886
107 47480
108 48360
109 49075
110 49637
111 50468
112 50975
113 51538
114 52419
115 53041
116 53865
117 54626
118 55507
119 55959
120 56539
121 57243
122 57547
123 58274
124 59159
125 59730
126 60040
127 60601
128 61180
129 61838
130 62449
131 63058
132 63604
133 64355
134 64796
135 65257
136 65745
137 66079
138 66444
139 67082
140 67416
141 67883
142 68348
143 68728
144 69179
145 69516
146 69893
147 70190
148 70540
149 70941
150 71243
151 71635
152 72164
153 72506
154 72704
155 72994
156 73314
157 73579
158 73852
159 74167
160 74482
161 74709
162 75029
163 75341
164 75651
165 76059
166 76280
167 76528
168 76790
169 77165
170 77557
171 77890
172 78247
173 78602
174 78866
175 79137
176 79421
177 79776
178 80116
179 80423
180 80775
181 81170
182 81382
183 81680
184 82015
185 82311
186 82632
187 82993
188 83424
189 83642
190 83983
191 84358
192 84691
193 84963
194 85391
195 85736
196 85938
197 86310
198 86664
199 86934
200 87310
201 87781
202 88163
203 88418
