1 752481
2 752481
3 752481
4 752481
5 752481
6 752481
7 752481
8 752481
9 752481
10 752481
11 752481
12 752481
13 752481
14 752481
15 752481
16 752481
17 752481
18 752481
19 752481
20 752481
21 752481
22 752481
23 752481
24 752481
25 752481
26 752481
27 752481
28 752481
29 752481
30 752481
31 752481
32 752481
33 752481
34 752481
35 752481
36 752481
37 752481
38 752481
39 752481
40 752481
41 752481
42 752481
43 752481
44 752481
45 752481
46 752481
47 752481
48 752481
49 752481
50 752481
51 752481
52 752481
53 752481
54 752481
55 752481
56 752481
57 752481
58 752481
59 752481
60 752481
61 752481
62 752481
63 752481
64 752481
65 752481
66 752481
67 752481
68 752481
69 752481
70 752481
71 752481
72 752481
73 752481
74 752481
75 752481
76 752481
77 752481
78 752481
79 752481
80 752481
81 752481
82 752481
83 752481
84 752481
85 752481
86 752481
87 752481
88 752481
89 752481
90 752481
91 752481
92 752481
93 752481
94 752481
95 752481
96 752481
97 752481
98 752481
99 752481
100 752481
101 752481
102 752481
103 752481
104 752481
105 752481
106 752481
107 752481
108 752481
109 752481
110 752481
111 752481
112 752481
113 752481
114 752481
115 752481
116 752481
117 752481
118 752481
119 752481
120 752481
121 752481
122 752481
123 752481
124 752481
125 752481
126 752481
127 752481
128 752481
129 752481
130 752481
131 752481
132 752481
133 752481
134 752481
135 752481
136 752481
137 752481
138 752481
139 752481
140 752481
141 752481
142 752481
143 752481
144 752481
145 752481
146 752481
147 752481
148 752481
149 752481
150 752481
151 752481
152 752481
153 752481
154 752481
155 752481
156 752481
157 752481
158 752481
159 752481
160 752481
161 752481
162 752481
163 752481
164 752481
165 752481
166 752481
167 752481
168 752481
169 752481
170 752481
171 752481
172 752481
173 752481
174 752481
175 752481
176 752481
177 752481
178 752481
179 752481
180 752481
181 752481
182 752481
183 752481
184 752481
