1 191173
2 191173
3 191173
4 191173
5 191173
6 191173
7 191173
8 191173
9 191173
10 191173
11 191173
12 191173
13 191173
14 191173
15 191173
16 191173
17 191173
18 191173
19 191173
20 191173
21 191173
22 191173
23 191173
24 191173
25 191173
26 191173
27 191173
28 191173
29 191173
30 191173
31 191173
32 191173
33 191173
34 191173
35 191173
36 191173
37 191173
38 191173
39 191173
40 191173
41 191173
42 191173
43 191173
44 191173
45 191173
46 191173
47 191173
48 191173
49 191173
50 191173
51 191173
52 191173
53 191173
54 191173
55 191173
56 191173
57 191173
58 191173
59 191173
60 191173
61 191173
62 191173
63 191173
64 191173
65 191173
66 191173
67 191173
68 191173
69 191173
70 191173
71 191173
72 191173
73 191173
74 191173
75 191173
76 191173
77 191173
78 191173
79 191173
80 191173
81 191173
82 191173
83 191173
84 191173
85 191173
86 191173
87 191173
88 191173
89 191173
90 191173
91 191173
92 191173
93 191173
94 191173
95 191173
96 191173
97 191173
98 191173
99 191173
100 191173
101 191173
102 191173
103 191173
104 191173
105 191173
106 191173
107 191173
108 191173
109 191173
110 191173
111 191173
112 191173
113 191173
114 191173
115 191173
116 191173
117 191173
118 191173
119 191173
120 191173
121 191173
122 191173
123 191173
124 191173
125 191173
126 191173
127 191173
128 191173
129 191173
130 191173
131 191173
132 191173
133 191173
134 191173
135 191173
136 191173
137 191173
138 191173
139 191173
140 191173
141 191173
142 191173
143 191173
144 191173
145 191173
146 191173
147 191173
148 191173
149 191173
150 191173
151 191173
152 191173
153 191173
154 191173
155 191173
156 191173
