1 1388906
2 1388906
3 1388906
4 1388906
5 1388906
6 1388906
7 1388906
8 1388906
9 1388906
10 1388906
11 1388906
12 1388906
13 1388906
14 1388906
15 1388906
16 1388906
17 1388906
18 1388906
19 1388906
20 1388906
21 1388906
22 1388906
23 1388906
24 1388906
25 1388906
26 1388906
27 1388906
28 1388906
29 1388906
30 1388906
31 1388906
32 1388906
33 1388906
34 1388906
35 1388906
36 1388906
37 1388906
38 1388906
39 1388906
40 1388906
41 1388906
42 1388906
43 1388906
44 1388906
45 1388906
46 1388906
47 1388906
48 1388906
49 1388906
50 1388906
51 1388906
52 1388906
53 1388906
54 1388906
55 1388906
56 1388906
57 1388906
58 1388906
59 1388906
60 1388906
61 1388906
62 1388906
63 1388906
64 1388906
65 1388906
66 1388906
67 1388906
68 1388906
69 1388906
70 1388906
71 1388906
72 1388906
73 1388906
74 1388906
75 1388906
76 1388906
77 1388906
78 1388906
79 1388906
80 1388906
81 1388906
82 1388906
83 1388906
84 1388906
85 1388906
86 1388906
87 1388906
88 1388906
89 1388906
90 1388906
91 1388906
92 1388906
93 1388906
94 1388906
95 1388906
96 1388906
97 1388906
98 1388906
99 1388906
100 1388906
101 1388906
102 1388906
103 1388906
104 1388906
105 1388906
106 1388906
107 1388906
108 1388906
109 1388906
110 1388906
111 1388906
112 1388906
113 1388906
114 1388906
115 1388906
116 1388906
117 1388906
118 1388906
119 1388906
120 1388906
121 1388906
122 1388906
123 1388906
124 1388906
125 1388906
126 1388906
127 1388906
128 1388906
129 1388906
130 1388906
131 1388906
132 1388906
133 1388906
134 1388906
135 1388906
136 1388906
137 1388906
138 1388906
139 1388906
140 1388906
141 1388906
142 1388906
143 1388906
144 1388906
145 1388906
146 1388906
147 1388906
148 1388906
149 1388906
150 1388906
151 1388906
152 1388906
153 1388906
154 1388906
155 1388906
156 1388906
