1 1031
2 1077
3 1142
4 1166
5 1181
6 1216
7 1224
8 1250
9 1275
10 1303
11 1349
12 1414
13 1431
14 1485
15 1510
16 1592
17 1636
18 1664
19 1702
20 1713
21 1742
22 1802
23 1863
24 1881
25 1908
26 1941
27 1973
28 2045
29 2086
30 2133
31 2177
32 2215
33 2247
34 2260
35 2333
36 2366
37 2368
38 2435
39 2514
40 2567
41 2592
42 2649
43 2745
44 2803
45 2833
46 2870
47 3018
48 3065
49 3148
50 3251
51 3345
52 3376
53 3592
54 3632
55 3697
56 3848
57 4008
58 4166
59 4271
60 4348
61 4420
62 4452
63 4476
64 4527
65 4576
66 4613
67 4646
68 4681
69 4720
70 4763
71 4778
72 4791
73 4839
74 4856
75 4889
76 4892
77 4901
78 4911
79 4947
80 4975
81 4993
82 5033
83 5047
84 5054
85 5074
86 5082
87 5104
88 5124
89 5145
90 5147
91 5155
92 5168
93 5185
94 5192
95 5204
96 5214
97 5220
98 5237
99 5242
100 5257
101 5273
102 5283
103 5294
104 5298
105 5307
106 5314
107 5321
108 5339
109 5357
110 5379
111 5380
112 5385
113 5393
114 5406
115 5422
116 5441
117 5471
118 5505
119 5512
120 5558
121 5575
122 5584
123 5601
124 5618
125 5631
126 5649
127 5650
128 5656
129 5661
130 5675
131 5682
132 5709
133 5710
134 5728
135 5742
136 5749
137 5761
138 5775
139 5777
140 5785
141 5797
142 5805
143 5819
144 5822
145 5837
146 5849
147 5853
148 5862
149 5878
150 5887
151 5891
152 5898
153 5912
154 5918
155 5922
156 5927
157 5932
158 5941
159 5946
160 5949
161 5955
162 5969
163 5991
164 5998
165 6001
166 6008
167 6035
