1 1
2 2
3 2
4 5
5 5
6 5
7 6
8 6
9 6
10 6
11 6
12 6
13 6
14 8
15 8
16 13
17 13
18 14
19 14
20 14
21 14
22 15
23 15
24 15
25 15
26 17
27 17
28 18
29 18
30 18
31 21
32 21
33 22
34 22
35 22
36 23
37 23
38 25
39 25
40 26
41 26
42 26
43 27
44 29
45 32
46 32
47 32
48 34
49 34
50 34
51 34
52 34
53 34
54 34
55 34
56 35
57 35
58 35
59 35
60 35
61 35
62 36
63 36
64 36
65 36
66 36
67 36
68 36
69 36
70 36
71 36
72 36
73 36
74 37
75 38
76 38
77 38
78 38
79 40
80 40
81 42
82 42
83 43
84 43
85 43
86 43
87 43
88 43
89 44
90 44
91 44
92 44
93 44
94 45
95 45
96 47
97 48
98 48
99 49
100 50
101 51
102 52
103 52
104 52
105 54
106 56
107 58
108 58
109 60
110 60
111 60
112 61
113 61
114 63
115 63
116 64
117 64
118 64
119 64
120 66
121 66
122 66
123 66
124 66
125 66
126 66
127 66
128 66
129 66
130 69
131 69
132 69
133 69
134 69
135 69
136 69
137 69
138 69
139 69
140 69
141 69
142 69
143 69
144 69
145 69
146 70
147 70
148 70
149 70
150 70
151 70
152 70
153 70
154 70
155 70
156 71
157 71
158 71
159 71
160 71
161 71
162 71
163 71
164 71
165 71
166 72
167 72
