1 47
2 47
3 50
4 50
5 54
6 54
7 55
8 56
9 57
10 58
11 61
12 64
13 67
14 68
15 68
16 69
17 73
18 73
19 74
20 75
21 77
22 78
23 78
24 79
25 79
26 79
27 85
28 86
29 95
30 97
31 100
32 102
33 103
34 113
35 113
36 114
37 114
38 114
39 114
40 116
41 118
42 121
43 122
44 123
45 123
46 127
47 128
48 130
49 130
50 132
51 135
52 137
53 141
54 144
55 147
56 149
57 150
58 151
59 152
60 161
61 167
62 167
63 170
64 170
65 172
66 175
67 176
68 177
69 177
70 178
71 179
72 180
73 181
74 184
75 185
76 186
77 186
78 186
79 186
80 186
81 191
82 191
83 193
84 197
85 211
86 221
87 224
88 226
89 226
90 227
91 228
92 230
93 230
94 233
95 234
96 235
97 247
98 249
99 255
100 259
101 261
102 261
103 264
104 266
105 269
106 269
107 271
108 274
109 278
110 282
111 284
112 285
113 285
114 294
115 295
116 296
117 297
118 297
119 297
120 297
121 297
122 298
123 301
124 301
125 301
126 301
127 301
128 304
129 304
130 304
131 304
132 304
133 304
134 304
135 304
136 306
137 307
138 307
139 310
140 310
141 311
142 314
143 315
144 316
145 319
146 319
147 320
148 320
149 321
150 321
151 325
152 325
153 327
154 327
155 327
156 329
157 330
158 331
159 330
160 332
161 332
162 332
163 333
164 335
165 337
166 337
167 337
168 338
169 339
170 341
171 341
172 341
173 343
174 345
175 345
176 345
177 345
178 347
179 347
180 349
181 349
182 349
183 349
184 351
185 351
186 352
187 353
188 353
189 353
190 353
191 353
192 353
193 353
194 356
195 358
196 358
197 358
198 358
199 358
200 358
201 358
202 362
203 362
204 362
