1 28
2 30
3 31
4 31
5 33
6 33
7 34
8 34
9 34
10 34
11 34
12 35
13 36
14 36
15 36
16 36
17 36
18 38
19 39
20 40
21 40
22 41
23 41
24 41
25 41
26 41
27 41
28 41
29 42
30 42
31 42
32 42
33 42
34 42
35 42
36 42
37 42
38 42
39 42
40 42
41 42
42 42
43 42
44 42
45 42
46 42
47 42
48 42
49 42
50 42
51 42
52 42
53 42
54 42
55 42
56 42
57 42
58 42
59 42
60 42
61 42
62 43
63 43
64 43
65 44
66 44
67 44
68 44
69 44
70 44
71 44
72 44
73 44
74 44
75 44
76 44
77 44
78 44
79 44
80 44
81 44
82 44
83 44
84 44
85 44
86 44
87 44
88 44
89 44
90 44
91 44
92 45
93 45
94 45
95 45
96 45
97 45
98 45
99 45
100 45
101 45
102 45
103 45
104 45
105 45
106 45
107 45
108 45
109 45
110 45
111 45
112 45
113 45
114 45
115 45
116 45
117 45
118 45
119 45
120 45
121 45
122 45
123 45
124 45
125 45
126 45
127 45
128 45
129 45
130 45
131 45
132 45
133 45
134 45
135 45
136 45
137 45
138 45
139 45
140 45
141 45
142 45
143 45
144 45
145 45
146 45
147 45
148 45
149 45
150 45
151 45
