1 1011
2 1079
3 1117
4 1150
5 1297
6 1363
7 1541
8 1546
9 1749
10 1798
11 1933
12 2059
13 2175
14 2272
15 2326
16 2661
17 2703
18 2774
19 2849
20 3050
21 3057
22 3122
23 3168
24 3177
25 3210
26 3210
27 3328
28 3384
29 3434
30 3501
31 3579
32 3627
33 3671
34 3738
35 3811
36 3831
37 3950
38 3981
39 4087
40 4117
41 4157
42 4206
43 4256
44 4307
45 4372
46 4396
47 4444
48 4490
49 4537
50 4547
51 4585
52 4629
53 4703
54 4733
55 4777
56 4800
57 4877
58 4919
59 4980
60 5028
61 5093
62 5133
63 5182
64 5209
65 5237
66 5267
67 5306
68 5335
69 5408
70 5455
71 5482
72 5509
73 5518
74 5548
75 5571
76 5602
77 5622
78 5641
79 5672
80 5712
81 5730
82 5775
83 5787
84 5800
85 5808
86 5834
87 5887
88 5917
89 5925
90 5950
91 5957
92 5986
93 5997
94 6015
95 6035
96 6042
97 6066
98 6081
99 6089
100 6096
101 6107
102 6118
103 6143
104 6167
105 6173
106 6186
107 6200
108 6214
109 6223
110 6243
111 6255
112 6260
113 6282
114 6296
115 6314
116 6337
117 6349
118 6361
119 6370
120 6378
121 6396
122 6402
123 6419
124 6435
125 6442
126 6448
127 6458
128 6473
129 6493
130 6506
131 6509
132 6520
133 6523
134 6535
135 6549
136 6564
137 6571
138 6583
139 6592
140 6599
141 6611
142 6619
143 6626
144 6632
145 6638
146 6639
147 6644
148 6646
149 6655
150 6659
151 6664
152 6665
153 6666
154 6669
155 6670
156 6672
157 6674
158 6675
159 6676
160 6678
161 6681
162 6686
