1 840
2 859
3 862
4 865
5 916
6 923
7 923
8 952
9 952
10 959
11 959
12 1005
13 1005
14 1015
15 1060
16 1060
17 1168
18 1175
19 1175
20 1218
21 1257
22 1337
23 1347
24 1347
25 1365
26 1382
27 1455
28 1498
29 1498
30 1593
31 1593
32 1629
33 1670
34 1692
35 1759
36 1759
37 1963
38 2029
39 2029
40 2111
41 2141
42 2177
43 2207
44 2222
45 2363
46 2363
47 2372
48 2383
49 2410
50 2420
51 2440
52 2450
53 2455
54 2470
55 2480
56 2530
57 2550
58 2620
59 2699
60 2740
61 2899
62 2910
63 2989
64 3080
65 3179
66 3289
67 3396
68 3488
69 3620
70 3734
71 3755
72 3820
73 3921
74 3939
75 4010
76 4198
77 4310
78 4495
79 4679
80 4763
81 4894
82 5189
83 5295
84 5306
85 5384
86 5459
87 5466
88 5559
89 5619
90 5684
91 5791
92 5844
93 5891
94 5989
95 6034
96 6139
97 6198
98 6309
99 6323
100 6359
101 6383
102 6429
103 6438
104 6460
105 6490
106 6513
107 6563
108 6649
109 6679
110 6684
111 6748
112 6860
113 6912
114 6970
115 7030
116 7102
117 7137
118 7199
119 7234
120 7299
121 7359
122 7399
123 7410
124 7489
125 7498
126 7639
127 7760
128 7813
129 7885
130 7946
131 8032
132 8107
133 8189
134 8334
135 8416
136 8600
137 8700
138 8834
139 8967
140 9095
141 9203
142 9313
143 9423
144 9524
145 9589
146 9699
147 9775
148 9855
149 9905
150 10019
151 10109
152 10159
153 10257
154 10332
155 10372
156 10436
157 10516
158 10581
159 10646
160 10706
161 10718
162 10728
163 10761
164 10791
165 10814
166 10830
167 10875
168 10926
169 10973
170 11010
171 11033
172 11072
173 11102
174 11102
175 11104
176 11112
177 11121
178 11131
179 11141
180 11151
181 11163
182 11182
183 11205
184 11223
185 11230
186 11232
187 11236
188 11256
189 11271
190 11286
191 11305
192 11329
193 11336
194 11354
195 11361
196 11376
197 11380
