1 0
2 0
3 0
4 0
5 0
6 0
7 0
8 0
9 0
10 0
11 0
12 0
13 0
14 0
15 0
16 0
17 0
18 0
19 0
20 0
21 0
22 0
23 0
24 0
25 0
26 0
27 0
28 0
29 0
30 0
31 0
32 0
33 0
34 0
35 0
36 0
37 0
38 0
39 0
40 0
41 0
42 0
43 0
44 0
45 0
46 0
47 0
48 0
49 0
50 0
51 0
52 0
53 0
54 0
55 0
56 0
57 0
58 0
59 0
60 0
61 0
62 0
63 0
64 0
65 0
66 0
67 0
68 0
69 0
70 0
71 0
72 0
73 0
74 0
75 0
76 0
77 0
78 0
79 0
80 0
81 0
82 0
83 0
84 0
85 0
86 0
87 0
88 0
89 0
90 0
91 0
92 0
93 0
94 0
95 0
96 0
97 0
98 0
99 0
100 0
101 0
102 0
103 0
104 0
105 0
106 0
107 0
108 0
109 0
110 0
111 0
112 0
113 0
114 0
115 0
116 0
117 0
118 0
119 0
120 0
121 0
122 0
123 0
124 0
125 0
126 0
127 0
128 0
129 0
130 0
131 0
132 0
133 0
134 0
135 0
136 0
137 0
138 0
139 0
140 0
141 0
142 0
143 0
144 0
145 0
146 0
147 0
148 0
149 0
150 0
151 0
152 0
153 2
154 2
155 2
156 2
157 2
158 2
159 2
160 2
161 3
162 9
163 18
164 19
165 19
166 19
167 32
168 36
169 38
170 43
171 44
172 47
173 54
174 84
175 104
176 115
177 117
178 133
179 142
180 146
181 150
182 151
183 153
184 155
185 157
186 161
187 169
188 173
189 177
190 177
191 177
192 177
193 193
194 196
195 201
196 201
197 208
198 217
199 220
200 220
201 221
202 222
203 222
204 227
205 227
206 227
207 236
208 237
209 237
210 238
211 238
212 239
213 240
214 243
215 243
216 249
217 249
218 253
219 256
220 258
221 258
222 260
223 264
224 265
225 266
226 276
227 277
228 277
229 279
230 282
231 284
232 285
233 285
234 287
235 287
236 287
237 288
238 288
239 290
240 293
241 293
242 295
243 295
244 295
245 297
246 297
247 298
248 298
249 299
250 300
251 300
252 300
253 300
254 300
255 300
256 300
257 300
258 300
259 300
260 300
261 301
262 301
263 301
264 301
265 301
266 301
267 301
268 301
269 302
270 302
271 302
272 302
273 302
274 302
275 302
276 302
277 302
278 302
279 302
280 302
281 303
282 303
283 303
284 303
285 303
286 303
287 303
288 303
289 303
290 303
291 303
292 303
293 303
294 303
295 303
296 303
297 303
298 303
299 303
300 303
301 304
302 304
303 304
304 304
305 304
306 304
307 304
308 304
309 304
310 304
311 304
312 304
313 304
314 304
315 304
316 304
317 304
318 304
319 304
320 304
321 304
322 304
323 304
324 304
325 304
326 304
327 304
328 304
329 304
330 304
331 304
332 304
333 304
334 304
335 304
336 304
337 304
338 304
339 304
340 304
341 304
342 304
