1 230696
2 230696
3 230696
4 230696
5 230696
6 230696
7 230696
8 230696
9 230696
10 230696
11 230696
12 230696
13 230696
14 230696
15 230696
16 230696
17 230696
18 230696
19 230696
20 230696
21 230696
22 230696
23 230696
24 230696
25 230696
26 230696
27 230696
28 230696
29 230696
30 230696
31 230696
32 230696
33 230696
34 230696
35 230696
36 230696
37 230696
38 230696
39 230696
40 230696
41 230696
42 230696
43 230696
44 230696
45 230696
46 230696
47 230696
48 230696
49 230696
50 230696
51 230696
52 230696
53 230696
54 230696
55 230696
56 230696
57 230696
58 230696
59 230696
60 230696
61 230696
62 230696
63 230696
64 230696
65 230696
66 230696
67 230696
68 230696
69 230696
70 230696
71 230696
72 230696
73 230696
74 230696
75 230696
76 230696
77 230696
78 230696
79 230696
80 230696
81 230696
82 230696
83 230696
84 230696
85 230696
86 230696
87 230696
88 230696
89 230696
90 230696
91 230696
92 230696
93 230696
94 230696
95 230696
96 230696
97 230696
98 230696
99 230696
100 230696
101 230696
102 230696
103 230696
104 230696
105 230696
106 230696
107 230696
108 230696
109 230696
110 230696
111 230696
112 230696
113 230696
114 230696
115 230696
116 230696
117 230696
118 230696
119 230696
120 230696
121 230696
122 230696
123 230696
124 230696
125 230696
126 230696
127 230696
128 230696
129 230696
130 230696
