1 76
2 80
3 82
4 85
5 88
6 99
7 102
8 106
9 113
10 119
11 122
12 129
13 139
14 149
15 155
16 158
17 164
18 170
19 175
20 181
21 188
22 197
23 205
24 211
25 226
26 234
27 243
28 257
29 263
30 274
31 282
32 291
33 301
34 314
35 320
36 329
37 338
38 348
39 367
40 376
41 390
42 400
43 406
44 413
45 429
46 439
47 447
48 459
49 469
50 480
51 494
52 588
53 610
54 610
55 610
56 587
57 601
58 612
59 624
60 637
61 659
62 675
63 694
64 714
65 740
66 752
67 783
68 807
69 826
70 841
71 872
72 889
73 926
74 962
75 989
76 1026
77 1060
78 1097
79 1127
80 1152
81 1200
82 1237
83 1282
84 1314
85 1359
86 1401
87 1457
88 1514
89 1592
90 1666
91 1738
92 1793
93 1838
94 1885
95 1945
96 2028
97 2099
98 2175
99 2226
100 2286
101 2342
102 2434
103 2496
104 2566
105 2633
106 2728
107 2771
108 2824
109 2865
110 2957
111 3057
112 3130
113 3193
114 3247
115 3336
116 3422
117 3517
118 3598
119 3674
120 3741
121 3765
122 3823
123 3869
124 3916
125 3974
126 4021
127 4060
128 4069
129 4121
130 4160
131 4238
132 4333
133 4377
134 4429
135 4470
136 4538
137 4584
138 4634
139 4693
140 4754
141 4813
142 4838
143 4888
144 4936
145 5059
146 5133
147 5188
148 5264
149 5306
150 5368
151 5429
152 5478
153 5534
154 5624
155 5670
156 5689
157 5733
158 5813
159 5858
160 5904
161 5931
162 5972
163 6002
164 6033
165 6073
166 6134
167 6172
168 6218
169 6248
170 6260
171 6279
172 6291
173 6358
174 6431
175 6493
176 6502
177 6503
178 6561
179 6581
180 6595
181 6581
182 6595
183 6604
184 6607
185 6629
186 6636
187 6657
188 6671
189 6678
190 6703
191 6734
192 6784
193 6978
194 6990
195 7007
196 7045
197 7060
198 7078
199 7086
200 7102
201 7117
202 7131
203 7149
204 7156
205 7165
206 7176
207 7195
208 7206
209 7266
210 7278
211 7289
212 7291
213 7298
214 7304
215 7313
216 7322
217 7418
218 7443
219 7447
220 7479
221 7494
222 7507
223 7532
224 7541
225 7571
226 7574
227 7582
228 7588
229 7596
230 7608
231 7619
232 7626
233 7631
234 7642
235 7649
236 7654
237 7667
238 7675
239 7682
240 7687
241 7699
242 7708
243 7713
244 7721
245 7725
246 7725
247 7726
248 7740
249 7760
250 7767
251 7767
252 7767
253 7770
254 7772
255 7779
256 7787
257 7805
258 7818
259 7821
260 7828
261 7829
262 7829
263 7837
264 7848
265 7851
266 7855
267 7865
268 7869
269 7873
270 7878
271 7885
272 7888
273 7899
274 7901
275 7901
276 7906
277 7910
278 7925
279 7946
280 7957
281 7967
282 7968
