1 669
2 704
3 725
4 747
5 767
6 778
7 847
8 884
9 904
10 1006
11 1086
12 1097
13 1176
14 1229
15 1253
16 1283
17 1333
18 1355
19 1406
20 1456
21 1513
22 1588
23 1693
24 1758
25 1813
26 1938
27 2048
28 2168
29 2290
30 2360
31 2467
32 2547
33 2657
34 2737
35 2814
36 2899
37 3028
38 3140
39 3256
40 3359
41 3468
42 3586
43 3699
44 3699
45 3940
46 4044
47 4206
48 4458
49 4644
50 4911
51 5099
52 5294
53 5478
54 5680
55 5888
56 6079
57 6288
58 6477
59 6702
60 6913
61 7115
62 7341
63 7547
64 7745
65 7961
66 8180
67 8381
68 8589
69 8808
70 9027
71 9210
72 9382
73 9564
74 9703
75 9834
76 9951
77 10063
78 10177
79 10285
80 10386
81 10781
82 10875
83 10960
84 11025
85 11092
86 11158
87 11216
88 11294
89 11401
90 11459
91 11523
92 11579
93 11640
94 11692
95 11743
96 11797
97 11856
98 11920
99 11976
100 12023
101 12069
102 12118
103 12162
104 12209
105 12251
106 12294
107 12348
108 12380
109 12408
110 12444
111 12475
112 12500
113 12532
114 12556
115 12584
116 12619
117 12657
118 12693
119 12752
120 12805
121 12863
122 12932
123 12992
124 13038
125 13095
126 13167
127 13245
128 13334
129 13422
130 13504
131 13559
132 13633
133 13694
134 13777
135 13835
136 13891
137 13930
138 13980
139 14010
140 14058
141 14086
142 14136
143 14185
144 14228
145 14274
146 14309
147 14349
148 14395
149 14449
150 14490
151 14530
152 14560
153 14587
154 14627
155 14665
156 14695
157 14726
158 14759
159 14799
160 14837
161 14885
162 14936
163 14977
164 15020
165 15060
166 15088
167 15114
168 15137
169 15162
170 15186
171 15218
172 15248
173 15287
174 15317
175 15349
176 15391
177 15416
178 15454
179 15486
180 15516
181 15544
182 15571
183 15596
184 15616
185 15642
186 15663
187 15687
188 15719
189 15745
190 15769
191 15790
