1 0
2 0
3 0
4 0
5 0
6 0
7 0
8 0
9 0
10 0
11 0
12 0
13 0
14 0
15 0
16 0
17 0
18 0
19 0
20 0
21 0
22 0
23 0
24 0
25 0
26 0
27 0
28 0
29 0
30 0
31 0
32 0
33 0
34 0
35 0
36 0
37 0
38 0
39 0
40 0
41 0
42 0
43 0
44 0
45 0
46 0
47 0
48 0
49 0
50 0
51 0
52 0
53 0
54 0
55 0
56 0
57 0
58 0
59 0
60 0
61 0
62 0
63 0
64 0
65 0
66 0
67 0
68 0
69 0
70 0
71 0
72 0
73 0
74 0
75 0
76 0
77 0
78 0
79 0
80 0
81 0
82 0
83 0
84 0
85 0
86 0
87 0
88 0
89 0
90 0
91 0
92 0
93 0
94 0
95 0
96 0
97 0
98 0
99 0
100 0
101 0
102 0
103 0
104 0
105 0
106 0
107 0
108 0
109 2
110 2
111 2
112 2
113 2
114 2
115 2
116 2
117 2
118 2
119 2
120 2
121 2
122 2
123 3
124 3
125 3
126 3
127 3
128 3
129 3
130 3
131 3
132 3
133 4
134 4
135 5
136 5
137 5
138 5
139 6
140 8
141 8
142 8
143 10
144 12
145 14
146 14
147 14
148 16
149 16
150 17
151 23
152 23
153 23
154 23
155 23
156 48
157 48
158 48
159 53
160 53
161 55
162 56
163 56
164 59
165 62
166 66
167 83
168 84
169 84
170 98
171 101
172 101
173 101
174 104
175 109
176 113
177 114
178 114
179 114
180 114
181 175
182 176
183 178
184 178
185 181
186 181
187 181
188 181
189 181
190 181
191 185
192 188
193 188
194 188
195 189
196 189
197 190
198 194
199 194
200 194
201 195
202 195
203 195
204 196
205 196
206 198
207 198
208 198
209 201
210 203
211 203
212 206
213 209
214 210
215 210
216 215
217 215
218 215
219 215
220 215
221 215
222 216
223 218
224 218
225 218
226 227
227 230
228 233
229 239
230 244
231 244
232 250
233 256
234 259
235 260
236 264
237 264
238 264
239 269
240 272
241 276
242 276
243 283
244 292
245 295
246 297
247 297
248 302
249 313
250 323
251 325
252 325
253 330
254 338
255 339
256 353
257 353
258 353
259 353
260 360
261 360
262 372
263 378
264 378
265 386
266 386
267 386
268 386
269 386
270 386
271 386
272 388
273 389
274 391
275 394
276 400
277 400
278 401
279 401
280 401
281 402
282 402
283 404
284 404
285 404
286 408
287 408
288 409
289 411
290 415
291 415
292 415
293 417
294 417
295 417
296 417
297 417
298 419
299 419
300 419
301 419
302 419
303 420
304 420
305 420
306 420
307 421
308 421
309 421
310 421
311 421
312 421
313 422
314 425
315 425
316 425
317 425
318 425
319 425
320 425
321 425
322 426
323 426
324 426
325 426
326 426
327 426
328 426
329 426
330 426
331 426
332 426
333 426
334 426
335 426
336 426
337 426
338 426
339 426
340 426
341 426
342 426
