1 1011
2 1022
3 1047
4 1058
5 1072
6 1089
7 1113
8 1137
9 1153
10 1170
11 1189
12 1204
13 1211
14 1222
15 1239
16 1251
17 1258
18 1275
19 1287
20 1297
21 1322
22 1328
23 1356
24 1371
25 1384
26 1398
27 1420
28 1450
29 1465
30 1474
31 1487
32 1492
33 1497
34 1521
35 1529
36 1535
37 1545
38 1552
39 1557
40 1565
41 1588
42 1599
43 1616
44 1621
45 1628
46 1632
47 1638
48 1659
49 1664
50 1668
51 1677
52 1683
53 1699
54 1708
55 1719
56 1739
57 1756
58 1782
59 1791
60 1804
61 1816
62 1826
63 1833
64 1837
65 1842
66 1852
67 1867
68 1877
69 1903
70 1916
71 1926
72 1943
73 1955
74 1967
75 1988
76 2004
77 2021
78 2040
79 2044
80 2050
81 2055
82 2061
83 2068
84 2073
85 2079
86 2084
87 2093
88 2105
89 2112
90 2122
91 2132
92 2135
93 2142
94 2146
95 2151
96 2159
97 2167
98 2182
99 2195
100 2201
101 2210
102 2212
103 2216
104 2220
105 2225
106 2230
107 2239
108 2244
109 2255
110 2268
111 2273
112 2280
113 2291
114 2295
115 2299
116 2301
117 2316
118 2329
119 2331
120 2342
121 2350
122 2357
123 2359
124 2362
125 2364
126 2368
127 2370
128 2375
129 2378
130 2383
131 2385
132 2387
133 2389
134 2393
135 2401
136 2402
137 2403
138 2406
139 2415
140 2417
141 2422
142 2422
143 2422
