1 1025656
2 1025656
3 1025656
4 1025656
5 1025656
6 1025656
7 1025656
8 1025656
9 1025656
10 1025656
11 1025656
12 1025656
13 1025656
14 1025656
15 1025656
16 1025656
17 1025656
18 1025656
19 1025656
20 1025656
21 1025656
22 1025656
23 1025656
24 1025656
25 1025656
26 1025656
27 1025656
28 1025656
29 1025656
30 1025656
31 1025656
32 1025656
33 1025656
34 1025656
35 1025656
36 1025656
37 1025656
38 1025656
39 1025656
40 1025656
41 1025656
42 1025656
43 1025656
44 1025656
45 1025656
46 1025656
47 1025656
48 1025656
49 1025656
50 1025656
51 1025656
52 1025656
53 1025656
54 1025656
55 1025656
56 1025656
57 1025656
58 1025656
59 1025656
60 1025656
61 1025656
62 1025656
63 1025656
64 1025656
65 1025656
66 1025656
67 1025656
68 1025656
69 1025656
70 1025656
71 1025656
72 1025656
73 1025656
74 1025656
75 1025656
76 1025656
77 1025656
78 1025656
79 1025656
80 1025656
81 1025656
82 1025656
83 1025656
84 1025656
85 1025656
86 1025656
87 1025656
88 1025656
89 1025656
90 1025656
91 1025656
92 1025656
93 1025656
94 1025656
95 1025656
96 1025656
97 1025656
98 1025656
99 1025656
100 1025656
101 1025656
102 1025656
103 1025656
104 1025656
105 1025656
106 1025656
107 1025656
108 1025656
109 1025656
110 1025656
111 1025656
112 1025656
113 1025656
114 1025656
115 1025656
116 1025656
117 1025656
118 1025656
119 1025656
120 1025656
121 1025656
122 1025656
123 1025656
124 1025656
125 1025656
126 1025656
127 1025656
128 1025656
129 1025656
130 1025656
131 1025656
132 1025656
133 1025656
134 1025656
135 1025656
136 1025656
137 1025656
138 1025656
139 1025656
140 1025656
141 1025656
142 1025656
143 1025656
144 1025656
145 1025656
146 1025656
147 1025656
148 1025656
149 1025656
150 1025656
