1 1089406
2 1089406
3 1089406
4 1089406
5 1089406
6 1089406
7 1089406
8 1089406
9 1089406
10 1089406
11 1089406
12 1089406
13 1089406
14 1089406
15 1089406
16 1089406
17 1089406
18 1089406
19 1089406
20 1089406
21 1089406
22 1089406
23 1089406
24 1089406
25 1089406
26 1089406
27 1089406
28 1089406
29 1089406
30 1089406
31 1089406
32 1089406
33 1089406
34 1089406
35 1089406
36 1089406
37 1089406
38 1089406
39 1089406
40 1089406
41 1089406
42 1089406
43 1089406
44 1089406
45 1089406
46 1089406
47 1089406
48 1089406
49 1089406
50 1089406
51 1089406
52 1089406
53 1089406
54 1089406
55 1089406
56 1089406
57 1089406
58 1089406
59 1089406
60 1089406
61 1089406
62 1089406
63 1089406
64 1089406
65 1089406
66 1089406
67 1089406
68 1089406
69 1089406
70 1089406
71 1089406
72 1089406
73 1089406
74 1089406
75 1089406
76 1089406
77 1089406
78 1089406
79 1089406
80 1089406
81 1089406
82 1089406
83 1089406
84 1089406
85 1089406
86 1089406
87 1089406
88 1089406
89 1089406
90 1089406
91 1089406
92 1089406
93 1089406
94 1089406
95 1089406
96 1089406
97 1089406
98 1089406
99 1089406
100 1089406
101 1089406
102 1089406
103 1089406
104 1089406
105 1089406
106 1089406
107 1089406
108 1089406
109 1089406
110 1089406
111 1089406
112 1089406
113 1089406
114 1089406
115 1089406
116 1089406
117 1089406
118 1089406
119 1089406
120 1089406
121 1089406
122 1089406
123 1089406
124 1089406
125 1089406
126 1089406
127 1089406
128 1089406
129 1089406
130 1089406
131 1089406
132 1089406
133 1089406
134 1089406
135 1089406
136 1089406
137 1089406
138 1089406
