1 8153176
2 8153176
3 8153176
4 8153176
5 8153176
6 8153176
7 8153176
8 8153176
9 8153176
10 8153176
11 8153176
12 8153176
13 8153176
14 8153176
15 8153176
16 8153176
17 8153176
18 8153176
19 8153176
20 8153176
21 8153176
22 8153176
23 8153176
24 8153176
25 8153176
26 8153176
27 8153176
28 8153176
29 8153176
30 8153176
31 8153176
32 8153176
33 8153176
34 8153176
35 8153176
36 8153176
37 8153176
38 8153176
39 8153176
40 8153176
41 8153176
42 8153176
43 8153176
44 8153176
45 8153176
46 8153176
47 8153176
48 8153176
49 8153176
50 8153176
51 8153176
52 8153176
53 8153176
54 8153176
55 8153176
56 8153176
57 8153176
58 8153176
59 8153176
60 8153176
61 8153176
62 8153176
63 8153176
64 8153176
65 8153176
66 8153176
67 8153176
68 8153176
69 8153176
70 8153176
71 8153176
72 8153176
73 8153176
74 8153176
75 8153176
76 8153176
77 8153176
78 8153176
79 8153176
80 8153176
81 8153176
82 8153176
83 8153176
84 8153176
85 8153176
86 8153176
87 8153176
88 8153176
89 8153176
90 8153176
91 8153176
92 8153176
93 8153176
94 8153176
95 8153176
96 8153176
97 8153176
98 8153176
99 8153176
100 8153176
101 8153176
102 8153176
103 8153176
104 8153176
105 8153176
106 8153176
107 8153176
108 8153176
109 8153176
110 8153176
111 8153176
112 8153176
113 8153176
114 8153176
115 8153176
116 8153176
117 8153176
118 8153176
119 8153176
120 8153176
121 8153176
122 8153176
123 8153176
124 8153176
125 8153176
126 8153176
127 8153176
128 8153176
129 8153176
130 8153176
131 8153176
132 8153176
133 8153176
134 8153176
135 8153176
136 8153176
137 8153176
138 8153176
139 8153176
140 8153176
141 8153176
142 8153176
143 8153176
144 8153176
145 8153176
146 8153176
147 8153176
148 8153176
149 8153176
150 8153176
151 8153176
152 8153176
153 8153176
154 8153176
155 8153176
156 8153176
157 8153176
158 8153176
159 8153176
160 8153176
161 8153176
162 8153176
163 8153176
164 8153176
165 8153176
166 8153176
167 8153176
168 8153176
169 8153176
170 8153176
171 8153176
172 8153176
173 8153176
174 8153176
175 8153176
176 8153176
177 8153176
178 8153176
179 8153176
180 8153176
181 8153176
182 8153176
183 8153176
184 8153176
185 8153176
186 8153176
187 8153176
188 8153176
189 8153176
190 8153176
191 8153176
192 8153176
193 8153176
194 8153176
195 8153176
196 8153176
197 8153176
198 8153176
199 8153176
200 8153176
201 8153176
202 8153176
203 8153176
204 8153176
205 8153176
206 8153176
207 8153176
208 8153176
209 8153176
210 8153176
211 8153176
212 8153176
213 8153176
214 8153176
215 8153176
216 8153176
217 8153176
218 8153176
