1 0
2 0
3 0
4 0
5 0
6 0
7 0
8 0
9 0
10 0
11 0
12 0
13 0
14 0
15 0
16 0
17 0
18 0
19 0
20 0
21 0
22 0
23 0
24 0
25 0
26 0
27 0
28 0
29 0
30 0
31 0
32 0
33 0
34 0
35 0
36 0
37 0
38 0
39 0
40 0
41 0
42 0
43 0
44 0
45 0
46 0
47 0
48 0
49 0
50 0
51 0
52 0
53 0
54 0
55 0
56 0
57 0
58 0
59 0
60 0
61 0
62 0
63 1
64 1
65 1
66 1
67 18
68 18
69 34
70 34
71 38
72 38
73 42
74 47
75 55
76 60
77 60
78 60
79 95
80 122
81 149
82 149
83 152
84 194
85 194
86 206
87 209
88 213
89 271
90 278
91 293
92 293
93 293
94 293
95 297
96 302
97 304
98 304
99 305
100 316
101 316
102 331
103 331
104 359
105 373
106 377
107 379
108 381
109 381
110 384
111 385
112 388
113 388
114 388
115 388
116 389
117 389
118 390
119 390
120 391
121 391
122 391
123 392
124 392
125 392
126 398
127 401
128 401
129 402
130 405
131 405
132 413
133 416
134 416
135 420
136 421
137 421
138 428
139 431
140 432
141 432
142 435
143 437
144 437
145 439
146 445
147 450
148 451
149 451
150 453
151 455
152 459
153 464
154 467
155 469
156 472
157 478
158 480
159 484
160 484
161 486
162 488
163 489
164 492
165 493
166 497
167 498
168 502
169 503
170 505
171 505
172 505
173 508
174 516
175 519
176 524
177 528
178 530
179 535
180 541
181 543
182 547
183 548
184 550
185 552
186 553
187 558
188 562
189 564
190 566
191 572
192 573
193 577
194 582
195 582
196 583
197 585
198 595
199 608
200 611
201 616
202 618
203 627
204 632
205 654
206 662
207 665
208 674
209 676
210 679
211 682
212 689
213 692
214 697
215 702
216 705
217 707
218 709
219 713
220 715
221 718
222 724
223 726
224 733
225 738
226 745
227 751
228 754
229 758
230 760
231 762
232 767
233 769
234 771
235 773
236 775
237 776
238 776
239 777
240 777
241 778
242 778
243 779
244 780
245 781
246 781
247 781
248 781
249 781
250 785
251 785
252 786
253 786
254 788
255 788
256 790
257 790
258 791
259 791
260 791
261 791
262 792
263 792
264 792
265 792
266 792
267 794
268 795
269 795
270 796
271 798
272 798
273 798
274 801
275 803
276 803
277 804
278 808
279 812
280 814
281 817
282 819
283 821
284 822
285 825
286 826
287 827
288 827
289 827
290 827
291 827
292 830
293 831
294 832
295 833
296 835
297 837
298 838
299 839
300 840
301 841
302 841
303 841
304 842
305 843
306 843
307 843
308 843
309 844
310 846
311 846
312 846
313 846
314 846
315 846
316 848
317 851
318 853
319 854
320 855
321 855
322 855
323 857
324 858
325 861
326 861
327 861
328 861
329 862
330 862
331 863
332 863
333 863
334 863
335 863
336 866
337 869
338 871
339 872
340 872
341 872
342 872
