1 1010
2 1014
3 1029
4 1065
5 1089
6 1125
7 1145
8 1168
9 1180
10 1180
11 1223
12 1252
13 1295
14 1317
15 1346
16 1369
17 1408
18 1452
19 1508
20 1551
21 1647
22 1708
23 1782
24 1921
25 1982
26 2092
27 2170
28 2238
29 2324
30 2422
31 2536
32 2647
33 2702
34 2814
35 2934
36 3008
37 3092
38 3200
39 3315
40 3397
41 3610
42 3736
43 3875
44 4070
45 4199
46 4312
47 4479
48 4630
49 4887
50 4991
51 5110
52 5325
53 5420
54 5575
55 5723
56 5839
57 5946
58 6045
59 6187
60 6351
61 6468
62 6584
63 6714
64 6789
65 6885
66 6950
67 7079
68 7187
69 7299
70 7451
71 7512
72 7597
73 7702
74 7843
75 7950
76 8068
77 8199
78 8317
79 8405
80 8509
81 8646
82 8771
83 8910
84 9011
85 9127
86 9237
87 9393
88 9583
89 9778
90 9979
91 10171
92 10328
93 10517
94 10819
95 11011
96 11219
97 11481
98 11653
99 11936
100 12127
101 12363
102 12648
103 12858
104 13054
105 13217
106 13273
107 13541
108 13892
109 14054
110 14342
111 14521
112 14681
113 14816
114 14980
115 15127
116 15203
117 15360
118 15494
119 15624
120 15726
121 15793
122 15869
123 15927
124 15992
125 16077
126 16124
127 16209
128 16260
129 16348
130 16388
131 16434
132 16472
133 16519
134 16554
135 16599
136 16621
137 16647
138 16686
139 16719
140 16760
141 16780
142 16801
143 16820
144 16848
145 16871
146 16889
147 16899
148 16909
149 16930
150 16934
151 16947
152 16948
153 16952
154 16958
155 16977
156 16984
157 16994
158 16996
159 17004
160 17008
161 17018
162 17026
163 17034
164 17044
165 17044
166 17053
167 17055
168 17059
169 17059
170 17059
171 17059
172 17060
173 17061
174 17064
175 17065
176 17067
177 17069
178 17074
179 17083
180 17083
181 17086
182 17088
183 17090
