1 1038
2 1069
3 1126
4 1149
5 1187
6 1238
7 1290
8 1322
9 1421
10 1476
11 1500
12 1542
13 1590
14 1622
15 1729
16 1809
17 1899
18 1914
19 1914
20 1979
21 2018
22 2024
23 2040
24 2098
25 2103
26 2110
27 2153
28 2166
29 2232
30 2242
31 2277
32 2289
33 2315
34 2337
35 2365
36 2406
37 2454
38 2496
39 2578
40 2585
41 2632
42 2680
43 2721
44 2745
45 2758
46 2777
47 2798
48 2836
49 2869
50 2918
51 2970
52 3018
53 3047
54 3090
55 3127
56 3245
57 3285
58 3336
59 3357
60 3418
61 3435
62 3543
63 3589
64 3643
65 3664
66 3699
67 3720
68 3743
69 3766
70 3795
71 3830
72 3868
73 3933
74 3959
75 3983
76 4030
77 4069
78 4109
79 4154
80 4211
81 4230
82 4256
83 4276
84 4300
85 4334
86 4367
87 4395
88 4420
89 4435
90 4487
91 4524
92 4603
93 4640
94 4663
95 4743
96 4760
97 4778
98 4778
99 4798
100 4833
101 4850
102 4861
103 4876
104 4893
105 4910
106 4931
107 4942
108 4953
109 4961
110 4973
111 4982
112 4989
113 5007
114 5020
115 5033
116 5040
117 5040
118 5043
119 5058
120 5065
121 5089
122 5098
123 5106
124 5112
125 5119
126 5128
127 5140
128 5142
129 5142
130 5142
131 5142
132 5143
133 5143
134 5143
135 5147
136 5147
137 5147
138 5147
139 5147
140 5150
141 5152
142 5155
143 5155
144 5155
