1 604
2 636
3 654
4 709
5 724
6 747
7 780
8 811
9 881
10 897
11 932
12 951
13 971
14 986
15 998
16 1013
17 1040
18 1056
19 1086
20 1109
21 1147
22 1193
23 1216
24 1237
25 1302
26 1351
27 1388
28 1401
29 1437
30 1469
31 1532
32 1552
33 1570
34 1629
35 1755
36 1801
37 1822
38 1883
39 1945
40 1987
41 2032
42 2086
43 2117
44 2149
45 2181
46 2198
47 2233
48 2248
49 2313
50 2341
51 2372
52 2399
53 2421
54 2454
55 2481
56 2505
57 2539
58 2555
59 2663
60 2697
61 2720
62 2737
63 2761
64 2796
65 2822
66 2858
67 2882
68 2907
69 2936
70 2960
71 3000
72 3018
73 3052
74 3088
75 3133
76 3147
77 3166
78 3183
79 3191
80 3227
81 3241
82 3275
83 3295
84 3326
85 3355
86 3375
87 3392
88 3431
89 3447
90 3473
91 3490
92 3508
93 3708
94 3740
95 3776
96 3797
97 3827
98 3858
99 3872
100 3880
101 3903
102 3928
103 3956
104 3972
105 4005
106 4014
107 4025
108 4049
109 4076
110 4105
111 4140
112 4164
113 4201
114 4252
115 4278
116 4307
117 4318
118 4348
119 4359
120 4395
121 4427
122 4441
123 4459
124 4482
125 4501
126 4512
127 4530
128 4534
129 4562
130 4578
131 4600
132 4622
133 4636
134 4646
135 4653
136 4670
137 4678
138 4682
139 4692
140 4705
141 4761
142 4761
143 4776
144 4793
145 4799
146 4813
147 4821
148 4835
149 4835
150 4840
151 4848
152 4853
153 4856
154 4862
155 4865
156 4870
157 4873
158 4880
159 4883
160 4891
161 4943
162 4943
163 4772
164 4773
165 4776
166 4780
167 4786
168 4786
169 4787
170 4792
171 4795
172 4796
173 4802
174 4806
