1 1338211
2 1338211
3 1338211
4 1338211
5 1338211
6 1338211
7 1338211
8 1338211
9 1338211
10 1338211
11 1338211
12 1338211
13 1338211
14 1338211
15 1338211
16 1338211
17 1338211
18 1338211
19 1338211
20 1338211
21 1338211
22 1338211
23 1338211
24 1338211
25 1338211
26 1338211
27 1338211
28 1338211
29 1338211
30 1338211
31 1338211
32 1338211
33 1338211
34 1338211
35 1338211
36 1338211
37 1338211
38 1338211
39 1338211
40 1338211
41 1338211
42 1338211
43 1338211
44 1338211
45 1338211
46 1338211
47 1338211
48 1338211
49 1338211
50 1338211
51 1338211
52 1338211
53 1338211
54 1338211
55 1338211
56 1338211
57 1338211
58 1338211
59 1338211
60 1338211
61 1338211
62 1338211
63 1338211
64 1338211
65 1338211
66 1338211
67 1338211
68 1338211
69 1338211
70 1338211
71 1338211
72 1338211
73 1338211
74 1338211
75 1338211
76 1338211
77 1338211
78 1338211
79 1338211
80 1338211
81 1338211
82 1338211
83 1338211
84 1338211
85 1338211
86 1338211
87 1338211
88 1338211
89 1338211
90 1338211
91 1338211
92 1338211
93 1338211
94 1338211
95 1338211
96 1338211
97 1338211
98 1338211
99 1338211
100 1338211
101 1338211
102 1338211
103 1338211
104 1338211
105 1338211
106 1338211
107 1338211
108 1338211
109 1338211
110 1338211
111 1338211
112 1338211
113 1338211
114 1338211
115 1338211
116 1338211
117 1338211
118 1338211
119 1338211
120 1338211
121 1338211
122 1338211
123 1338211
124 1338211
125 1338211
126 1338211
127 1338211
128 1338211
129 1338211
130 1338211
131 1338211
132 1338211
133 1338211
134 1338211
135 1338211
136 1338211
137 1338211
138 1338211
139 1338211
140 1338211
141 1338211
142 1338211
143 1338211
144 1338211
145 1338211
146 1338211
147 1338211
148 1338211
149 1338211
150 1338211
151 1338211
152 1338211
153 1338211
154 1338211
155 1338211
156 1338211
157 1338211
158 1338211
159 1338211
160 1338211
161 1338211
162 1338211
163 1338211
164 1338211
165 1338211
166 1338211
167 1338211
168 1338211
169 1338211
170 1338211
171 1338211
172 1338211
173 1338211
174 1338211
175 1338211
176 1338211
177 1338211
178 1338211
179 1338211
180 1338211
181 1338211
182 1338211
183 1338211
184 1338211
185 1338211
186 1338211
187 1338211
188 1338211
189 1338211
190 1338211
191 1338211
192 1338211
193 1338211
194 1338211
195 1338211
196 1338211
197 1338211
