1 99019
2 99019
3 99019
4 99019
5 99019
6 99019
7 99019
8 99019
9 99019
10 99019
11 99019
12 99019
13 99019
14 99019
15 99019
16 99019
17 99019
18 99019
19 99019
20 99019
21 99019
22 99019
23 99019
24 99019
25 99019
26 99019
27 99019
28 99019
29 99019
30 99019
31 99019
32 99019
33 99019
34 99019
35 99019
36 99019
37 99019
38 99019
39 99019
40 99019
41 99019
42 99019
43 99019
44 99019
45 99019
46 99019
47 99019
48 99019
49 99019
50 99019
51 99019
52 99019
53 99019
54 99019
55 99019
56 99019
57 99019
58 99019
59 99019
60 99019
61 99019
62 99019
63 99019
64 99019
65 99019
66 99019
67 99019
68 99019
69 99019
70 99019
71 99019
72 99019
73 99019
74 99019
75 99019
76 99019
77 99019
78 99019
79 99019
80 99019
81 99019
82 99019
83 99019
