1 660280
2 660280
3 660280
4 660280
5 660280
6 660280
7 660280
8 660280
9 660280
10 660280
11 660280
12 660280
13 660280
14 660280
15 660280
16 660280
17 660280
18 660280
19 660280
20 660280
21 660280
22 660280
23 660280
24 660280
25 660280
26 660280
27 660280
28 660280
29 660280
30 660280
31 660280
32 660280
33 660280
34 660280
35 660280
36 660280
37 660280
38 660280
39 660280
40 660280
41 660280
42 660280
43 660280
44 660280
45 660280
46 660280
47 660280
48 660280
49 660280
50 660280
51 660280
52 660280
53 660280
54 660280
55 660280
56 660280
57 660280
58 660280
59 660280
60 660280
61 660280
62 660280
63 660280
64 660280
65 660280
66 660280
67 660280
68 660280
69 660280
70 660280
71 660280
72 660280
73 660280
74 660280
75 660280
76 660280
77 660280
78 660280
79 660280
80 660280
81 660280
82 660280
83 660280
84 660280
85 660280
86 660280
87 660280
88 660280
89 660280
90 660280
91 660280
92 660280
93 660280
94 660280
95 660280
96 660280
97 660280
98 660280
99 660280
100 660280
101 660280
102 660280
103 660280
104 660280
105 660280
106 660280
107 660280
108 660280
109 660280
110 660280
111 660280
112 660280
113 660280
114 660280
115 660280
116 660280
117 660280
118 660280
119 660280
120 660280
121 660280
122 660280
123 660280
124 660280
125 660280
126 660280
127 660280
128 660280
129 660280
130 660280
131 660280
132 660280
133 660280
134 660280
135 660280
136 660280
137 660280
138 660280
