1 814
2 832
3 860
4 885
5 925
6 949
7 965
8 1000
9 1028
10 1052
11 1067
12 1094
13 1112
14 1130
15 1143
16 1155
17 1180
18 1190
19 1208
20 1229
21 1238
22 1246
23 1255
24 1274
25 1322
26 1338
27 1348
28 1358
29 1366
30 1370
31 1377
32 1382
33 1390
34 1401
35 1409
36 1425
37 1427
38 1439
39 1441
40 1447
41 1460
42 1466
43 1474
44 1476
45 1484
46 1486
47 1487
48 1490
49 1499
50 1503
51 1508
52 1512
53 1519
54 1523
55 1538
56 1545
57 1553
58 1558
59 1571
60 1575
61 1583
62 1597
63 1610
64 1614
65 1626
66 1627
67 1635
68 1640
69 1659
70 1675
71 1680
72 1696
73 1709
74 1719
75 1731
76 1741
77 1756
78 1770
79 1775
80 1778
81 1781
82 1782
83 1786
84 1789
85 1793
86 1797
87 1806
88 1807
89 1819
90 1823
91 1835
92 1845
93 1850
94 1858
95 1864
96 1870
97 1879
98 1895
99 1905
100 1912
101 1920
102 1921
103 1931
104 1941
105 1950
106 1958
107 1961
108 1968
109 1974
110 1977
111 1980
112 1985
113 1994
114 1998
115 2006
116 2008
117 2022
118 2030
119 2031
120 2031
121 2032
122 2033
123 2035
124 2041
125 2044
126 2047
127 2050
128 2052
129 2054
130 2054
131 2055
132 2058
133 2059
134 2060
135 2062
