1 13
2 14
3 17
4 18
5 19
6 23
7 28
8 29
9 33
10 36
11 40
12 44
13 51
14 55
15 56
16 58
17 61
18 65
19 66
20 69
21 72
22 75
23 80
24 83
25 88
26 93
27 98
28 103
29 106
30 112
31 116
32 121
33 126
34 131
35 134
36 134
37 137
38 139
39 143
40 144
41 149
42 153
43 154
44 158
45 163
46 164
47 166
48 169
49 171
50 173
51 179
52 180
53 180
54 181
55 184
56 185
57 190
58 192
59 196
60 200
61 204
62 206
63 207
64 210
65 211
66 213
67 213
68 213
69 213
70 215
71 215
72 216
73 217
74 217
75 217
76 218
77 218
78 218
79 219
80 220
81 221
82 222
83 222
84 223
85 224
86 224
87 224
88 224
89 224
90 225
91 226
92 226
93 226
94 226
95 226
96 226
97 226
98 226
99 226
100 227
101 228
102 228
103 228
104 228
105 229
106 230
107 230
108 230
109 230
110 230
111 230
112 230
113 230
114 230
115 230
116 230
117 230
118 230
119 230
120 231
121 231
122 232
123 233
124 233
125 233
126 233
127 233
128 233
129 234
130 234
131 234
132 234
133 234
134 235
135 235
136 235
137 235
138 235
139 235
140 236
141 236
142 237
143 237
144 237
145 237
146 237
147 237
148 237
149 237
150 238
151 238
152 238
153 238
154 238
155 238
156 238
157 238
158 238
159 238
160 238
161 238
162 238
163 238
164 238
165 238
166 238
167 238
168 238
169 238
170 238
171 238
172 238
173 238
174 238
175 238
176 238
177 238
178 238
179 238
180 238
181 238
182 238
183 238
184 238
185 238
186 238
187 238
188 238
189 238
190 238
191 238
192 238
193 238
194 238
195 238
196 238
197 238
198 238
199 238
200 238
