1 1044
2 1107
3 1110
4 1162
5 1208
6 1252
7 1286
8 1378
9 1466
10 1530
11 1615
12 1754
13 1833
14 1948
15 2009
16 2063
17 2093
18 2166
19 2224
20 2321
21 2398
22 2434
23 2493
24 2555
25 2639
26 2744
27 2861
28 2964
29 3081
30 3176
31 3213
32 3372
33 3492
34 3666
35 3866
36 4005
37 4106
38 4157
39 4320
40 4461
41 4600
42 4743
43 4916
44 5145
45 5217
46 5434
47 5733
48 5998
49 6318
50 6661
51 6931
52 6965
53 7177
54 7513
55 7687
56 7869
57 8155
58 8348
59 8445
60 8637
61 8799
62 8954
63 9035
64 9154
65 9259
66 9314
67 9399
68 9472
69 9541
70 9599
71 9659
72 9710
73 9742
74 9789
75 9834
76 9907
77 10004
78 10135
79 10206
80 10269
81 10324
82 10389
83 10454
84 10506
85 10550
86 10595
87 10607
88 10670
89 10736
90 10780
91 10837
92 10895
93 10953
94 10975
95 11087
96 11144
97 11180
98 11232
99 11268
100 11316
101 11324
102 11369
103 11422
104 11455
105 11491
106 11520
107 11531
108 11554
109 11584
110 11662
111 11733
112 11790
113 11819
114 11848
115 11866
116 11889
117 11927
118 11953
119 11991
120 12044
121 12116
122 12162
123 12223
124 12258
125 12318
126 12388
127 12467
128 12551
129 12561
130 12640
131 12710
132 12743
133 12782
134 12811
135 12858
136 12906
137 12956
138 13053
139 13100
140 13169
141 13219
142 13269
143 13315
144 13385
145 13444
146 13481
147 13529
148 13579
149 13625
150 13648
151 13689
152 13728
153 13806
154 13848
155 13888
156 13940
157 13993
158 14055
159 14095
160 14159
161 14239
162 14303
163 14368
164 14411
165 14467
166 14536
167 14630
168 14687
169 14743
170 14806
171 14836
172 14860
173 14887
174 14931
175 14993
176 15033
177 15093
178 15140
179 15207
180 15283
181 15308
182 15356
183 15455
184 15515
185 15556
