1 4476044
2 4476044
3 4476044
4 4476044
5 4476044
6 4476044
7 4476044
8 4476044
9 4476044
10 4476044
11 4476044
12 4476044
13 4476044
14 4476044
15 4476044
16 4476044
17 4476044
18 4476044
19 4476044
20 4476044
21 4476044
22 4476044
23 4476044
24 4476044
25 4476044
26 4476044
27 4476044
28 4476044
29 4476044
30 4476044
31 4476044
32 4476044
33 4476044
34 4476044
35 4476044
36 4476044
37 4476044
38 4476044
39 4476044
40 4476044
41 4476044
42 4476044
43 4476044
44 4476044
45 4476044
46 4476044
47 4476044
48 4476044
49 4476044
50 4476044
51 4476044
52 4476044
53 4476044
54 4476044
55 4476044
56 4476044
57 4476044
58 4476044
59 4476044
60 4476044
61 4476044
62 4476044
63 4476044
64 4476044
65 4476044
66 4476044
67 4476044
68 4476044
69 4476044
70 4476044
71 4476044
72 4476044
73 4476044
74 4476044
75 4476044
76 4476044
77 4476044
78 4476044
79 4476044
80 4476044
81 4476044
82 4476044
83 4476044
84 4476044
85 4476044
86 4476044
87 4476044
88 4476044
89 4476044
90 4476044
91 4476044
92 4476044
93 4476044
94 4476044
95 4476044
96 4476044
97 4476044
98 4476044
99 4476044
100 4476044
101 4476044
102 4476044
103 4476044
104 4476044
105 4476044
106 4476044
107 4476044
108 4476044
109 4476044
110 4476044
111 4476044
112 4476044
113 4476044
114 4476044
115 4476044
116 4476044
117 4476044
118 4476044
119 4476044
120 4476044
121 4476044
122 4476044
123 4476044
124 4476044
125 4476044
126 4476044
127 4476044
128 4476044
129 4476044
130 4476044
131 4476044
132 4476044
133 4476044
134 4476044
135 4476044
136 4476044
137 4476044
138 4476044
139 4476044
140 4476044
141 4476044
142 4476044
143 4476044
144 4476044
145 4476044
146 4476044
147 4476044
148 4476044
149 4476044
150 4476044
151 4476044
152 4476044
153 4476044
154 4476044
155 4476044
156 4476044
157 4476044
158 4476044
159 4476044
160 4476044
161 4476044
162 4476044
163 4476044
164 4476044
165 4476044
166 4476044
167 4476044
168 4476044
169 4476044
170 4476044
171 4476044
172 4476044
173 4476044
174 4476044
175 4476044
176 4476044
177 4476044
178 4476044
179 4476044
180 4476044
181 4476044
182 4476044
183 4476044
184 4476044
185 4476044
186 4476044
