1 428
2 431
3 431
4 435
5 462
6 523
7 581
8 636
9 686
10 730
11 842
12 904
13 931
14 1002
15 1080
16 1119
17 1210
18 1503
19 1561
20 1581
21 1681
22 1763
23 1875
24 1941
25 1968
26 2041
27 2088
28 2105
29 2196
30 2218
31 2312
32 2335
33 2357
34 2412
35 2565
36 2667
37 2714
38 2762
39 2811
40 2853
41 2957
42 3017
43 3089
44 3144
45 3389
46 3534
47 3539
48 3540
49 3719
50 3809
51 3862
52 3921
53 3977
54 4042
55 4104
56 4163
57 4181
58 4218
59 4250
60 4325
61 4374
62 4420
63 4481
64 4553
65 4569
66 4605
67 4643
68 4435
69 4468
70 4521
71 4571
72 4605
73 4648
74 4699
75 4753
76 4772
77 4822
78 4904
79 4904
80 5043
81 5205
82 5256
83 5339
84 5481
85 5526
86 5588
87 5667
88 5715
89 5776
90 5840
91 5912
92 5987
93 6047
94 6145
95 6193
96 6205
97 6276
98 6345
99 6404
100 6438
101 6518
102 6599
103 6701
104 6710
105 6823
106 6878
107 7005
108 7101
109 7168
110 7212
111 7285
112 7392
113 7483
114 7525
115 7588
116 7645
117 7698
118 7699
119 7774
120 7819
121 7853
122 7912
123 7950
124 7999
125 8064
126 8092
127 8136
128 8165
129 8193
130 8226
131 8247
132 8288
133 8322
134 8360
135 8384
136 8423
137 8423
138 8461
139 8486
140 8512
141 8524
142 8540
143 8987
144 9002
145 9047
146 9047
147 9092
