1 844979
2 844979
3 844979
4 844979
5 844979
6 844979
7 844979
8 844979
9 844979
10 844979
11 844979
12 844979
13 844979
14 844979
15 844979
16 844979
17 844979
18 844979
19 844979
20 844979
21 844979
22 844979
23 844979
24 844979
25 844979
26 844979
27 844979
28 844979
29 844979
30 844979
31 844979
32 844979
33 844979
34 844979
35 844979
36 844979
37 844979
38 844979
39 844979
40 844979
41 844979
42 844979
43 844979
44 844979
45 844979
46 844979
47 844979
48 844979
49 844979
50 844979
51 844979
