1 0
2 0
3 0
4 0
5 0
6 0
7 0
8 0
9 0
10 0
11 0
12 0
13 0
14 0
15 0
16 0
17 0
18 0
19 0
20 0
21 0
22 0
23 0
24 0
25 0
26 0
27 0
28 0
29 0
30 0
31 0
32 0
33 0
34 0
35 0
36 0
37 0
38 0
39 0
40 0
41 0
42 0
43 0
44 0
45 0
46 0
47 0
48 0
49 0
50 0
51 0
52 0
53 0
54 0
55 0
56 0
57 0
58 0
59 0
60 0
61 0
62 0
63 0
64 0
65 0
66 0
67 0
68 0
69 0
70 0
71 0
72 0
73 0
74 0
75 0
76 0
77 0
78 0
79 0
80 0
81 0
82 0
83 0
84 0
85 0
86 0
87 0
88 0
89 0
90 0
91 0
92 0
93 0
94 0
95 0
96 0
97 0
98 0
99 0
100 0
101 0
102 0
103 0
104 0
105 0
106 0
107 0
108 0
109 0
110 0
111 0
112 0
113 0
114 0
115 0
116 0
117 0
118 0
119 0
120 0
121 0
122 0
123 0
124 0
125 0
126 0
127 0
128 0
129 0
130 0
131 0
132 0
133 0
134 0
135 0
136 0
137 0
138 0
139 0
140 0
141 0
142 0
143 0
144 0
145 0
146 0
147 0
148 0
149 0
150 0
151 0
152 0
153 1
154 3
155 3
156 3
157 3
158 3
159 3
160 3
161 3
162 3
163 3
164 3
165 3
166 3
167 3
168 3
169 3
170 3
171 3
172 4
173 4
174 4
175 4
176 4
177 4
178 4
179 4
180 4
181 4
182 4
183 4
184 6
185 6
186 6
187 6
188 6
189 6
190 6
191 6
192 6
193 6
194 17
195 17
196 17
197 17
198 17
199 17
200 17
201 17
202 17
203 18
204 20
205 20
206 20
207 30
208 30
209 30
210 32
211 33
212 33
213 35
214 34
215 37
216 37
217 37
218 37
219 37
220 37
221 37
222 37
223 37
224 37
225 37
226 38
227 38
228 38
229 38
230 38
231 38
232 39
233 39
234 42
235 42
236 49
237 49
238 49
239 49
240 57
241 64
242 64
243 69
244 69
245 72
246 82
247 82
248 86
249 86
250 86
251 94
252 94
253 94
254 94
255 94
256 94
257 102
258 102
259 102
260 102
261 102
262 102
263 102
264 102
265 102
266 117
267 117
268 118
269 122
270 122
271 122
272 132
273 137
274 137
275 137
276 138
277 138
278 138
279 150
280 158
281 163
282 183
283 187
284 187
285 187
286 187
287 187
288 187
289 189
290 189
291 189
292 189
293 189
294 189
295 189
296 189
297 189
298 190
299 190
300 193
301 193
302 194
303 195
304 194
305 195
306 195
307 195
308 195
309 196
310 196
311 196
312 197
313 197
314 197
315 197
316 197
317 197
318 197
319 197
320 197
321 197
322 197
323 197
324 197
325 197
326 197
327 198
328 198
329 198
330 198
331 198
332 198
333 198
334 198
335 198
336 198
337 198
338 198
339 198
340 198
341 198
342 198
