1 258380
2 258380
3 258380
4 258380
5 258380
6 258380
7 258380
8 258380
9 258380
10 258380
11 258380
12 258380
13 258380
14 258380
15 258380
16 258380
17 258380
18 258380
19 258380
20 258380
21 258380
22 258380
23 258380
24 258380
25 258380
26 258380
27 258380
28 258380
29 258380
30 258380
31 258380
32 258380
33 258380
34 258380
35 258380
36 258380
37 258380
38 258380
39 258380
40 258380
41 258380
42 258380
43 258380
44 258380
45 258380
46 258380
47 258380
48 258380
49 258380
50 258380
51 258380
52 258380
53 258380
54 258380
55 258380
56 258380
57 258380
58 258380
59 258380
60 258380
61 258380
62 258380
63 258380
64 258380
65 258380
66 258380
67 258380
68 258380
69 258380
70 258380
71 258380
72 258380
73 258380
74 258380
75 258380
76 258380
77 258380
78 258380
79 258380
80 258380
81 258380
82 258380
83 258380
84 258380
85 258380
86 258380
87 258380
88 258380
89 258380
90 258380
91 258380
92 258380
93 258380
