1 769
2 769
3 770
4 771
5 785
6 792
7 798
8 807
9 813
10 821
11 827
12 862
13 870
14 878
15 880
16 951
17 970
18 984
19 984
20 1006
21 1011
22 1011
23 1014
24 1042
25 1047
26 1049
27 1053
28 1057
29 1059
30 1063
31 1065
32 1065
33 1065
34 1069
35 1118
36 1119
37 1129
38 1152
39 1166
40 1187
41 1225
42 1233
43 1234
44 1237
45 1257
46 1270
47 1323
48 1334
49 1338
50 1344
51 1368
52 1395
53 1417
54 1427
55 1451
56 1484
57 1484
58 1491
59 1514
60 1534
61 1549
62 1577
63 1588
64 1595
65 1604
66 1615
67 1625
68 1636
69 1646
70 1653
71 1654
72 1658
73 1671
74 1678
75 1689
76 1695
77 1703
78 1718
79 1724
80 1729
81 1740
82 1755
83 1761
84 1767
85 1767
86 1773
87 1784
88 1785
89 1793
90 1798
91 1798
92 1798
93 1798
94 1798
95 1798
96 1798
97 1806
98 1806
99 1809
100 1812
101 1822
102 1826
103 1826
104 1837
105 1845
106 1860
107 1860
108 1867
109 1872
110 1879
111 1899
112 1899
113 1899
114 1904
115 1908
116 1909
117 1920
118 1920
119 1927
120 1930
121 1930
122 1935
123 1940
124 1940
125 1949
126 1965
127 1972
128 1999
129 2011
130 2023
131 2024
132 2026
133 2026
134 2028
135 2031
136 2031
137 2043
138 2043
139 2043
140 2043
141 2043
142 2043
143 2043
144 2048
145 2048
146 2050
147 2050
148 2050
149 2052
150 2052
151 2053
152 2053
153 2053
154 2053
155 2055
156 2055
157 2055
158 2055
159 2056
160 2056
161 2056
162 2056
163 2058
164 2058
165 2058
166 2058
167 2058
168 2059
169 2059
170 2059
