1 1725818
2 1725818
3 1725818
4 1725818
5 1725818
6 1725818
7 1725818
8 1725818
9 1725818
10 1725818
11 1725818
12 1725818
13 1725818
14 1725818
15 1725818
16 1725818
17 1725818
18 1725818
19 1725818
20 1725818
21 1725818
22 1725818
23 1725818
24 1725818
25 1725818
26 1725818
27 1725818
28 1725818
29 1725818
30 1725818
31 1725818
32 1725818
33 1725818
34 1725818
35 1725818
36 1725818
37 1725818
38 1725818
39 1725818
40 1725818
41 1725818
42 1725818
43 1725818
44 1725818
45 1725818
46 1725818
47 1725818
48 1725818
49 1725818
50 1725818
51 1725818
52 1725818
53 1725818
54 1725818
55 1725818
56 1725818
57 1725818
58 1725818
59 1725818
60 1725818
61 1725818
62 1725818
63 1725818
64 1725818
65 1725818
66 1725818
67 1725818
68 1725818
69 1725818
70 1725818
71 1725818
72 1725818
73 1725818
74 1725818
75 1725818
76 1725818
77 1725818
78 1725818
79 1725818
80 1725818
81 1725818
82 1725818
83 1725818
84 1725818
85 1725818
86 1725818
87 1725818
88 1725818
89 1725818
90 1725818
91 1725818
92 1725818
93 1725818
94 1725818
95 1725818
96 1725818
97 1725818
98 1725818
99 1725818
100 1725818
101 1725818
102 1725818
103 1725818
104 1725818
105 1725818
106 1725818
107 1725818
108 1725818
109 1725818
110 1725818
111 1725818
112 1725818
113 1725818
114 1725818
115 1725818
116 1725818
117 1725818
118 1725818
119 1725818
120 1725818
121 1725818
122 1725818
123 1725818
124 1725818
125 1725818
126 1725818
127 1725818
128 1725818
129 1725818
130 1725818
131 1725818
132 1725818
133 1725818
134 1725818
135 1725818
136 1725818
137 1725818
138 1725818
139 1725818
140 1725818
141 1725818
142 1725818
143 1725818
144 1725818
145 1725818
146 1725818
147 1725818
148 1725818
149 1725818
150 1725818
151 1725818
152 1725818
153 1725818
