1 819
2 826
3 832
4 840
5 843
6 871
7 871
8 929
9 942
10 947
11 947
12 966
13 966
14 975
15 983
16 985
17 1031
18 1031
19 1031
20 1031
21 1036
22 1036
23 1036
24 1044
25 1044
26 1044
27 1044
28 1044
29 1100
30 1100
31 1103
32 1103
33 1103
34 1103
35 1103
36 1103
37 1110
38 1128
39 1131
40 1131
41 1131
42 1131
43 1171
44 1172
45 1172
46 1172
47 1172
48 1172
49 1173
50 1173
51 1222
52 1223
53 1229
54 1229
55 1229
56 1237
57 1237
58 1240
59 1249
60 1249
61 1303
62 1303
63 1324
64 1325
65 1334
66 1334
67 1360
68 1360
69 1392
70 1392
71 1392
72 1392
73 1415
74 1431
75 1431
76 1431
77 1436
78 1521
79 1521
80 1545
81 1545
82 1545
83 1545
84 1619
85 1626
86 1628
87 1637
88 1637
89 1638
90 1638
91 1638
92 1676
93 1681
94 1692
95 1692
96 1692
97 1692
98 1698
99 1698
100 1721
101 1721
102 1753
103 1721
104 1721
105 1721
106 1721
107 1721
108 1721
109 1721
110 1721
111 1721
