1 0
2 0
3 0
4 0
5 0
6 0
7 0
8 0
9 0
10 0
11 0
12 0
13 0
14 0
15 0
16 0
17 0
18 0
19 0
20 0
21 0
22 0
23 0
24 0
25 0
26 0
27 0
28 0
29 0
30 0
31 0
32 0
33 0
34 0
35 0
36 0
37 0
38 0
39 0
40 0
41 0
42 0
43 0
44 0
45 0
46 0
47 0
48 0
49 0
50 0
51 0
52 0
53 0
54 0
55 0
56 0
57 0
58 0
59 0
60 0
61 0
62 0
63 0
64 0
65 0
66 0
67 0
68 0
69 0
70 0
71 0
72 0
73 0
74 0
75 0
76 0
77 0
78 0
79 0
80 0
81 0
82 0
83 0
84 0
85 0
86 0
87 0
88 0
89 0
90 0
91 0
92 0
93 0
94 0
95 0
96 0
97 0
98 0
99 0
100 0
101 0
102 0
103 0
104 0
105 0
106 0
107 0
108 0
109 0
110 0
111 0
112 0
113 0
114 0
115 0
116 0
117 0
118 0
119 0
120 0
121 0
122 0
123 0
124 0
125 0
126 0
127 0
128 0
129 0
130 0
131 0
132 0
133 0
134 0
135 0
136 0
137 0
138 0
139 0
140 0
141 0
142 0
143 0
144 0
145 0
146 0
147 0
148 0
149 0
150 0
151 0
152 0
153 0
154 0
155 0
156 0
157 0
158 0
159 0
160 0
161 0
162 0
163 0
164 0
165 0
166 0
167 0
168 0
169 0
170 0
171 0
172 0
173 0
174 0
175 0
176 0
177 0
178 0
179 0
180 0
181 0
182 1
183 1
184 1
185 1
186 1
187 1
188 1
189 1
190 1
191 1
192 1
193 1
194 1
195 1
196 1
197 1
198 1
199 1
200 1
201 1
202 1
203 1
204 1
205 2
206 2
207 2
208 2
209 2
210 2
211 2
212 4
213 4
214 6
215 6
216 6
217 6
218 6
219 6
220 6
221 8
222 8
223 8
224 8
225 8
226 8
227 8
228 8
229 8
230 19
231 19
232 22
233 24
234 25
235 25
236 31
237 31
238 33
239 35
240 42
241 44
242 44
243 44
244 46
245 46
246 46
247 46
248 46
249 47
250 47
251 47
252 47
253 47
254 48
255 48
256 48
257 49
258 49
259 49
260 49
261 49
262 49
263 49
264 49
265 49
266 49
267 49
268 50
269 51
270 51
271 51
272 51
273 51
274 51
275 51
276 51
277 51
278 51
279 51
280 51
281 51
282 51
283 51
284 51
285 51
286 51
287 51
288 51
289 53
290 53
291 53
292 55
293 55
294 55
295 55
296 55
297 55
298 55
299 57
300 57
301 57
302 57
303 57
304 57
305 57
306 57
307 57
308 57
309 57
310 57
311 57
312 57
313 57
314 57
315 57
316 57
317 57
318 57
319 57
320 57
321 57
322 57
323 57
324 57
325 57
326 57
327 57
328 57
329 57
330 57
331 57
332 57
333 57
334 57
335 57
336 57
337 57
338 57
339 57
340 57
341 57
342 57
