1 1195537
2 1195537
3 1195537
4 1195537
5 1195537
6 1195537
7 1195537
8 1195537
9 1195537
10 1195537
11 1195537
12 1195537
13 1195537
14 1195537
15 1195537
16 1195537
17 1195537
18 1195537
19 1195537
20 1195537
21 1195537
22 1195537
23 1195537
24 1195537
25 1195537
26 1195537
27 1195537
28 1195537
29 1195537
30 1195537
31 1195537
32 1195537
33 1195537
34 1195537
35 1195537
36 1195537
37 1195537
38 1195537
39 1195537
40 1195537
41 1195537
42 1195537
43 1195537
44 1195537
45 1195537
46 1195537
47 1195537
48 1195537
49 1195537
50 1195537
51 1195537
52 1195537
53 1195537
54 1195537
55 1195537
56 1195537
57 1195537
58 1195537
59 1195537
60 1195537
61 1195537
62 1195537
63 1195537
64 1195537
65 1195537
66 1195537
67 1195537
68 1195537
69 1195537
70 1195537
71 1195537
72 1195537
73 1195537
74 1195537
75 1195537
76 1195537
77 1195537
78 1195537
79 1195537
80 1195537
81 1195537
82 1195537
83 1195537
84 1195537
85 1195537
86 1195537
87 1195537
88 1195537
89 1195537
90 1195537
91 1195537
92 1195537
93 1195537
94 1195537
95 1195537
96 1195537
97 1195537
98 1195537
99 1195537
100 1195537
101 1195537
102 1195537
103 1195537
104 1195537
105 1195537
106 1195537
107 1195537
108 1195537
109 1195537
110 1195537
111 1195537
112 1195537
113 1195537
114 1195537
115 1195537
116 1195537
117 1195537
118 1195537
119 1195537
120 1195537
121 1195537
122 1195537
123 1195537
124 1195537
125 1195537
126 1195537
127 1195537
128 1195537
129 1195537
130 1195537
131 1195537
132 1195537
133 1195537
134 1195537
135 1195537
136 1195537
137 1195537
138 1195537
139 1195537
140 1195537
141 1195537
142 1195537
143 1195537
144 1195537
145 1195537
146 1195537
147 1195537
148 1195537
149 1195537
150 1195537
151 1195537
152 1195537
153 1195537
154 1195537
155 1195537
156 1195537
157 1195537
158 1195537
159 1195537
160 1195537
161 1195537
162 1195537
163 1195537
164 1195537
165 1195537
166 1195537
167 1195537
168 1195537
169 1195537
170 1195537
171 1195537
172 1195537
173 1195537
174 1195537
175 1195537
176 1195537
177 1195537
178 1195537
179 1195537
180 1195537
181 1195537
182 1195537
183 1195537
184 1195537
185 1195537
186 1195537
187 1195537
188 1195537
189 1195537
190 1195537
191 1195537
192 1195537
