1 0
2 0
3 0
4 0
5 0
6 0
7 0
8 0
9 0
10 0
11 0
12 0
13 0
14 0
15 0
16 0
17 0
18 0
19 0
20 0
21 0
22 0
23 0
24 0
25 0
26 0
27 0
28 0
29 0
30 0
31 0
32 0
33 0
34 0
35 0
36 0
37 0
38 0
39 0
40 0
41 0
42 0
43 0
44 0
45 0
46 0
47 0
48 0
49 0
50 0
51 0
52 0
53 0
54 0
55 0
56 0
57 0
58 0
59 0
60 0
61 0
62 0
63 0
64 0
65 0
66 0
67 0
68 0
69 0
70 0
71 0
72 0
73 0
74 1
75 1
76 2
77 2
78 2
79 2
80 2
81 2
82 2
83 2
84 3
85 3
86 5
87 5
88 5
89 5
90 6
91 8
92 10
93 10
94 11
95 12
96 12
97 14
98 14
99 14
100 16
101 17
102 18
103 18
104 18
105 18
106 41
107 43
108 43
109 44
110 44
111 44
112 44
113 45
114 45
115 45
116 45
117 45
118 55
119 58
120 59
121 59
122 59
123 59
124 63
125 63
126 63
127 63
128 63
129 63
130 63
131 63
132 63
133 63
134 63
135 63
136 63
137 63
138 63
139 63
140 63
141 63
142 63
143 63
144 63
145 63
146 63
147 63
148 63
149 63
150 63
151 63
152 63
153 63
154 63
155 63
156 63
157 63
158 63
159 63
160 63
161 63
162 63
163 63
164 63
165 63
166 63
167 63
168 63
169 63
170 63
171 63
172 63
173 63
174 63
175 63
176 63
177 63
178 63
179 63
180 63
181 63
182 63
183 63
184 63
185 63
186 63
187 63
188 63
189 63
190 63
191 63
192 63
193 63
194 63
195 63
196 63
197 63
198 63
199 63
200 63
201 63
202 63
203 63
204 63
205 63
206 63
207 63
208 63
209 63
210 63
211 63
212 63
213 63
214 63
215 63
216 63
217 63
218 63
219 63
220 63
221 63
222 63
223 63
224 63
225 63
226 63
227 63
228 63
229 63
230 63
231 63
232 63
233 63
234 63
235 63
236 63
237 63
238 63
239 63
240 63
241 63
242 63
243 63
244 63
245 63
246 63
247 63
248 63
249 63
250 63
251 63
252 63
253 63
254 63
255 63
256 63
257 63
258 63
259 63
260 63
261 63
262 63
263 63
264 63
265 63
266 63
267 63
268 63
269 63
270 63
271 63
272 63
273 63
274 63
275 63
276 63
277 63
278 63
279 63
280 63
281 63
282 63
283 63
284 63
285 63
286 63
287 63
288 63
289 63
290 63
291 63
292 63
293 63
294 63
295 63
296 63
297 63
298 63
299 63
300 63
301 63
302 63
303 63
304 63
305 63
306 63
307 63
308 63
309 63
310 63
311 63
312 63
313 63
314 63
315 63
316 63
317 63
318 63
319 63
320 63
321 63
322 63
323 63
324 63
325 63
326 63
327 63
328 63
329 63
330 63
331 63
332 63
333 63
334 63
335 63
336 63
337 63
338 63
339 63
340 63
341 63
342 63
