1 x
2 x
3 x
4 x
5 x
6 x
7 x
8 x
9 x
10 x
11 x
12 x
13 x
14 x
15 x
16 x
17 x
18 x
19 x
20 x
21 x
22 x
23 x
24 x
25 x
26 x
27 x
28 x
29 x
30 x
31 x
32 x
33 x
34 x
35 x
36 x
37 x
38 x
39 x
40 x
41 x
42 x
43 x
44 x
45 x
46 x
47 x
48 x
49 x
50 x
51 x
52 x
53 x
54 x
55 x
56 x
57 x
58 x
59 x
60 x
61 x
62 x
63 x
64 x
65 x
66 x
67 x
68 x
69 x
70 x
71 x
72 x
73 x
74 x
75 x
76 x
77 x
78 x
79 x
80 x
81 x
82 x
83 x
84 x
85 x
86 x
87 x
88 x
89 x
90 x
91 x
92 x
93 x
94 x
95 x
96 x
97 x
98 x
99 x
100 x
101 x
102 x
103 x
104 x
105 x
106 x
107 x
108 x
109 x
110 x
111 x
112 x
113 x
114 x
115 x
116 x
117 x
118 x
119 x
120 x
121 x
122 x
123 x
124 x
125 x
126 x
127 x
128 x
129 x
130 x
131 x
132 x
133 x
134 x
135 x
136 x
137 x
138 x
139 x
140 x
141 x
142 x
143 2
144 2
145 2
146 2
147 2
148 2
149 2
150 2
151 2
152 2
153 2
154 3
155 3
156 3
157 4
158 5
159 5
160 5
161 5
162 5
163 5
164 5
165 5
166 5
167 5
168 5
169 5
170 6
171 6
172 6
173 6
174 6
175 6
176 6
177 6
178 6
179 6
180 6
181 16
182 16
183 16
184 16
185 17
186 17
187 19
188 20
189 20
190 22
191 25
192 27
193 28
194 28
195 32
196 33
197 33
198 37
199 37
200 37
201 37
202 37
203 37
204 38
205 38
206 38
207 38
208 38
209 38
210 38
211 37
212 37
213 37
214 37
215 37
216 38
217 39
218 39
219 39
220 40
221 46
222 46
223 47
224 47
225 47
226 50
227 64
228 69
229 72
230 73
231 73
232 75
233 76
234 80
235 82
236 82
237 82
238 82
239 85
240 87
241 94
242 95
243 95
244 96
245 96
246 101
247 101
248 102
249 102
250 103
251 103
252 103
253 105
254 105
255 105
256 107
257 112
258 117
259 117
260 121
261 127
262 130
263 133
264 136
265 136
266 136
267 138
268 138
269 142
270 150
271 158
272 163
273 183
274 187
275 187
276 187
277 187
278 187
279 188
280 189
281 189
282 189
283 189
284 189
285 189
286 189
287 189
288 189
289 189
290 192
291 192
292 193
293 194
294 194
295 195
296 196
297 196
298 196
