1 834
2 834
3 834
4 962
5 982
6 982
7 1037
8 1055
9 1066
10 1075
11 1081
12 1103
13 1115
14 1138
15 1188
16 1188
17 1231
18 1231
19 1235
20 1244
21 1245
22 1249
23 1253
24 1256
25 1268
26 1268
27 1271
28 1314
29 1327
30 1327
31 1329
32 1334
33 1355
34 1364
35 1375
36 1375
37 1383
38 1424
39 1429
40 1431
41 1437
42 1439
43 1447
44 1449
45 1452
46 1452
47 1460
48 1466
49 1468
50 1470
51 1470
52 1471
53 1471
54 1471
55 1474
56 1476
57 1478
58 1481
59 1485
60 1489
61 1489
62 1491
63 1494
64 1496
65 1497
66 1506
67 1512
68 1512
69 1519
70 1519
71 1520
72 1529
73 1529
74 1530
75 1533
76 1536
77 1541
78 1542
79 1543
80 1544
81 1544
82 1544
83 1551
84 1553
85 1557
86 1560
87 1564
88 1565
89 1567
90 1571
91 1573
92 1574
93 1576
94 1578
95 1581
96 1581
97 1581
98 1581
