1 770
2 783
3 799
4 817
5 845
6 868
7 892
8 915
9 938
10 954
11 978
12 1004
13 1031
14 1054
15 1079
16 1100
17 1126
18 1152
19 1179
20 1201
21 1242
22 1266
23 1288
24 1310
25 1332
26 1362
27 1387
28 1411
29 1436
30 1463
31 1485
32 1508
33 1529
34 1552
35 1570
36 1590
37 1613
38 1627
39 1646
40 1666
41 1675
42 1695
43 1711
44 1725
45 1740
46 1757
47 1781
48 1792
49 1807
50 1828
51 1846
52 1856
53 1883
54 1903
55 1917
56 1929
57 1939
58 1948
59 1955
60 1965
61 1976
62 1993
63 2013
64 2028
65 2037
66 2052
67 2064
68 2074
69 2088
70 2101
71 2110
72 2125
73 2135
74 2145
75 2160
76 2179
77 2189
78 2203
79 2221
80 2233
81 2248
82 2259
83 2272
84 2279
85 2294
86 2307
87 2318
88 2342
89 2357
90 2368
91 2388
92 2394
93 2415
94 2432
95 2441
96 2460
97 2476
98 2491
99 2508
100 2532
101 2553
102 2573
103 2598
104 2623
105 2645
106 2645
