1 652107
2 652107
3 652107
4 652107
5 652107
6 652107
7 652107
8 652107
9 652107
10 652107
11 652107
12 652107
13 652107
14 652107
15 652107
16 652107
17 652107
18 652107
19 652107
20 652107
21 652107
22 652107
23 652107
24 652107
25 652107
26 652107
27 652107
28 652107
29 652107
30 652107
31 652107
32 652107
33 652107
34 652107
35 652107
36 652107
37 652107
38 652107
39 652107
40 652107
41 652107
42 652107
43 652107
44 652107
45 652107
46 652107
47 652107
48 652107
49 652107
50 652107
51 652107
52 652107
53 652107
54 652107
55 652107
56 652107
57 652107
58 652107
59 652107
60 652107
61 652107
62 652107
63 652107
64 652107
65 652107
66 652107
67 652107
68 652107
69 652107
70 652107
71 652107
72 652107
73 652107
74 652107
75 652107
76 652107
77 652107
78 652107
79 652107
80 652107
81 652107
82 652107
83 652107
84 652107
85 652107
86 652107
87 652107
88 652107
89 652107
90 652107
91 652107
92 652107
93 652107
94 652107
95 652107
96 652107
97 652107
98 652107
99 652107
100 652107
101 652107
102 652107
103 652107
104 652107
