1 1136604
2 1136604
3 1136604
4 1136604
5 1136604
6 1136604
7 1136604
8 1136604
9 1136604
10 1136604
11 1136604
12 1136604
13 1136604
14 1136604
15 1136604
16 1136604
17 1136604
18 1136604
19 1136604
20 1136604
21 1136604
22 1136604
23 1136604
24 1136604
25 1136604
26 1136604
27 1136604
28 1136604
29 1136604
30 1136604
31 1136604
32 1136604
33 1136604
34 1136604
35 1136604
36 1136604
37 1136604
38 1136604
39 1136604
40 1136604
41 1136604
42 1136604
43 1136604
44 1136604
45 1136604
46 1136604
47 1136604
48 1136604
49 1136604
50 1136604
51 1136604
52 1136604
53 1136604
54 1136604
55 1136604
56 1136604
57 1136604
58 1136604
59 1136604
60 1136604
61 1136604
62 1136604
63 1136604
64 1136604
65 1136604
66 1136604
67 1136604
68 1136604
69 1136604
70 1136604
71 1136604
72 1136604
73 1136604
74 1136604
75 1136604
76 1136604
77 1136604
78 1136604
79 1136604
80 1136604
81 1136604
82 1136604
83 1136604
84 1136604
85 1136604
86 1136604
87 1136604
88 1136604
89 1136604
90 1136604
91 1136604
92 1136604
93 1136604
94 1136604
95 1136604
96 1136604
97 1136604
98 1136604
99 1136604
100 1136604
101 1136604
102 1136604
103 1136604
104 1136604
105 1136604
106 1136604
107 1136604
108 1136604
109 1136604
110 1136604
111 1136604
112 1136604
113 1136604
114 1136604
115 1136604
116 1136604
117 1136604
118 1136604
119 1136604
120 1136604
121 1136604
122 1136604
123 1136604
124 1136604
125 1136604
126 1136604
127 1136604
