1 1016
2 1051
3 1079
4 1117
5 1160
6 1206
7 1270
8 1327
9 1374
10 1426
11 1515
12 1595
13 1670
14 1751
15 1842
16 1928
17 2009
18 2102
19 2216
20 2305
21 2396
22 2515
23 2631
24 2776
25 2918
26 3035
27 3209
28 3376
29 3564
30 3724
31 3985
32 4155
33 4346
34 4550
35 4789
36 5065
37 5268
38 5502
39 5763
40 5995
41 6372
42 6704
43 6987
44 7292
45 7542
46 7991
47 8245
48 8592
49 8958
50 9246
51 9506
52 9796
53 10082
54 10298
55 10546
56 10726
57 10968
58 11212
59 11380
60 11553
61 11678
62 11816
63 11938
64 12057
65 12212
66 12360
67 12445
68 12578
69 12707
70 12820
71 12922
72 12985
73 13081
74 13166
75 13260
76 13331
77 13403
78 13477
79 13532
80 13582
81 13646
82 13686
83 13743
84 13797
85 13848
86 13920
87 13977
88 14038
89 14085
90 14152
91 14212
92 14292
93 14351
94 14418
95 14476
96 14528
97 14608
98 14702
99 14794
100 14927
101 15025
102 15134
103 15249
104 15339
105 15434
106 15543
107 15636
108 15636
109 15804
110 15886
111 16022
112 16167
113 16322
114 16472
115 16591
116 16671
117 16769
118 16848
119 16935
120 17051
121 17157
122 17246
123 17342
124 17409
125 17537
126 17642
127 17717
128 17828
129 17926
130 18027
131 18113
132 18239
133 18322
134 18410
135 18502
136 18572
137 18638
138 18714
139 18776
140 18843
141 18905
142 18905
