1 54
2 54
3 51
4 51
5 53
6 53
7 54
8 57
9 61
10 63
11 66
12 69
13 69
14 69
15 69
16 70
17 72
18 71
19 73
20 75
21 79
22 79
23 82
24 85
25 87
26 90
27 91
28 93
29 97
30 98
31 100
32 103
33 103
34 104
35 107
36 108
37 108
38 116
39 119
40 119
41 123
42 127
43 127
44 128
45 128
46 130
47 133
48 133
49 133
50 134
51 135
52 135
53 136
54 136
55 139
56 139
57 140
58 140
59 141
60 143
61 143
62 143
63 143
64 143
65 145
66 146
67 149
68 149
69 149
70 149
71 149
72 149
73 149
74 149
75 149
76 151
77 151
78 151
79 151
80 151
81 152
82 154
83 156
84 158
85 158
86 158
87 158
88 159
89 159
90 161
91 162
92 162
93 162
94 162
95 162
96 163
97 163
98 163
99 163
100 163
101 163
102 163
103 163
104 163
105 163
106 163
107 163
108 163
109 163
110 163
111 163
112 163
113 163
114 163
115 163
116 163
117 164
118 164
119 165
120 165
121 165
122 165
123 166
124 166
125 166
126 166
127 166
128 166
129 166
130 166
131 166
132 166
133 166
134 166
135 166
136 166
137 166
138 166
139 167
140 168
141 168
142 168
143 168
144 168
145 168
146 168
147 168
148 169
149 169
150 170
151 170
152 170
153 170
154 170
155 170
156 170
157 170
158 170
159 170
160 170
