1 x
2 x
3 x
4 x
5 x
6 x
7 x
8 x
9 x
10 x
11 x
12 x
13 x
14 x
15 x
16 x
17 x
18 x
19 x
20 x
21 x
22 x
23 x
24 x
25 x
26 x
27 x
28 x
29 x
30 x
31 x
32 x
33 x
34 x
35 x
36 x
37 x
38 x
39 x
40 x
41 x
42 x
43 x
44 x
45 x
46 x
47 x
48 x
49 x
50 x
51 x
52 x
53 x
54 x
55 x
56 x
57 x
58 x
59 x
60 x
61 x
62 x
63 x
64 x
65 x
66 x
67 x
68 x
69 10
70 10
71 11
72 11
73 14
74 14
75 15
76 15
77 17
78 16
79 16
80 17
81 17
82 19
83 20
84 20
85 22
86 25
87 25
88 25
89 27
90 31
91 36
92 43
93 45
94 48
95 54
96 57
97 58
98 59
99 59
100 60
101 60
102 61
103 64
104 66
105 66
106 66
107 66
108 66
109 66
110 66
111 66
112 66
113 66
114 66
115 66
116 66
117 66
118 66
119 66
120 66
121 66
122 66
123 66
124 66
125 66
126 66
127 66
128 66
129 66
130 66
131 66
132 66
133 66
134 66
135 66
136 66
137 66
138 66
139 66
140 66
141 66
142 66
143 66
144 66
145 66
146 66
147 66
148 66
149 66
150 66
151 66
152 66
153 66
154 66
155 66
156 66
157 66
158 66
159 66
160 66
161 66
162 66
163 66
164 66
165 66
166 66
167 66
168 66
169 66
170 66
171 66
172 66
173 66
174 66
175 66
176 66
177 66
178 66
179 66
180 66
181 66
182 66
183 66
184 66
185 66
186 66
187 66
188 66
189 66
190 66
191 66
192 66
193 66
194 66
195 66
196 66
197 66
198 66
199 66
200 66
201 66
202 66
203 66
204 66
205 66
206 66
207 66
208 66
209 66
210 66
211 66
212 66
213 66
214 66
215 66
216 66
217 66
218 66
219 66
220 66
221 66
222 66
223 66
224 66
225 66
226 66
227 66
228 66
229 66
230 66
231 66
232 66
233 66
234 66
235 66
236 66
237 66
238 66
239 66
240 66
241 66
242 66
243 66
244 66
245 66
246 66
247 66
248 66
249 66
250 66
251 66
252 66
253 66
254 66
255 66
256 66
257 66
258 66
259 66
260 66
261 66
262 66
263 66
264 66
265 66
266 66
267 66
268 66
269 66
270 66
271 66
272 66
273 66
274 66
275 66
276 66
277 66
278 66
279 66
280 66
281 66
282 66
283 66
284 66
285 66
286 66
287 66
288 66
289 66
290 66
291 66
292 66
293 66
294 66
295 66
296 66
297 66
298 66
