1 3
2 3
3 3
4 3
5 3
6 7
7 9
8 10
9 12
10 15
11 15
12 16
13 19
14 19
15 23
16 27
17 32
18 36
19 36
20 39
21 43
22 44
23 45
24 50
25 54
26 57
27 61
28 65
29 67
30 69
31 72
32 74
33 78
34 83
35 86
36 88
37 91
38 94
39 96
40 99
41 100
42 101
43 102
44 102
45 103
46 104
47 104
48 105
49 107
50 107
51 108
52 109
53 111
54 113
55 113
56 113
57 116
58 116
59 118
60 121
61 122
62 123
63 124
64 124
65 126
66 126
67 129
68 130
69 131
70 132
71 133
72 134
73 136
74 137
75 138
76 139
77 140
78 140
79 143
80 145
81 145
82 145
83 145
84 146
85 147
86 148
87 148
88 148
89 148
90 149
91 150
92 151
93 151
94 151
95 151
96 151
97 151
98 151
99 151
100 152
101 153
102 153
103 153
104 153
105 153
106 153
107 155
108 155
109 155
110 155
111 155
112 155
113 155
114 155
115 155
116 155
117 155
118 155
119 155
120 155
121 155
122 155
123 155
124 155
125 155
126 155
127 155
128 155
129 155
130 155
131 155
132 155
133 155
134 155
135 155
136 155
137 155
138 155
139 155
140 155
141 155
142 155
143 155
144 155
145 155
146 155
147 155
148 155
149 156
150 156
151 156
152 156
153 156
154 156
