1 1378876
2 1378876
3 1378876
4 1378876
5 1378876
6 1378876
7 1378876
8 1378876
9 1378876
10 1378876
11 1378876
12 1378876
13 1378876
14 1378876
15 1378876
16 1378876
17 1378876
18 1378876
19 1378876
20 1378876
21 1378876
22 1378876
23 1378876
24 1378876
25 1378876
26 1378876
27 1378876
28 1378876
29 1378876
30 1378876
31 1378876
32 1378876
33 1378876
34 1378876
35 1378876
36 1378876
37 1378876
38 1378876
39 1378876
40 1378876
41 1378876
42 1378876
43 1378876
44 1378876
45 1378876
46 1378876
47 1378876
48 1378876
49 1378876
50 1378876
51 1378876
52 1378876
53 1378876
54 1378876
55 1378876
56 1378876
57 1378876
58 1378876
59 1378876
60 1378876
61 1378876
62 1378876
63 1378876
64 1378876
65 1378876
66 1378876
67 1378876
68 1378876
69 1378876
70 1378876
71 1378876
72 1378876
73 1378876
74 1378876
75 1378876
76 1378876
77 1378876
78 1378876
79 1378876
