1 204
2 219
3 244
4 270
5 290
6 296
7 322
8 343
9 361
10 387
11 412
12 437
13 462
14 489
15 508
16 528
17 556
18 596
19 621
20 655
21 696
22 734
23 757
24 800
25 841
26 882
27 909
28 949
29 988
30 1026
31 1065
32 1097
33 1135
34 1173
35 1227
36 1279
37 1319
38 1368
39 1417
40 1465
41 1519
42 1577
43 1638
44 1702
45 1760
46 1857
47 1954
48 2044
49 2113
50 2182
51 2250
52 3167
53 3244
54 3311
55 3425
56 3561
57 3671
58 3737
59 3844
60 3964
61 4062
62 4179
63 4284
64 4371
65 4463
66 4556
67 4631
68 4689
69 4762
70 4830
71 4899
72 4938
73 5002
74 5064
75 5132
76 5205
77 5244
78 5288
79 5335
80 5405
81 5467
82 5523
83 5585
84 5650
85 5714
86 5755
87 5817
88 5875
89 5930
90 5984
91 6036
92 6093
93 6132
94 6187
95 6247
96 6300
97 6353
98 6398
99 6447
100 6493
101 6549
102 6591
103 6648
104 6693
105 6751
106 6799
107 6845
108 6893
109 6943
110 6991
111 7038
112 7086
113 7133
114 7173
115 7222
116 7268
117 7314
118 7356
119 7388
120 7422
121 7442
122 7477
123 7505
124 7535
125 7565
126 7596
127 7626
128 7658
129 7693
130 7727
131 7764
132 7799
133 7832
134 7869
135 7900
136 7942
137 7985
138 8023
139 8067
140 8109
141 8150
142 8181
143 8230
144 8280
145 8323
146 8375
147 8425
148 8469
149 8505
150 8555
151 8604
152 8658
153 8706
154 8750
155 8794
156 8834
157 8883
158 8929
159 8972
160 9014
161 9060
162 9108
163 9155
164 9202
165 9248
166 9296
167 9343
168 9391
169 9433
170 9469
171 9507
172 9555
173 9601
174 9638
175 9739
176 9785
177 9819
178 9864
179 9912
180 9961
181 10009
182 10059
183 10105
184 10142
185 10165
186 10196
187 10229
188 10261
189 10293
190 10318
191 10348
192 10323
193 10352
194 10377
195 10399
196 10422
197 10445
198 10465
199 10484
200 10506
201 10525
202 10542
203 10558
204 10573
205 10585
206 10599
207 10615
208 10627
209 10639
210 10656
211 10675
212 10689
213 10708
214 10725
215 10740
216 10757
217 10847
218 10865
219 10884
220 10893
221 10913
222 10931
223 10945
224 10964
225 10896
226 10907
227 10914
228 10929
229 10942
230 10955
231 10965
232 10977
233 10984
234 10991
235 11003
236 11013
237 11013
