1 1507223
2 1507223
3 1507223
4 1507223
5 1507223
6 1507223
7 1507223
8 1507223
9 1507223
10 1507223
11 1507223
12 1507223
13 1507223
14 1507223
15 1507223
16 1507223
17 1507223
18 1507223
19 1507223
20 1507223
21 1507223
22 1507223
23 1507223
24 1507223
25 1507223
26 1507223
27 1507223
28 1507223
29 1507223
30 1507223
31 1507223
32 1507223
33 1507223
34 1507223
35 1507223
36 1507223
37 1507223
38 1507223
39 1507223
40 1507223
41 1507223
42 1507223
43 1507223
44 1507223
45 1507223
46 1507223
47 1507223
48 1507223
49 1507223
50 1507223
51 1507223
52 1507223
53 1507223
54 1507223
55 1507223
56 1507223
57 1507223
58 1507223
59 1507223
60 1507223
61 1507223
62 1507223
63 1507223
64 1507223
65 1507223
66 1507223
67 1507223
68 1507223
69 1507223
70 1507223
71 1507223
72 1507223
73 1507223
74 1507223
75 1507223
76 1507223
77 1507223
78 1507223
79 1507223
80 1507223
81 1507223
82 1507223
83 1507223
84 1507223
85 1507223
86 1507223
87 1507223
88 1507223
89 1507223
90 1507223
91 1507223
92 1507223
93 1507223
94 1507223
95 1507223
96 1507223
97 1507223
98 1507223
99 1507223
100 1507223
101 1507223
102 1507223
103 1507223
104 1507223
105 1507223
106 1507223
