1 1646177
2 1646177
3 1646177
4 1646177
5 1646177
6 1646177
7 1646177
8 1646177
9 1646177
10 1646177
11 1646177
12 1646177
13 1646177
14 1646177
15 1646177
16 1646177
17 1646177
18 1646177
19 1646177
20 1646177
21 1646177
22 1646177
23 1646177
24 1646177
25 1646177
26 1646177
27 1646177
28 1646177
29 1646177
30 1646177
31 1646177
32 1646177
33 1646177
34 1646177
35 1646177
36 1646177
37 1646177
38 1646177
39 1646177
40 1646177
41 1646177
42 1646177
43 1646177
44 1646177
45 1646177
46 1646177
47 1646177
48 1646177
49 1646177
50 1646177
51 1646177
52 1646177
53 1646177
54 1646177
55 1646177
56 1646177
57 1646177
58 1646177
59 1646177
60 1646177
61 1646177
62 1646177
63 1646177
64 1646177
65 1646177
66 1646177
67 1646177
68 1646177
69 1646177
70 1646177
71 1646177
72 1646177
73 1646177
74 1646177
75 1646177
76 1646177
77 1646177
78 1646177
79 1646177
80 1646177
81 1646177
82 1646177
83 1646177
84 1646177
85 1646177
86 1646177
87 1646177
88 1646177
89 1646177
90 1646177
91 1646177
92 1646177
93 1646177
94 1646177
95 1646177
96 1646177
97 1646177
98 1646177
99 1646177
100 1646177
101 1646177
102 1646177
103 1646177
104 1646177
105 1646177
106 1646177
107 1646177
108 1646177
109 1646177
110 1646177
111 1646177
112 1646177
113 1646177
114 1646177
115 1646177
116 1646177
117 1646177
118 1646177
119 1646177
120 1646177
121 1646177
122 1646177
123 1646177
124 1646177
125 1646177
126 1646177
127 1646177
128 1646177
