1 668
2 697
3 746
4 767
5 804
6 852
7 911
8 926
9 962
10 1064
11 1095
12 1152
13 1210
14 1318
15 1366
16 1418
17 1526
18 1628
19 1671
20 1722
21 1771
22 1805
23 1839
24 1865
25 1891
26 1930
27 1961
28 1968
29 1980
30 2222
31 2238
32 2256
33 2276
34 2295
35 2316
36 2351
37 2364
38 2377
39 2394
40 2412
41 2425
42 2436
43 2450
44 2465
45 2474
46 2482
47 2488
48 2494
49 2500
50 2512
51 2517
52 2529
53 2537
54 2542
55 2548
56 2553
57 2559
58 2563
59 2568
60 2572
61 2576
62 2582
63 2584
64 2588
65 2594
66 2599
67 2603
68 2608
69 2613
70 2617
71 2623
72 2635
73 2644
74 2648
75 2654
76 2658
77 2663
78 2667
79 2673
80 2677
81 2687
82 2694
83 2698
84 2704
85 2709
86 2713
87 2719
88 2725
89 2731
90 2735
91 2740
92 2744
93 2749
94 2754
95 2754
