1 3487882
2 3487882
3 3487882
4 3487882
5 3487882
6 3487882
7 3487882
8 3487882
9 3487882
10 3487882
11 3487882
12 3487882
13 3487882
14 3487882
15 3487882
16 3487882
17 3487882
18 3487882
19 3487882
20 3487882
21 3487882
22 3487882
23 3487882
24 3487882
25 3487882
26 3487882
27 3487882
28 3487882
29 3487882
30 3487882
31 3487882
32 3487882
33 3487882
34 3487882
35 3487882
36 3487882
37 3487882
38 3487882
39 3487882
40 3487882
41 3487882
42 3487882
43 3487882
44 3487882
45 3487882
46 3487882
47 3487882
48 3487882
49 3487882
50 3487882
51 3487882
52 3487882
53 3487882
54 3487882
55 3487882
56 3487882
57 3487882
58 3487882
59 3487882
60 3487882
61 3487882
62 3487882
63 3487882
64 3487882
65 3487882
66 3487882
67 3487882
68 3487882
69 3487882
70 3487882
71 3487882
72 3487882
73 3487882
74 3487882
75 3487882
76 3487882
77 3487882
78 3487882
79 3487882
80 3487882
81 3487882
82 3487882
83 3487882
84 3487882
85 3487882
86 3487882
87 3487882
88 3487882
89 3487882
90 3487882
91 3487882
92 3487882
93 3487882
94 3487882
95 3487882
96 3487882
97 3487882
98 3487882
99 3487882
100 3487882
101 3487882
102 3487882
103 3487882
104 3487882
105 3487882
106 3487882
107 3487882
108 3487882
109 3487882
110 3487882
111 3487882
112 3487882
113 3487882
114 3487882
115 3487882
116 3487882
117 3487882
118 3487882
119 3487882
120 3487882
121 3487882
122 3487882
123 3487882
124 3487882
125 3487882
126 3487882
127 3487882
128 3487882
129 3487882
130 3487882
131 3487882
132 3487882
133 3487882
134 3487882
135 3487882
136 3487882
137 3487882
138 3487882
139 3487882
140 3487882
141 3487882
142 3487882
143 3487882
144 3487882
145 3487882
146 3487882
147 3487882
148 3487882
149 3487882
150 3487882
151 3487882
152 3487882
153 3487882
154 3487882
155 3487882
156 3487882
157 3487882
158 3487882
159 3487882
160 3487882
161 3487882
162 3487882
163 3487882
164 3487882
165 3487882
166 3487882
167 3487882
168 3487882
