1 3173752
2 3173752
3 3173752
4 3173752
5 3173752
6 3173752
7 3173752
8 3173752
9 3173752
10 3173752
11 3173752
12 3173752
13 3173752
14 3173752
15 3173752
16 3173752
17 3173752
18 3173752
19 3173752
20 3173752
21 3173752
22 3173752
23 3173752
24 3173752
25 3173752
26 3173752
27 3173752
28 3173752
29 3173752
30 3173752
31 3173752
32 3173752
33 3173752
34 3173752
35 3173752
36 3173752
37 3173752
38 3173752
39 3173752
40 3173752
41 3173752
42 3173752
43 3173752
44 3173752
45 3173752
46 3173752
47 3173752
48 3173752
49 3173752
50 3173752
51 3173752
52 3173752
53 3173752
54 3173752
55 3173752
56 3173752
57 3173752
58 3173752
59 3173752
60 3173752
61 3173752
62 3173752
63 3173752
64 3173752
65 3173752
66 3173752
67 3173752
68 3173752
69 3173752
70 3173752
71 3173752
72 3173752
73 3173752
74 3173752
75 3173752
76 3173752
77 3173752
78 3173752
79 3173752
80 3173752
81 3173752
82 3173752
83 3173752
84 3173752
85 3173752
86 3173752
87 3173752
88 3173752
89 3173752
90 3173752
91 3173752
92 3173752
93 3173752
94 3173752
95 3173752
96 3173752
97 3173752
98 3173752
99 3173752
100 3173752
101 3173752
102 3173752
103 3173752
104 3173752
105 3173752
106 3173752
107 3173752
108 3173752
109 3173752
110 3173752
111 3173752
112 3173752
113 3173752
114 3173752
115 3173752
116 3173752
117 3173752
118 3173752
119 3173752
120 3173752
121 3173752
122 3173752
123 3173752
124 3173752
125 3173752
126 3173752
127 3173752
