1 2553526
2 2553526
3 2553526
4 2553526
5 2553526
6 2553526
7 2553526
8 2553526
9 2553526
10 2553526
11 2553526
12 2553526
13 2553526
14 2553526
15 2553526
16 2553526
17 2553526
18 2553526
19 2553526
20 2553526
21 2553526
22 2553526
23 2553526
24 2553526
25 2553526
26 2553526
27 2553526
28 2553526
29 2553526
30 2553526
31 2553526
32 2553526
33 2553526
34 2553526
35 2553526
36 2553526
37 2553526
38 2553526
39 2553526
40 2553526
41 2553526
42 2553526
43 2553526
44 2553526
45 2553526
46 2553526
47 2553526
48 2553526
49 2553526
50 2553526
51 2553526
52 2553526
53 2553526
54 2553526
55 2553526
56 2553526
57 2553526
58 2553526
59 2553526
60 2553526
61 2553526
62 2553526
63 2553526
64 2553526
65 2553526
66 2553526
67 2553526
68 2553526
69 2553526
70 2553526
71 2553526
72 2553526
73 2553526
74 2553526
75 2553526
76 2553526
77 2553526
78 2553526
79 2553526
80 2553526
81 2553526
82 2553526
83 2553526
84 2553526
85 2553526
86 2553526
87 2553526
88 2553526
89 2553526
90 2553526
91 2553526
92 2553526
93 2553526
94 2553526
95 2553526
96 2553526
97 2553526
98 2553526
99 2553526
100 2553526
101 2553526
102 2553526
103 2553526
104 2553526
105 2553526
106 2553526
107 2553526
108 2553526
109 2553526
110 2553526
111 2553526
112 2553526
113 2553526
114 2553526
115 2553526
116 2553526
117 2553526
118 2553526
119 2553526
120 2553526
121 2553526
122 2553526
123 2553526
124 2553526
125 2553526
126 2553526
127 2553526
128 2553526
129 2553526
130 2553526
131 2553526
132 2553526
133 2553526
134 2553526
135 2553526
