1 1035
2 1079
3 1108
4 1136
5 1181
6 1221
7 1260
8 1287
9 1301
10 1331
11 1355
12 1380
13 1405
14 1433
15 1458
16 1488
17 1509
18 1525
19 1544
20 1568
21 1608
22 1644
23 1657
24 1671
25 1687
26 1700
27 1717
28 1732
29 1762
30 1807
31 1913
32 1952
33 1976
34 1996
35 2000
36 2011
37 2014
38 2024
39 2033
40 2042
41 2053
42 2064
43 2070
44 2076
45 2081
46 2083
47 2091
48 2099
49 2104
50 2107
51 2110
52 2110
53 2118
54 2128
55 2137
56 2148
57 2158
58 2170
59 2173
60 2187
61 2196
62 2201
63 2202
64 2206
65 2208
66 2214
67 2224
68 2239
69 2249
70 2264
71 2273
72 2282
73 2291
74 2311
75 2330
76 2344
77 2351
78 2360
79 2370
80 2382
81 2386
82 2401
83 2416
84 2422
85 2431
86 2446
87 2462
88 2473
89 2482
90 2488
91 2499
92 2513
93 2523
94 2535
95 2541
96 2551
97 2555
98 2555
