1 1243684
2 1243684
3 1243684
4 1243684
5 1243684
6 1243684
7 1243684
8 1243684
9 1243684
10 1243684
11 1243684
12 1243684
13 1243684
14 1243684
15 1243684
16 1243684
17 1243684
18 1243684
19 1243684
20 1243684
21 1243684
22 1243684
23 1243684
24 1243684
25 1243684
26 1243684
27 1243684
28 1243684
29 1243684
30 1243684
31 1243684
32 1243684
33 1243684
34 1243684
35 1243684
36 1243684
37 1243684
38 1243684
39 1243684
40 1243684
41 1243684
42 1243684
43 1243684
44 1243684
45 1243684
46 1243684
47 1243684
48 1243684
49 1243684
50 1243684
51 1243684
52 1243684
53 1243684
54 1243684
55 1243684
56 1243684
57 1243684
58 1243684
59 1243684
60 1243684
61 1243684
62 1243684
63 1243684
64 1243684
65 1243684
66 1243684
67 1243684
68 1243684
69 1243684
70 1243684
71 1243684
72 1243684
73 1243684
74 1243684
75 1243684
76 1243684
77 1243684
78 1243684
79 1243684
80 1243684
81 1243684
82 1243684
83 1243684
84 1243684
85 1243684
86 1243684
87 1243684
88 1243684
89 1243684
90 1243684
91 1243684
92 1243684
93 1243684
94 1243684
95 1243684
96 1243684
97 1243684
98 1243684
99 1243684
100 1243684
101 1243684
102 1243684
103 1243684
104 1243684
105 1243684
106 1243684
107 1243684
108 1243684
109 1243684
110 1243684
111 1243684
112 1243684
113 1243684
114 1243684
115 1243684
116 1243684
117 1243684
118 1243684
119 1243684
120 1243684
121 1243684
122 1243684
123 1243684
124 1243684
125 1243684
126 1243684
127 1243684
128 1243684
129 1243684
130 1243684
131 1243684
132 1243684
133 1243684
134 1243684
135 1243684
136 1243684
137 1243684
138 1243684
139 1243684
140 1243684
141 1243684
142 1243684
143 1243684
144 1243684
145 1243684
146 1243684
147 1243684
148 1243684
149 1243684
150 1243684
151 1243684
152 1243684
153 1243684
154 1243684
155 1243684
156 1243684
157 1243684
158 1243684
159 1243684
160 1243684
161 1243684
162 1243684
163 1243684
164 1243684
165 1243684
166 1243684
167 1243684
