1 846
2 908
3 918
4 937
5 942
6 950
7 959
8 970
9 971
10 990
11 1000
12 1020
13 1077
14 1083
15 1099
16 1120
17 1135
18 1150
19 1179
20 1189
21 1199
22 1220
23 1249
24 1255
25 1319
26 1382
27 1454
28 1461
29 1476
30 1580
31 1602
32 1623
33 1698
34 1739
35 1749
36 1756
37 1780
38 1825
39 1839
40 1898
41 1902
42 1939
43 1959
44 2001
45 2015
46 2058
47 2069
48 2086
49 2149
50 2176
51 2184
52 2197
53 2212
54 2231
55 2241
56 2254
57 2260
58 2280
59 2329
60 2335
61 2339
62 2400
63 2428
64 2432
65 2435
66 2439
67 2442
68 2459
69 2464
70 2466
71 2470
72 2482
73 2497
74 2513
75 2519
76 2539
77 2545
78 2569
79 2598
80 2623
81 2643
82 2698
83 2701
84 2799
85 2812
86 2880
87 2893
88 2940
89 2957
90 2977
91 3010
92 3044
93 3086
94 3125
95 3187
96 3199
97 3234
98 3283
99 3307
100 3349
101 3371
102 3416
103 3452
104 3522
105 3562
106 3584
107 3632
108 3672
109 3755
110 3791
111 3791
