1 510
2 549
3 553
4 555
5 565
6 610
7 643
8 674
9 708
10 744
11 885
12 951
13 971
14 994
15 1070
16 1117
17 1188
18 1230
19 1247
20 1320
21 1356
22 1383
23 1393
24 1430
25 1461
26 1502
27 1557
28 1642
29 1726
30 1767
31 1792
32 1844
33 1885
34 1926
35 2011
36 2056
37 2103
38 2145
39 2225
40 2308
41 2357
42 2452
43 2497
44 2563
45 2584
46 2650
47 2674
48 2731
49 2759
50 2764
51 2780
52 2789
53 2829
54 2848
55 2881
56 2906
57 2942
58 2955
59 2977
60 2995
61 3022
62 3037
63 3081
64 3097
65 3115
66 3136
67 3166
68 3191
69 3214
70 3251
71 3261
72 3266
73 3283
74 3312
75 3336
76 3358
77 3371
78 3379
79 3389
80 3402
81 3434
82 3434
83 3474
84 3484
85 3512
86 3525
87 3552
88 3561
89 3576
90 3607
91 3626
92 3680
93 3693
94 3750
95 3785
96 3795
97 3837
98 3854
99 3870
100 3880
101 3924
102 3934
103 3952
104 3973
105 3987
106 4004
107 4021
108 4044
109 4062
110 4062
111 4090
112 4094
113 4104
114 4116
115 4124
116 4138
117 4191
118 4225
119 4228
120 4228
121 4231
122 4231
