1 1031
2 1036
3 1094
4 1143
5 1155
6 1201
7 1303
8 1360
9 1416
10 1518
11 1649
12 1686
13 1743
14 1806
15 1854
16 1900
17 1957
18 1985
19 2063
20 2129
21 2314
22 2512
23 2620
24 2845
25 3004
26 3108
27 3216
28 3313
29 3421
30 3487
31 3540
32 3609
33 3667
34 3704
35 3741
36 3785
37 3819
38 3863
39 3912
40 3981
41 4033
42 4073
43 4107
44 4171
45 4265
46 4345
47 4388
48 4424
49 4472
50 4531
51 4599
52 4671
53 4723
54 4776
55 4814
56 4858
57 4890
58 4944
59 4991
60 5050
61 5117
62 5189
63 5253
64 5308
65 5342
66 5366
67 5407
68 5446
69 5490
70 5544
71 5595
72 5650
73 5713
74 5759
75 5824
76 5871
77 5903
78 5964
79 5997
80 6079
81 6123
82 6193
83 6250
84 6334
85 6380
86 6432
87 6494
88 6567
89 6621
90 6673
91 6725
92 6757
93 6779
94 6809
95 6848
96 6897
97 6939
98 6982
99 7014
100 7062
101 7104
102 7139
103 7177
104 7184
105 7240
106 7318
107 7336
108 7370
109 7400
110 7436
111 7460
112 7478
113 7524
114 7542
115 7567
116 7585
117 7608
118 7638
119 7656
120 7674
121 7690
122 7715
123 7732
124 7754
125 7775
126 7789
127 7803
128 7816
129 7831
130 7841
131 7854
132 7868
133 7882
134 7888
135 7899
136 7908
137 7919
138 7934
139 7944
140 7954
141 7960
142 7969
143 7978
144 7993
145 7993
