1 2632684
2 2632684
3 2632684
4 2632684
5 2632684
6 2632684
7 2632684
8 2632684
9 2632684
10 2632684
11 2632684
12 2632684
13 2632684
14 2632684
15 2632684
16 2632684
17 2632684
18 2632684
19 2632684
20 2632684
21 2632684
22 2632684
23 2632684
24 2632684
25 2632684
26 2632684
27 2632684
28 2632684
29 2632684
30 2632684
31 2632684
32 2632684
33 2632684
34 2632684
35 2632684
36 2632684
37 2632684
38 2632684
39 2632684
40 2632684
41 2632684
42 2632684
43 2632684
44 2632684
45 2632684
46 2632684
47 2632684
48 2632684
49 2632684
50 2632684
51 2632684
52 2632684
53 2632684
54 2632684
55 2632684
56 2632684
57 2632684
58 2632684
59 2632684
60 2632684
61 2632684
62 2632684
63 2632684
64 2632684
65 2632684
66 2632684
67 2632684
68 2632684
69 2632684
70 2632684
71 2632684
72 2632684
73 2632684
74 2632684
75 2632684
76 2632684
77 2632684
78 2632684
79 2632684
80 2632684
81 2632684
82 2632684
83 2632684
84 2632684
85 2632684
86 2632684
87 2632684
88 2632684
89 2632684
90 2632684
91 2632684
92 2632684
93 2632684
94 2632684
95 2632684
96 2632684
97 2632684
98 2632684
99 2632684
100 2632684
101 2632684
102 2632684
103 2632684
104 2632684
105 2632684
106 2632684
107 2632684
108 2632684
109 2632684
110 2632684
111 2632684
112 2632684
113 2632684
114 2632684
115 2632684
116 2632684
117 2632684
118 2632684
119 2632684
120 2632684
121 2632684
