1 1015
2 1023
3 1049
4 1087
5 1115
6 1134
7 1183
8 1197
9 1230
10 1259
11 1301
12 1351
13 1402
14 1440
15 1468
16 1502
17 1544
18 1589
19 1640
20 1694
21 1744
22 1787
23 1836
24 1897
25 1956
26 2021
27 2086
28 2142
29 2201
30 2238
31 2265
32 2327
33 2373
34 2422
35 2451
36 2494
37 2525
38 2569
39 2592
40 2630
41 2658
42 2679
43 2701
44 2710
45 2732
46 2777
47 2887
48 2927
49 3001
50 3054
51 3086
52 3104
53 3137
54 3193
55 3258
56 3328
57 3360
58 3408
59 3448
60 3466
61 3521
62 3567
63 3582
64 3609
65 3631
66 3659
67 3679
68 3690
69 3716
70 3741
71 3784
72 3806
73 3830
74 3861
75 3876
76 3895
77 3913
78 3940
79 3965
80 3996
81 4036
82 4043
83 4083
84 4135
85 4175
86 4227
87 4263
88 4282
89 4297
90 4342
91 4349
92 4365
93 4376
94 4414
95 4459
96 4498
97 4517
98 4550
99 4560
100 4588
101 4616
102 4628
103 4659
104 4667
105 4688
106 4714
107 4728
108 4739
109 4753
110 4789
111 4798
112 4806
113 4810
114 4820
115 4835
116 4843
117 4856
118 4866
119 4881
120 4894
121 4905
122 4913
123 4930
124 4930
