1 1700018
2 1700018
3 1700018
4 1700018
5 1700018
6 1700018
7 1700018
8 1700018
9 1700018
10 1700018
11 1700018
12 1700018
13 1700018
14 1700018
15 1700018
16 1700018
17 1700018
18 1700018
19 1700018
20 1700018
21 1700018
22 1700018
23 1700018
24 1700018
25 1700018
26 1700018
27 1700018
28 1700018
29 1700018
30 1700018
31 1700018
32 1700018
33 1700018
34 1700018
35 1700018
36 1700018
37 1700018
38 1700018
39 1700018
40 1700018
41 1700018
42 1700018
43 1700018
44 1700018
45 1700018
46 1700018
47 1700018
48 1700018
49 1700018
50 1700018
51 1700018
52 1700018
53 1700018
54 1700018
55 1700018
56 1700018
57 1700018
58 1700018
59 1700018
60 1700018
61 1700018
62 1700018
63 1700018
64 1700018
65 1700018
66 1700018
67 1700018
68 1700018
69 1700018
70 1700018
71 1700018
72 1700018
73 1700018
74 1700018
75 1700018
76 1700018
77 1700018
78 1700018
79 1700018
80 1700018
81 1700018
82 1700018
83 1700018
84 1700018
85 1700018
86 1700018
87 1700018
88 1700018
89 1700018
90 1700018
91 1700018
92 1700018
93 1700018
94 1700018
95 1700018
96 1700018
97 1700018
98 1700018
99 1700018
100 1700018
101 1700018
102 1700018
103 1700018
104 1700018
105 1700018
106 1700018
107 1700018
108 1700018
109 1700018
110 1700018
111 1700018
112 1700018
113 1700018
114 1700018
115 1700018
116 1700018
117 1700018
118 1700018
119 1700018
120 1700018
121 1700018
122 1700018
123 1700018
124 1700018
125 1700018
126 1700018
127 1700018
128 1700018
129 1700018
130 1700018
131 1700018
132 1700018
133 1700018
134 1700018
135 1700018
136 1700018
137 1700018
138 1700018
139 1700018
140 1700018
141 1700018
142 1700018
143 1700018
144 1700018
145 1700018
146 1700018
147 1700018
148 1700018
149 1700018
150 1700018
151 1700018
152 1700018
153 1700018
154 1700018
155 1700018
156 1700018
157 1700018
158 1700018
159 1700018
160 1700018
