1 x
2 x
3 x
4 x
5 x
6 x
7 x
8 x
9 x
10 x
11 x
12 x
13 x
14 x
15 x
16 x
17 x
18 x
19 x
20 x
21 x
22 x
23 x
24 x
25 x
26 x
27 x
28 x
29 x
30 x
31 x
32 x
33 x
34 x
35 x
36 x
37 x
38 x
39 x
40 x
41 x
42 x
43 x
44 x
45 x
46 x
47 x
48 x
49 x
50 x
51 x
52 x
53 x
54 x
55 x
56 x
57 x
58 x
59 x
60 x
61 x
62 x
63 x
64 x
65 x
66 x
67 x
68 x
69 x
70 x
71 x
72 x
73 x
74 x
75 x
76 x
77 x
78 x
79 x
80 x
81 x
82 x
83 1
84 1
85 1
86 1
87 1
88 1
89 1
90 1
91 1
92 1
93 1
94 1
95 1
96 2
97 3
98 3
99 3
100 3
101 4
102 4
103 9
104 10
105 15
106 15
107 19
108 19
109 20
110 20
111 20
112 21
113 21
114 21
115 21
116 21
117 21
118 21
119 21
120 21
121 22
122 22
123 26
124 26
125 26
126 26
127 26
128 29
129 29
130 29
131 32
132 33
133 34
134 34
135 34
136 34
137 34
138 37
139 38
140 51
141 58
142 58
143 58
144 58
145 58
146 58
147 58
148 58
149 60
150 60
151 60
152 70
153 72
154 73
155 77
156 78
157 84
158 84
159 87
160 87
161 88
162 89
163 89
164 90
165 93
166 94
167 98
168 101
169 106
170 106
171 107
172 120
173 129
174 140
175 154
176 163
177 167
178 175
179 179
180 186
181 196
182 196
183 199
184 202
185 207
186 211
187 214
188 216
189 221
190 227
191 228
192 232
193 247
194 253
195 264
196 268
197 272
198 273
199 276
200 287
201 288
202 292
203 296
204 305
205 310
206 322
207 328
208 335
209 348
210 372
211 399
212 424
213 439
214 475
215 498
216 508
217 526
218 547
219 549
220 562
221 591
222 612
223 615
224 629
225 648
226 649
227 655
228 662
229 667
230 682
231 685
232 699
233 701
234 706
235 716
236 729
237 735
238 741
239 747
240 748
241 751
242 758
243 770
244 770
245 775
246 777
247 785
248 797
249 797
250 801
251 801
252 801
253 802
254 802
255 803
256 803
257 806
258 808
259 812
260 812
261 812
262 820
263 821
264 823
265 823
266 829
267 832
268 834
269 837
270 839
271 839
272 844
273 844
274 844
275 847
276 854
277 862
278 862
279 868
280 870
281 870
282 870
283 872
284 875
285 881
286 884
287 886
288 889
289 892
290 897
291 907
292 907
293 908
294 923
295 929
296 930
297 934
298 934
