1 582
2 609
3 633
4 699
5 753
6 753
7 811
8 844
9 844
10 865
11 884
12 884
13 1019
14 1019
15 1063
16 1145
17 1160
18 1171
19 1171
20 1223
21 1309
22 1445
23 1605
24 2177
25 2316
26 2440
27 2749
28 3025
29 3154
30 3302
31 3419
32 3559
33 3804
34 3932
35 4083
36 4227
37 4368
38 4600
39 4767
40 4985
41 5175
42 5313
43 5518
44 5705
45 5895
46 6091
47 6242
48 6558
49 6908
50 7222
51 7485
52 7698
53 8141
54 8465
55 8710
56 9042
57 9042
58 9042
59 9042
60 9359
61 9958
62 10502
63 10798
64 11113
65 11593
66 11805
67 12089
68 12345
69 12489
70 12617
71 12765
72 13033
73 13348
74 13559
75 13850
76 14261
77 14506
78 14723
79 15109
80 15468
81 15924
82 16348
83 16768
84 17063
85 17638
86 17999
87 18626
88 18923
89 19404
90 19833
91 20340
92 20701
93 21090
94 21385
95 21652
96 21862
97 22277
98 23801
99 23801
100 22908
101 23009
102 23253
103 23390
104 23483
105 23590
106 23754
107 23807
108 23962
109 24189
110 24297
111 24403
112 24565
113 24695
114 24811
115 24931
116 25094
117 25226
118 25316
119 25400
120 25486
121 25570
122 25673
123 25729
124 25824
125 25884
126 25968
127 25993
128 26043
129 26071
130 26141
131 26192
132 26218
133 26243
134 26287
135 26350
136 26384
137 26420
138 26467
139 26497
140 26540
141 26580
142 26620
143 26669
144 26710
145 26742
146 26791
147 26826
148 26865
149 26905
150 26952
151 26952
