1 x
2 x
3 x
4 x
5 x
6 x
7 x
8 x
9 x
10 x
11 x
12 x
13 x
14 x
15 x
16 x
17 x
18 x
19 x
20 x
21 x
22 x
23 x
24 x
25 x
26 x
27 x
28 x
29 x
30 x
31 x
32 x
33 x
34 x
35 x
36 x
37 x
38 x
39 x
40 x
41 x
42 x
43 x
44 x
45 x
46 x
47 x
48 x
49 x
50 x
51 x
52 x
53 x
54 x
55 x
56 x
57 x
58 x
59 x
60 x
61 x
62 x
63 x
64 x
65 x
66 x
67 x
68 x
69 x
70 x
71 x
72 x
73 x
74 x
75 x
76 x
77 x
78 x
79 x
80 x
81 x
82 x
83 x
84 x
85 x
86 x
87 x
88 x
89 x
90 x
91 x
92 x
93 x
94 x
95 x
96 x
97 x
98 x
99 x
100 x
101 x
102 x
103 4
104 4
105 4
106 4
107 4
108 4
109 4
110 4
111 4
112 4
113 4
114 4
115 4
116 4
117 4
118 4
119 4
120 4
121 4
122 4
123 4
124 4
125 4
126 4
127 4
128 4
129 4
130 4
131 4
132 4
133 4
134 4
135 4
136 4
137 4
138 4
139 4
140 4
141 4
142 4
143 4
144 4
145 4
146 4
147 4
148 4
149 4
150 4
151 4
152 4
153 4
154 4
155 4
156 4
157 4
158 4
159 4
160 4
161 4
162 4
163 4
164 4
165 4
166 4
167 4
168 4
169 4
170 4
171 4
172 4
173 4
174 4
175 4
176 4
177 5
178 5
179 5
180 5
181 5
182 5
183 5
184 5
185 5
186 5
187 5
188 5
189 15
190 15
191 15
192 15
193 15
194 15
195 15
196 15
197 16
198 16
199 16
200 16
201 16
202 16
203 16
204 16
205 16
206 16
207 16
208 16
209 16
210 16
211 16
212 16
213 16
214 16
215 16
216 16
217 16
218 16
219 16
220 16
221 16
222 16
223 16
224 16
225 16
226 16
227 16
228 16
229 16
230 16
231 16
232 16
233 16
234 16
235 16
236 16
237 16
238 17
239 17
240 17
241 19
242 19
243 20
244 26
245 26
246 26
247 23
248 23
249 23
250 23
251 23
252 23
253 23
254 23
255 23
256 23
257 23
258 23
259 23
260 23
261 23
262 23
263 23
264 23
265 24
266 24
267 24
268 24
269 25
270 25
271 25
272 25
273 25
274 25
275 25
276 25
277 25
278 25
279 25
280 25
281 25
282 26
283 26
284 26
285 27
286 28
287 29
288 29
289 29
290 32
291 32
292 39
293 39
294 39
295 39
296 39
297 39
298 39
