1 668
2 701
3 748
4 777
5 809
6 818
7 847
8 884
9 937
10 976
11 995
12 1033
13 1068
14 1102
15 1176
16 1221
17 1272
18 1327
19 1370
20 1445
21 1487
22 1514
23 1577
24 1650
25 1690
26 1716
27 1755
28 1818
29 1859
30 1898
31 1939
32 1973
33 2015
34 2059
35 2090
36 2104
37 2162
38 2203
39 2227
40 2252
41 2275
42 2301
43 2322
44 2520
45 2542
46 2567
47 2578
48 2598
49 2626
50 2648
51 2663
52 2693
53 2711
54 2726
55 2743
56 2753
57 2761
58 2780
59 2800
60 2808
61 2836
62 2845
63 2860
64 2877
65 2884
66 2894
67 2904
68 2913
69 2931
70 2941
71 2964
72 2979
73 2983
74 2983
75 3018
76 3040
77 3046
78 3048
79 3068
80 3091
81 3099
82 3117
83 3176
84 3189
85 3191
86 3204
87 3217
88 3250
89 3263
90 3263
91 3308
92 3333
93 3373
94 3392
95 3408
96 3418
97 3434
98 3446
99 3464
100 3469
101 3482
102 3490
103 3500
104 3509
105 3521
106 3534
107 3537
108 3537
