1 1011
2 1028
3 1054
4 1064
5 1074
6 1084
7 1117
8 1142
9 1164
10 1176
11 1191
12 1201
13 1212
14 1223
15 1234
16 1253
17 1270
18 1284
19 1297
20 1307
21 1319
22 1331
23 1339
24 1348
25 1366
26 1386
27 1387
28 1396
29 1419
30 1456
31 1462
32 1469
33 1475
34 1476
35 1476
36 1479
37 1479
38 1487
39 1492
40 1496
41 1496
42 1504
43 1511
44 1513
45 1518
46 1521
47 1521
48 1521
49 1528
50 1530
51 1536
52 1538
53 1542
54 1546
55 1546
56 1549
57 1559
58 1569
59 1579
60 1579
61 1586
62 1597
63 1598
64 1603
65 1607
66 1628
67 1637
68 1647
69 1653
70 1663
71 1679
72 1693
73 1705
74 1720
75 1735
76 1737
77 1753
78 1761
79 1769
80 1786
81 1801
82 1818
83 1823
84 1842
85 1847
86 1851
87 1870
88 1875
89 1886
90 1893
91 1912
92 1912
