1 992289
2 992289
3 992289
4 992289
5 992289
6 992289
7 992289
8 992289
9 992289
10 992289
11 992289
12 992289
13 992289
14 992289
15 992289
16 992289
17 992289
18 992289
19 992289
20 992289
21 992289
22 992289
23 992289
24 992289
25 992289
26 992289
27 992289
28 992289
29 992289
30 992289
31 992289
32 992289
33 992289
34 992289
35 992289
36 992289
37 992289
38 992289
39 992289
40 992289
41 992289
42 992289
43 992289
44 992289
45 992289
46 992289
47 992289
48 992289
49 992289
50 992289
51 992289
52 992289
53 992289
54 992289
55 992289
56 992289
57 992289
58 992289
59 992289
60 992289
61 992289
62 992289
63 992289
64 992289
65 992289
66 992289
67 992289
68 992289
69 992289
70 992289
71 992289
72 992289
73 992289
74 992289
75 992289
76 992289
77 992289
78 992289
79 992289
80 992289
81 992289
82 992289
83 992289
84 992289
85 992289
86 992289
87 992289
88 992289
89 992289
90 992289
91 992289
92 992289
93 992289
94 992289
95 992289
96 992289
97 992289
98 992289
99 992289
100 992289
101 992289
102 992289
103 992289
104 992289
105 992289
106 992289
107 992289
108 992289
109 992289
110 992289
111 992289
112 992289
113 992289
114 992289
115 992289
116 992289
117 992289
118 992289
119 992289
120 992289
121 992289
