1 x
2 x
3 x
4 x
5 x
6 x
7 x
8 x
9 x
10 x
11 x
12 x
13 x
14 x
15 x
16 x
17 x
18 x
19 x
20 x
21 x
22 x
23 x
24 x
25 x
26 x
27 x
28 x
29 x
30 x
31 x
32 x
33 x
34 x
35 x
36 x
37 x
38 x
39 x
40 x
41 x
42 x
43 x
44 x
45 x
46 x
47 x
48 x
49 x
50 x
51 x
52 x
53 x
54 x
55 x
56 x
57 x
58 x
59 x
60 x
61 x
62 x
63 x
64 x
65 x
66 x
67 x
68 x
69 x
70 x
71 x
72 x
73 x
74 x
75 x
76 x
77 x
78 x
79 x
80 x
81 x
82 2
83 2
84 2
85 2
86 2
87 4
88 4
89 11
90 11
91 11
92 11
93 11
94 11
95 11
96 11
97 11
98 11
99 11
100 11
101 11
102 11
103 11
104 11
105 11
106 11
107 12
108 12
109 12
110 12
111 13
112 14
113 14
114 14
115 14
116 14
117 14
118 14
119 14
120 14
121 15
122 15
123 15
124 15
125 15
126 15
127 15
128 16
129 16
130 16
131 16
132 18
133 18
134 18
135 18
136 21
137 21
138 21
139 22
140 22
141 23
142 23
143 23
144 23
145 24
146 24
147 25
148 25
149 25
150 26
151 26
152 26
153 26
154 26
155 28
156 31
157 31
158 33
159 33
160 37
161 41
162 43
163 45
164 47
165 48
166 52
167 52
168 52
169 56
170 56
171 69
172 69
173 69
174 69
175 69
176 74
177 74
178 74
179 74
180 74
181 74
182 74
183 74
184 91
185 91
186 91
187 91
188 126
189 128
190 133
191 188
192 204
193 222
194 230
195 250
196 254
197 259
198 259
199 311
200 329
201 340
202 379
203 396
204 411
205 429
206 429
207 429
208 429
209 429
210 429
211 429
212 429
213 429
214 429
215 429
216 429
217 447
218 447
219 447
220 457
221 457
222 457
223 467
224 478
225 478
226 478
227 478
228 478
229 488
230 499
231 512
232 527
233 541
234 548
235 558
236 558
237 558
238 573
239 585
240 597
241 597
242 610
243 610
244 610
245 630
246 637
247 647
248 662
249 662
250 682
251 687
252 696
253 705
254 710
255 722
256 731
257 731
258 731
259 731
260 771
261 784
262 784
263 784
264 784
265 784
266 802
267 802
268 802
269 814
270 817
271 820
272 820
273 820
274 826
275 826
276 838
277 842
278 842
279 842
280 849
281 857
282 870
283 870
284 881
285 881
286 881
287 881
288 881
289 881
290 894
291 894
292 894
293 894
294 919
295 919
296 935
297 941
298 941
