1 2121943
2 2121943
3 2121943
4 2121943
5 2121943
6 2121943
7 2121943
8 2121943
9 2121943
10 2121943
11 2121943
12 2121943
13 2121943
14 2121943
15 2121943
16 2121943
17 2121943
18 2121943
19 2121943
20 2121943
21 2121943
22 2121943
23 2121943
24 2121943
25 2121943
26 2121943
27 2121943
28 2121943
29 2121943
30 2121943
31 2121943
32 2121943
33 2121943
34 2121943
35 2121943
36 2121943
37 2121943
38 2121943
39 2121943
40 2121943
41 2121943
42 2121943
43 2121943
44 2121943
45 2121943
46 2121943
47 2121943
48 2121943
49 2121943
50 2121943
51 2121943
52 2121943
53 2121943
54 2121943
55 2121943
56 2121943
57 2121943
58 2121943
59 2121943
60 2121943
61 2121943
62 2121943
63 2121943
64 2121943
65 2121943
66 2121943
67 2121943
68 2121943
69 2121943
70 2121943
71 2121943
72 2121943
73 2121943
74 2121943
75 2121943
76 2121943
77 2121943
78 2121943
79 2121943
80 2121943
81 2121943
82 2121943
83 2121943
84 2121943
85 2121943
86 2121943
87 2121943
88 2121943
89 2121943
90 2121943
91 2121943
92 2121943
93 2121943
94 2121943
95 2121943
96 2121943
97 2121943
98 2121943
99 2121943
100 2121943
101 2121943
102 2121943
103 2121943
104 2121943
105 2121943
106 2121943
107 2121943
108 2121943
109 2121943
110 2121943
111 2121943
112 2121943
113 2121943
114 2121943
115 2121943
116 2121943
117 2121943
118 2121943
119 2121943
120 2121943
121 2121943
122 2121943
123 2121943
124 2121943
125 2121943
126 2121943
127 2121943
128 2121943
129 2121943
130 2121943
131 2121943
132 2121943
133 2121943
134 2121943
135 2121943
136 2121943
137 2121943
138 2121943
139 2121943
140 2121943
141 2121943
142 2121943
143 2121943
144 2121943
145 2121943
146 2121943
147 2121943
148 2121943
149 2121943
150 2121943
151 2121943
152 2121943
