1 606490
2 606490
3 606490
4 606490
5 606490
6 606490
7 606490
8 606490
9 606490
10 606490
11 606490
12 606490
13 606490
14 606490
15 606490
16 606490
17 606490
18 606490
19 606490
20 606490
21 606490
22 606490
23 606490
24 606490
25 606490
26 606490
27 606490
28 606490
29 606490
30 606490
31 606490
32 606490
33 606490
34 606490
35 606490
36 606490
37 606490
38 606490
39 606490
40 606490
41 606490
42 606490
43 606490
44 606490
45 606490
46 606490
47 606490
48 606490
49 606490
50 606490
51 606490
52 606490
53 606490
54 606490
55 606490
56 606490
57 606490
58 606490
59 606490
60 606490
61 606490
62 606490
63 606490
64 606490
65 606490
66 606490
67 606490
68 606490
69 606490
70 606490
71 606490
72 606490
73 606490
74 606490
75 606490
76 606490
77 606490
78 606490
79 606490
80 606490
81 606490
82 606490
83 606490
84 606490
85 606490
86 606490
87 606490
88 606490
89 606490
90 606490
91 606490
92 606490
93 606490
94 606490
95 606490
96 606490
97 606490
98 606490
99 606490
100 606490
101 606490
