1 964231
2 964231
3 964231
4 964231
5 964231
6 964231
7 964231
8 964231
9 964231
10 964231
11 964231
12 964231
13 964231
14 964231
15 964231
16 964231
17 964231
18 964231
19 964231
20 964231
21 964231
22 964231
23 964231
24 964231
25 964231
26 964231
27 964231
28 964231
29 964231
30 964231
31 964231
32 964231
33 964231
34 964231
35 964231
36 964231
37 964231
38 964231
39 964231
40 964231
41 964231
42 964231
43 964231
44 964231
45 964231
46 964231
47 964231
48 964231
49 964231
50 964231
51 964231
52 964231
53 964231
54 964231
55 964231
56 964231
57 964231
58 964231
59 964231
60 964231
61 964231
62 964231
63 964231
64 964231
65 964231
66 964231
67 964231
68 964231
69 964231
70 964231
71 964231
72 964231
73 964231
74 964231
75 964231
76 964231
77 964231
78 964231
79 964231
80 964231
81 964231
82 964231
83 964231
84 964231
85 964231
86 964231
87 964231
88 964231
89 964231
90 964231
91 964231
92 964231
93 964231
94 964231
95 964231
96 964231
97 964231
98 964231
99 964231
100 964231
101 964231
102 964231
103 964231
104 964231
105 964231
106 964231
107 964231
108 964231
109 964231
110 964231
111 964231
112 964231
113 964231
114 964231
115 964231
116 964231
117 964231
118 964231
119 964231
120 964231
121 964231
122 964231
123 964231
