1 1126515
2 1126515
3 1126515
4 1126515
5 1126515
6 1126515
7 1126515
8 1126515
9 1126515
10 1126515
11 1126515
12 1126515
13 1126515
14 1126515
15 1126515
16 1126515
17 1126515
18 1126515
19 1126515
20 1126515
21 1126515
22 1126515
23 1126515
24 1126515
25 1126515
26 1126515
27 1126515
28 1126515
29 1126515
30 1126515
31 1126515
32 1126515
33 1126515
34 1126515
35 1126515
36 1126515
37 1126515
38 1126515
39 1126515
40 1126515
41 1126515
42 1126515
43 1126515
44 1126515
45 1126515
46 1126515
47 1126515
48 1126515
49 1126515
50 1126515
51 1126515
52 1126515
53 1126515
54 1126515
55 1126515
56 1126515
57 1126515
58 1126515
59 1126515
60 1126515
61 1126515
62 1126515
63 1126515
64 1126515
65 1126515
66 1126515
67 1126515
68 1126515
69 1126515
70 1126515
71 1126515
72 1126515
