1 26
2 29
3 30
4 31
5 36
6 36
7 41
8 43
9 43
10 45
11 47
12 47
13 48
14 48
15 52
16 53
17 56
18 59
19 64
20 66
21 67
22 70
23 70
24 72
25 75
26 78
27 78
28 79
29 80
30 83
31 86
32 88
33 90
34 90
35 90
36 92
37 92
38 94
39 94
40 99
41 101
42 102
43 104
44 104
45 105
46 104
47 106
48 109
49 109
50 111
51 111
52 113
53 113
54 113
55 114
56 114
57 114
58 115
59 117
60 119
61 120
62 120
63 121
64 124
65 124
66 124
67 125
68 127
69 128
70 128
71 128
72 132
73 135
74 137
75 136
76 136
77 138
78 138
79 138
80 138
81 142
82 143
83 145
84 145
85 145
86 147
87 148
88 148
89 148
90 148
91 150
92 151
93 151
94 152
95 153
96 153
97 154
98 154
99 156
100 156
101 157
102 157
103 157
104 157
