1 2
2 2
3 2
4 2
5 2
6 2
7 2
8 2
9 2
10 2
11 2
12 2
13 2
14 3
15 3
16 4
17 4
18 4
19 4
20 4
21 4
22 4
23 4
24 4
25 4
26 4
27 4
28 5
29 5
30 5
31 5
32 5
33 5
34 5
35 5
36 5
37 5
38 5
39 5
40 5
41 6
42 7
43 7
44 7
45 7
46 7
47 7
48 7
49 7
50 7
51 7
52 7
53 7
54 7
55 8
56 8
57 8
58 8
59 8
60 8
61 8
62 8
63 8
64 8
65 8
66 8
67 8
68 8
69 9
70 11
71 11
72 11
73 11
74 11
75 11
76 12
77 12
78 12
79 12
80 13
81 13
82 13
83 14
84 14
85 16
86 16
87 17
88 18
89 18
90 18
91 18
92 18
93 18
94 18
95 18
96 20
97 20
98 20
99 20
100 20
101 20
102 20
103 20
104 20
105 20
106 20
107 20
108 21
109 21
110 21
111 21
112 21
113 22
114 22
115 22
116 22
117 22
118 22
119 22
120 22
121 22
122 23
123 23
124 23
125 23
126 23
127 23
128 23
129 24
130 24
131 24
132 25
133 25
134 25
135 25
136 25
137 25
138 25
139 25
140 25
141 25
142 25
143 25
144 25
145 25
146 25
147 25
148 25
149 25
150 25
151 25
152 25
