1 5
2 5
3 6
4 9
5 9
6 9
7 10
8 10
9 12
10 13
11 14
12 15
13 16
14 16
15 17
16 18
17 20
18 22
19 24
20 26
21 28
22 28
23 32
24 33
25 34
26 35
27 38
28 42
29 44
30 46
31 51
32 52
33 56
34 62
35 64
36 69
37 72
38 76
39 77
40 80
41 81
42 85
43 88
44 91
45 100
46 107
47 110
48 115
49 118
50 122
51 127
52 130
53 133
54 137
55 139
56 140
57 142
58 144
59 146
60 146
61 147
62 149
63 150
64 153
65 155
66 156
67 157
68 159
69 161
70 161
71 162
72 166
73 168
74 168
75 169
76 170
77 170
78 170
79 171
80 171
81 174
82 174
83 174
84 174
85 174
86 175
87 175
88 178
89 178
90 178
91 178
92 178
93 178
94 178
95 178
96 180
97 181
98 182
99 182
100 182
101 183
102 184
103 184
104 184
105 184
106 184
107 185
108 185
109 185
110 185
111 185
112 185
113 185
114 185
115 185
116 185
117 185
118 185
119 185
120 185
121 185
122 185
123 185
124 185
125 185
126 186
127 186
128 186
129 186
130 186
131 187
132 187
133 187
134 187
135 187
136 188
137 189
138 189
139 189
140 189
141 189
142 189
