1 1007
2 1016
3 1020
4 1041
5 1056
6 1079
7 1089
8 1099
9 1102
10 1106
11 1114
12 1121
13 1127
14 1132
15 1138
16 1143
17 1151
18 1160
19 1167
20 1171
21 1180
22 1193
23 1197
24 1202
25 1217
26 1223
27 1229
28 1233
29 1236
30 1244
31 1260
32 1265
33 1271
34 1273
35 1277
36 1284
37 1289
38 1291
39 1296
40 1299
41 1301
42 1308
43 1312
44 1316
45 1316
46 1319
47 1319
48 1320
49 1320
50 1321
51 1322
52 1330
53 1335
54 1337
55 1341
56 1343
57 1344
58 1344
59 1346
60 1347
61 1350
62 1353
63 1356
64 1358
65 1359
66 1359
67 1360
68 1361
69 1363
70 1363
71 1363
72 1363
73 1363
74 1363
75 1364
76 1366
77 1369
78 1371
79 1372
80 1373
81 1378
82 1380
83 1381
84 1381
85 1383
86 1385
87 1385
88 1387
89 1388
90 1389
91 1389
92 1391
93 1391
94 1392
95 1394
96 1394
97 1394
98 1395
99 1395
100 1397
101 1397
102 1398
103 1398
104 1399
105 1399
106 1399
107 1399
108 1399
109 1399
110 1400
111 1400
