1 1309443
2 1309443
3 1309443
4 1309443
5 1309443
6 1309443
7 1309443
8 1309443
9 1309443
10 1309443
11 1309443
12 1309443
13 1309443
14 1309443
15 1309443
16 1309443
17 1309443
18 1309443
19 1309443
20 1309443
21 1309443
22 1309443
23 1309443
24 1309443
25 1309443
26 1309443
27 1309443
28 1309443
29 1309443
30 1309443
31 1309443
32 1309443
33 1309443
34 1309443
35 1309443
36 1309443
37 1309443
38 1309443
39 1309443
40 1309443
41 1309443
42 1309443
43 1309443
44 1309443
45 1309443
46 1309443
47 1309443
48 1309443
49 1309443
50 1309443
51 1309443
52 1309443
53 1309443
54 1309443
55 1309443
56 1309443
57 1309443
58 1309443
59 1309443
60 1309443
61 1309443
62 1309443
63 1309443
64 1309443
65 1309443
66 1309443
67 1309443
68 1309443
69 1309443
70 1309443
71 1309443
72 1309443
73 1309443
74 1309443
75 1309443
76 1309443
77 1309443
78 1309443
79 1309443
80 1309443
81 1309443
82 1309443
83 1309443
84 1309443
85 1309443
86 1309443
87 1309443
88 1309443
89 1309443
90 1309443
91 1309443
92 1309443
93 1309443
94 1309443
95 1309443
96 1309443
97 1309443
98 1309443
99 1309443
100 1309443
101 1309443
102 1309443
103 1309443
104 1309443
105 1309443
