1 1069
2 1154
3 1510
4 1561
5 1578
6 1640
7 1707
8 1893
9 2003
10 2081
11 2156
12 2248
13 2376
14 2514
15 2625
16 2918
17 3108
18 3314
19 3439
20 3515
21 3738
22 4122
23 4549
24 4898
25 5104
26 5532
27 5980
28 6318
29 6542
30 6923
31 7233
32 7639
33 7998
34 8470
35 8895
36 9333
37 9755
38 10054
39 10554
40 11088
41 11659
42 12319
43 12910
44 13418
45 14053
46 14465
47 15257
48 16281
49 17386
50 18549
51 19844
52 20834
53 22132
54 23645
55 25004
56 26334
57 27654
58 28936
59 29943
60 31309
61 32810
62 34687
63 36824
64 38958
65 41182
66 42829
67 44688
68 47102
69 49979
70 53116
71 56746
72 59746
73 62655
74 66602
75 70390
76 73780
77 77240
78 80188
79 83077
80 85161
81 87360
82 89802
83 92175
84 94695
85 97200
86 99444
87 100823
88 102831
89 104864
90 107051
91 109140
92 110921
93 112494
94 113740
95 115346
96 116993
97 118645
98 120107
99 121582
100 122793
101 123747
102 125096
103 126323
104 127364
105 128389
106 129531
107 130606
108 131219
109 132275
110 133310
111 134403
112 135598
113 136716
114 137677
115 138482
116 139156
117 140232
118 141531
119 142723
120 144127
121 145427
122 146134
123 147391
124 148504
125 149460
126 150652
127 151928
128 152580
129 153367
130 154741
131 156139
132 157354
133 158604
134 160016
135 161466
136 162527
137 164071
138 165764
139 167604
140 169412
141 171366
142 173390
143 174748
144 177060
145 179569
146 182306
147 185220
148 188193
149 191449
150 193526
151 197135
152 201174
153 205482
154 209748
155 214069
156 218304
157 221533
158 225796
159 230269
160 234701
161 238828
162 242899
163 246711
164 249259
165 253075
166 256789
167 260623
168 264450
169 267822
170 271114
171 273098
172 276325
173 279715
174 282752
175 285672
176 287930
177 290613
178 292560
179 295236
180 298107
181 300833
182 303693
183 306559
184 309339
185 311188
186 314224
187 317548
188 321031
189 324459
190 327718
191 331017
192 333171
193 336750
194 340436
195 344318
196 348404
197 352520
198 356656
199 359488
200 364341
201 370014
202 375753
203 381644
204 386706
205 392370
206 396371
207 403096
208 409938
209 416653
210 423831
211 430784
212 438529
213 443552
214 451382
215 459975
216 467028
217 474830
218 482170
219 485405
220 489202
221 495598
222 503084
223 510630
224 517238
225 523117
226 529863
227 534317
228 540541
229 545787
230 551262
231 556744
232 561742
233 566648
234 570374
235 574380
236 578324
237 582058
238 586125
239 589544
240 592250
241 593924
242 597112
243 599575
244 601150
245 603535
246 605470
247 607454
248 608830
249 610447
250 611994
251 613357
252 613357
