1 548
2 602
3 644
4 784
5 827
6 919
7 983
8 983
9 1004
10 1065
11 1065
12 1219
13 1295
14 1626
15 1710
16 2181
17 2493
18 2947
19 3164
20 3290
21 3918
22 4331
23 4664
24 4769
25 4957
26 6041
27 6098
28 6336
29 6783
30 7237
31 7416
32 7621
33 7728
34 8066
35 8421
36 8795
37 9055
38 9280
39 9492
40 9684
41 10063
42 10221
43 10380
44 10605
45 10713
46 11064
47 11114
48 11220
49 11341
50 11458
51 11552
52 11590
53 11720
54 11834
55 11984
56 12129
57 12190
58 12250
59 12278
60 12500
61 12525
62 12589
63 12721
64 12741
65 12790
66 12831
67 12933
68 13028
69 13045
70 13136
71 13162
72 13244
73 13271
74 13379
75 13473
76 13522
77 13542
78 13560
79 13594
80 13645
81 13679
82 13811
83 13840
84 13857
85 13886
86 13923
87 13984
88 14049
89 14103
90 14133
91 14170
92 14201
93 14239
94 14266
95 14293
96 14365
97 14401
98 14415
99 14447
100 14498
101 14531
102 14605
103 14655
104 14690
105 14733
106 14779
107 14826
108 14862
109 14882
110 14894
111 14920
112 14937
113 14957
114 14982
115 15011
116 15026
117 15066
118 15106
119 15143
120 15173
121 15193
122 15209
123 15226
124 15242
125 15259
126 15281
127 15286
128 15297
129 15313
130 15331
131 15354
132 15363
133 15379
134 15392
135 15404
136 15420
137 15449
138 15458
139 15477
140 15494
141 15509
142 15524
143 15549
144 15551
145 15560
146 15572
147 15577
148 15579
149 15586
150 15594
151 15616
152 15623
153 15642
154 15652
155 15670
156 15685
157 15692
158 15707
159 15738
160 15765
161 15784
162 15817
163 15841
164 15853
165 15853
