1 570
2 643
3 740
4 748
5 758
6 825
7 962
8 995
9 1037
10 1062
11 1166
12 1214
13 1267
14 1358
15 1396
16 1402
17 1471
18 1565
19 1609
20 1665
21 1738
22 1767
23 1892
24 1915
25 1957
26 1999
27 2054
28 2135
29 2216
30 2299
31 2394
32 2542
33 2699
34 2816
35 2970
36 3102
37 3284
38 3432
39 3505
40 3585
41 3663
42 3741
43 3820
44 3902
45 3997
46 4076
47 4148
48 4247
49 4334
50 4404
51 4453
52 4524
53 4599
54 4684
55 4782
56 4868
57 4955
58 5039
59 5136
60 5212
61 5299
62 5402
63 5490
64 5569
65 5662
66 5677
67 5763
68 5857
69 5948
70 6044
71 6142
72 6222
73 6313
74 6404
75 6501
76 6517
77 6608
78 6706
79 6785
80 6834
81 6904
82 7005
83 7024
84 7106
85 7208
86 7282
87 7376
88 7470
89 7560
90 7654
91 7740
92 7830
93 7942
94 8026
95 8159
96 8281
97 8361
98 8488
99 8628
100 8749
101 8855
102 8935
103 9054
104 9162
105 9301
106 9450
107 9623
108 9727
109 9796
110 9868
111 9916
112 9972
113 10026
114 10049
115 10096
116 10121
117 10145
118 10177
119 10191
120 10206
121 10242
122 10286
123 10323
124 10354
125 10387
126 10430
127 10491
128 10533
129 10551
130 10612
131 10645
132 10689
133 10753
134 10779
135 10835
136 10867
137 10867
