1 675
2 735
3 771
4 771
5 779
6 787
7 796
8 881
9 926
10 979
11 988
12 1003
13 1198
14 1340
15 1360
16 1396
17 1442
18 1546
19 1583
20 1681
21 1797
22 1868
23 1933
24 2095
25 2252
26 2290
27 2326
28 2352
29 2418
30 2484
31 2522
32 2559
33 2613
34 2651
35 2670
36 2708
37 2763
38 2772
39 2820
40 2845
41 2882
42 2898
43 2914
44 2942
45 2969
46 3004
47 3022
48 3033
49 3043
50 3058
51 3069
52 3082
53 3096
54 3111
55 3124
56 3140
57 3153
58 3167
59 3179
60 3197
61 3210
62 3226
63 3236
64 3248
65 3262
66 3280
67 3293
68 3309
69 3317
70 3327
71 3337
72 3349
73 3359
74 3371
75 3381
76 3393
77 3401
78 3411
79 3425
80 3437
81 3453
82 3465
83 3475
84 3483
85 3486
86 3488
87 3491
88 3495
89 3497
90 3503
91 3511
92 3517
93 3524
94 3532
95 3539
96 3545
97 3549
98 3551
99 3551
100 3553
101 3555
102 3555
103 3558
104 3562
105 3564
106 3567
107 3569
108 3572
109 3574
110 3574
