1 634927
2 634927
3 634927
4 634927
5 634927
6 634927
7 634927
8 634927
9 634927
10 634927
11 634927
12 634927
13 634927
14 634927
15 634927
16 634927
17 634927
18 634927
19 634927
20 634927
21 634927
22 634927
23 634927
24 634927
25 634927
26 634927
27 634927
28 634927
29 634927
30 634927
31 634927
32 634927
33 634927
34 634927
35 634927
36 634927
37 634927
38 634927
39 634927
40 634927
41 634927
42 634927
43 634927
44 634927
45 634927
46 634927
47 634927
48 634927
49 634927
50 634927
51 634927
52 634927
53 634927
54 634927
55 634927
56 634927
57 634927
58 634927
59 634927
60 634927
61 634927
62 634927
63 634927
64 634927
65 634927
66 634927
67 634927
68 634927
69 634927
70 634927
71 634927
72 634927
73 634927
74 634927
75 634927
76 634927
77 634927
78 634927
79 634927
80 634927
81 634927
82 634927
83 634927
84 634927
85 634927
86 634927
87 634927
88 634927
89 634927
90 634927
91 634927
92 634927
93 634927
94 634927
95 634927
96 634927
97 634927
98 634927
99 634927
100 634927
101 634927
102 634927
103 634927
104 634927
105 634927
106 634927
107 634927
108 634927
109 634927
110 634927
111 634927
112 634927
113 634927
114 634927
115 634927
116 634927
117 634927
118 634927
119 634927
120 634927
121 634927
122 634927
123 634927
124 634927
125 634927
126 634927
127 634927
128 634927
129 634927
130 634927
131 634927
132 634927
