1 780
2 820
3 876
4 891
5 935
6 942
7 989
8 992
9 1020
10 1098
11 1118
12 1121
13 1130
14 1143
15 1167
16 1175
17 1210
18 1289
19 1295
20 1329
21 1348
22 1369
23 1371
24 1379
25 1387
26 1394
27 1412
28 1433
29 1487
30 1497
31 1512
32 1529
33 1532
34 1548
35 1588
36 1590
37 1596
38 1600
39 1630
40 1638
41 1641
42 1656
43 1670
44 1681
45 1683
46 1690
47 1711
48 1713
49 1716
50 1727
51 1734
52 1740
53 1759
54 1763
55 1790
56 1832
57 1850
58 1865
59 1879
60 1885
61 1895
62 1923
63 1975
64 2014
65 2120
66 2130
67 2134
68 2169
69 2199
70 2262
71 2269
72 2314
73 2399
74 2495
75 2544
76 2632
77 2664
78 2704
79 2744
80 2783
81 2822
82 2852
83 2864
84 2873
85 2876
86 2892
87 2902
88 2931
89 2943
90 2943
