1 1454483
2 1454483
3 1454483
4 1454483
5 1454483
6 1454483
7 1454483
8 1454483
9 1454483
10 1454483
11 1454483
12 1454483
13 1454483
14 1454483
15 1454483
16 1454483
17 1454483
18 1454483
19 1454483
20 1454483
21 1454483
22 1454483
23 1454483
24 1454483
25 1454483
26 1454483
27 1454483
28 1454483
29 1454483
30 1454483
31 1454483
32 1454483
33 1454483
34 1454483
35 1454483
36 1454483
37 1454483
38 1454483
39 1454483
40 1454483
41 1454483
42 1454483
43 1454483
44 1454483
45 1454483
46 1454483
47 1454483
48 1454483
49 1454483
50 1454483
51 1454483
52 1454483
53 1454483
54 1454483
55 1454483
56 1454483
57 1454483
58 1454483
59 1454483
60 1454483
61 1454483
62 1454483
63 1454483
64 1454483
65 1454483
66 1454483
67 1454483
68 1454483
69 1454483
70 1454483
71 1454483
72 1454483
73 1454483
74 1454483
75 1454483
76 1454483
77 1454483
78 1454483
79 1454483
80 1454483
81 1454483
82 1454483
83 1454483
84 1454483
85 1454483
86 1454483
87 1454483
88 1454483
89 1454483
90 1454483
91 1454483
92 1454483
93 1454483
94 1454483
95 1454483
96 1454483
97 1454483
98 1454483
99 1454483
100 1454483
101 1454483
102 1454483
103 1454483
104 1454483
105 1454483
106 1454483
107 1454483
108 1454483
109 1454483
