1 2
2 2
3 2
4 2
5 2
6 2
7 2
8 2
9 2
10 2
11 3
12 3
13 4
14 4
15 4
16 4
17 4
18 4
19 4
20 4
21 4
22 5
23 4
24 4
25 4
26 4
27 4
28 4
29 6
30 6
31 6
32 6
33 6
34 8
35 8
36 8
37 8
38 9
39 9
40 9
41 9
42 9
43 9
44 12
45 16
46 16
47 16
48 16
49 16
50 17
51 17
52 17
53 17
54 17
55 17
56 17
57 17
58 17
59 17
60 17
61 17
62 17
63 17
64 17
65 17
66 17
67 18
68 18
69 18
70 18
71 18
72 18
73 18
74 19
75 20
76 20
77 20
78 20
79 21
80 21
81 21
82 21
83 21
84 21
85 21
86 21
87 21
88 22
89 22
90 23
91 23
92 23
93 23
94 23
95 23
96 23
97 23
98 23
99 23
100 23
101 23
102 23
103 23
104 23
105 23
106 24
107 24
108 24
109 24
110 24
111 24
112 24
113 24
114 24
115 24
116 26
117 26
118 26
119 26
120 26
121 26
122 26
123 27
124 27
125 27
126 27
127 27
128 28
129 28
130 28
131 28
132 28
133 28
134 28
135 29
136 29
137 30
138 31
139 31
140 31
141 31
