1 1029
2 1107
3 1156
4 1214
5 1264
6 1326
7 1382
8 1419
9 1457
10 1495
11 1524
12 1568
13 1620
14 1682
15 1722
16 1758
17 1798
18 1870
19 1927
20 1984
21 2040
22 2085
23 2145
24 2194
25 2223
26 2265
27 2375
28 2481
29 2559
30 2654
31 2692
32 2770
33 2826
34 2928
35 3010
36 3121
37 3218
38 3292
39 3398
40 3565
41 3695
42 3825
43 3952
44 4120
45 4239
46 4390
47 4573
48 4755
49 4915
50 5106
51 5319
52 5539
53 5764
54 6067
55 6256
56 6462
57 6753
58 6927
59 7072
60 7330
61 7590
62 7750
63 8012
64 8257
65 8442
66 8632
67 8925
68 9120
69 9333
70 9550
71 9735
72 9944
73 10100
74 10372
75 10601
76 10819
77 11009
78 11188
79 11381
80 11545
81 11717
82 11877
83 12040
84 12193
85 12352
86 12456
87 12590
88 12772
89 12930
90 13022
91 13171
92 13338
93 13442
94 13557
95 13707
96 13845
97 13965
98 14087
99 14206
100 14316
101 14422
102 14567
103 14726
104 14872
105 15045
106 15217
107 15362
108 15496
109 15688
110 15872
111 16043
112 16230
113 16448
114 16658
115 16831
116 17014
117 17196
118 17391
119 17561
120 17750
121 17935
122 18099
123 18297
124 18492
125 18655
126 18889
127 19078
128 19266
129 19426
130 19656
131 19881
132 20123
133 20320
134 20602
135 20830
136 21033
137 21261
138 21532
139 21762
140 22007
141 22276
142 22505
143 22716
144 22984
145 23262
146 23536
147 23760
148 23977
149 24193
150 24344
151 24568
152 24847
153 25095
154 25349
155 25593
156 25795
157 26030
158 26305
159 26575
160 26814
161 27010
162 27264
163 27487
164 27631
165 27799
166 27990
167 28177
168 28325
169 28463
170 28582
171 28767
172 28977
173 29206
174 29432
175 29643
176 29822
177 29994
178 30155
179 30349
180 30531
181 30681
182 30845
183 31060
184 31205
185 31376
186 31540
187 31700
188 31840
189 31965
190 32129
191 32207
192 32412
193 32541
194 32687
195 32842
196 32990
197 33115
198 33191
199 33304
200 33419
201 33547
202 33547
