1 1512353
2 1512353
3 1512353
4 1512353
5 1512353
6 1512353
7 1512353
8 1512353
9 1512353
10 1512353
11 1512353
12 1512353
13 1512353
14 1512353
15 1512353
16 1512353
17 1512353
18 1512353
19 1512353
20 1512353
21 1512353
22 1512353
23 1512353
24 1512353
25 1512353
26 1512353
27 1512353
28 1512353
29 1512353
30 1512353
31 1512353
32 1512353
33 1512353
34 1512353
35 1512353
36 1512353
37 1512353
38 1512353
39 1512353
40 1512353
41 1512353
42 1512353
43 1512353
44 1512353
45 1512353
46 1512353
47 1512353
48 1512353
49 1512353
50 1512353
51 1512353
52 1512353
53 1512353
54 1512353
55 1512353
56 1512353
57 1512353
58 1512353
59 1512353
60 1512353
61 1512353
62 1512353
63 1512353
64 1512353
65 1512353
66 1512353
67 1512353
68 1512353
69 1512353
70 1512353
71 1512353
