1 1946905
2 1946905
3 1946905
4 1946905
5 1946905
6 1946905
7 1946905
8 1946905
9 1946905
10 1946905
11 1946905
12 1946905
13 1946905
14 1946905
15 1946905
16 1946905
17 1946905
18 1946905
19 1946905
20 1946905
21 1946905
22 1946905
23 1946905
24 1946905
25 1946905
26 1946905
27 1946905
28 1946905
29 1946905
30 1946905
31 1946905
32 1946905
33 1946905
34 1946905
35 1946905
36 1946905
37 1946905
38 1946905
39 1946905
40 1946905
41 1946905
42 1946905
43 1946905
44 1946905
45 1946905
46 1946905
47 1946905
48 1946905
49 1946905
50 1946905
51 1946905
52 1946905
53 1946905
54 1946905
55 1946905
56 1946905
57 1946905
58 1946905
59 1946905
60 1946905
61 1946905
62 1946905
63 1946905
64 1946905
65 1946905
66 1946905
67 1946905
68 1946905
69 1946905
70 1946905
71 1946905
72 1946905
73 1946905
74 1946905
75 1946905
76 1946905
77 1946905
78 1946905
79 1946905
80 1946905
81 1946905
82 1946905
83 1946905
84 1946905
85 1946905
86 1946905
87 1946905
88 1946905
89 1946905
90 1946905
91 1946905
92 1946905
93 1946905
94 1946905
95 1946905
96 1946905
97 1946905
98 1946905
99 1946905
100 1946905
101 1946905
102 1946905
103 1946905
104 1946905
105 1946905
106 1946905
107 1946905
108 1946905
109 1946905
110 1946905
111 1946905
112 1946905
113 1946905
114 1946905
115 1946905
116 1946905
117 1946905
118 1946905
119 1946905
120 1946905
121 1946905
122 1946905
123 1946905
124 1946905
125 1946905
126 1946905
127 1946905
128 1946905
129 1946905
130 1946905
131 1946905
132 1946905
133 1946905
134 1946905
135 1946905
136 1946905
137 1946905
138 1946905
139 1946905
140 1946905
141 1946905
142 1946905
143 1946905
144 1946905
145 1946905
146 1946905
147 1946905
148 1946905
149 1946905
150 1946905
