1 1295114
2 1295114
3 1295114
4 1295114
5 1295114
6 1295114
7 1295114
8 1295114
9 1295114
10 1295114
11 1295114
12 1295114
13 1295114
14 1295114
15 1295114
16 1295114
17 1295114
18 1295114
19 1295114
20 1295114
21 1295114
22 1295114
23 1295114
24 1295114
25 1295114
26 1295114
27 1295114
28 1295114
29 1295114
30 1295114
31 1295114
32 1295114
33 1295114
34 1295114
35 1295114
36 1295114
37 1295114
38 1295114
39 1295114
40 1295114
41 1295114
42 1295114
43 1295114
44 1295114
45 1295114
46 1295114
47 1295114
48 1295114
49 1295114
50 1295114
51 1295114
52 1295114
53 1295114
54 1295114
55 1295114
56 1295114
57 1295114
58 1295114
59 1295114
60 1295114
61 1295114
62 1295114
63 1295114
64 1295114
65 1295114
66 1295114
67 1295114
68 1295114
69 1295114
70 1295114
71 1295114
72 1295114
73 1295114
74 1295114
75 1295114
76 1295114
77 1295114
78 1295114
79 1295114
80 1295114
81 1295114
82 1295114
83 1295114
84 1295114
85 1295114
86 1295114
87 1295114
88 1295114
89 1295114
90 1295114
91 1295114
92 1295114
93 1295114
94 1295114
95 1295114
96 1295114
97 1295114
98 1295114
99 1295114
100 1295114
101 1295114
102 1295114
103 1295114
104 1295114
105 1295114
106 1295114
107 1295114
108 1295114
109 1295114
110 1295114
111 1295114
112 1295114
113 1295114
114 1295114
115 1295114
116 1295114
