1 x
2 x
3 x
4 x
5 x
6 x
7 x
8 x
9 x
10 x
11 x
12 x
13 x
14 x
15 x
16 x
17 x
18 x
19 x
20 x
21 x
22 x
23 x
24 x
25 x
26 x
27 x
28 x
29 x
30 x
31 x
32 x
33 x
34 x
35 x
36 x
37 x
38 x
39 x
40 x
41 x
42 x
43 x
44 x
45 x
46 x
47 x
48 x
49 x
50 x
51 x
52 x
53 x
54 x
55 x
56 x
57 x
58 x
59 x
60 x
61 x
62 x
63 x
64 x
65 x
66 x
67 x
68 x
69 x
70 x
71 x
72 10
73 10
74 10
75 10
76 10
77 10
78 10
79 12
80 12
81 12
82 12
83 12
84 12
85 12
86 12
87 12
88 12
89 12
90 12
91 12
92 12
93 12
94 12
95 12
96 12
97 12
98 12
99 12
100 12
101 12
102 12
103 12
104 12
105 12
106 12
107 12
108 12
109 12
110 12
111 12
112 12
113 12
114 12
115 13
116 13
117 13
118 13
119 13
120 14
121 14
122 14
123 14
124 14
125 14
126 14
127 14
128 14
129 14
130 14
131 14
132 14
133 14
134 14
135 14
136 14
137 14
138 14
139 15
140 15
141 16
142 16
143 17
144 21
145 21
146 28
147 28
148 34
149 39
150 39
151 40
152 48
153 49
154 49
155 59
156 59
157 60
158 65
159 68
160 71
161 71
162 74
163 74
164 74
165 76
166 82
167 83
168 85
169 89
170 89
171 90
172 92
173 93
174 94
175 96
176 100
177 101
178 111
179 117
180 120
181 123
182 126
183 128
184 131
185 139
186 147
187 151
188 156
189 156
190 160
191 161
192 173
193 173
194 184
195 184
196 193
197 203
198 209
199 211
200 215
201 220
202 226
203 228
204 254
205 255
206 256
207 265
208 271
209 272
210 272
211 272
212 279
213 301
214 306
215 319
216 325
217 330
218 332
219 341
220 348
221 351
222 354
223 367
224 368
225 378
226 382
227 385
228 387
229 389
230 390
231 390
232 394
233 402
234 403
235 405
236 406
237 408
238 411
239 414
240 415
241 421
242 422
243 427
244 427
245 432
246 435
247 439
248 439
249 439
250 440
251 443
252 446
253 453
254 454
255 455
256 457
257 459
258 459
259 460
260 463
261 463
262 465
263 465
264 466
265 466
266 468
267 471
268 472
269 472
270 473
271 485
272 485
273 490
274 493
275 496
276 504
277 506
278 511
279 517
280 518
281 525
282 531
283 532
284 537
285 539
286 542
287 549
288 552
289 555
290 555
291 556
292 560
293 560
294 562
295 565
296 565
297 565
298 565
