1 761
2 790
3 839
4 863
5 884
6 915
7 927
8 950
9 970
10 986
11 1027
12 1027
13 1096
14 1163
15 1214
16 1267
17 1347
18 1416
19 1447
20 1529
21 1598
22 1643
23 1714
24 1768
25 1849
26 1869
27 1963
28 2016
29 2080
30 2155
31 2210
32 2265
33 2339
34 2346
35 2412
36 2485
37 2542
38 2563
39 2613
40 2629
41 2714
42 2767
43 2821
44 2869
45 2901
46 2939
47 2951
48 2983
49 3020
50 3054
51 3082
52 3095
53 3116
54 3125
55 3154
56 3175
57 3192
58 3207
59 3219
60 3229
61 3230
62 3241
63 3250
64 3258
65 3283
66 3285
67 3299
68 3300
69 3313
70 3325
71 3325
72 3325
73 3332
74 3334
75 3374
76 3384
77 3389
78 3396
79 3399
80 3402
81 3404
82 3404
83 3416
84 3427
85 3437
86 3439
87 3455
88 3464
89 3474
90 3491
91 3516
92 3536
93 3544
94 3550
95 3557
96 3558
97 3566
98 3578
99 3583
100 3585
101 3589
102 3592
103 3592
104 3592
