1 13
2 13
3 13
4 13
5 16
6 16
7 16
8 16
9 16
10 17
11 17
12 17
13 18
14 19
15 19
16 20
17 20
18 24
19 24
20 27
21 37
22 38
23 39
24 42
25 45
26 46
27 53
28 58
29 58
30 65
31 67
32 73
33 74
34 75
35 81
36 82
37 83
38 85
39 86
40 88
41 91
42 92
43 100
44 106
45 106
46 106
47 107
48 109
49 113
50 116
51 117
52 119
53 122
54 121
55 123
56 128
57 128
58 129
59 129
60 131
61 131
62 131
63 131
64 132
65 133
66 133
67 133
68 134
69 134
70 138
71 138
72 141
73 142
74 143
75 144
76 145
77 146
78 146
79 148
80 151
81 150
82 151
83 152
84 152
85 152
86 152
87 153
88 153
89 155
90 155
91 157
92 159
93 159
94 159
95 163
96 164
97 167
98 169
99 170
100 172
101 173
102 175
103 176
104 178
105 179
106 179
107 179
108 185
109 185
110 185
111 185
112 188
113 190
114 191
115 191
116 191
117 191
118 192
119 192
120 192
121 196
122 196
123 196
124 196
125 197
126 198
127 198
128 198
