1 1038
2 1113
3 1140
4 1174
5 1204
6 1228
7 1318
8 1420
9 1535
10 1599
11 1671
12 1732
13 1786
14 1854
15 1900
16 1971
17 2039
18 2100
19 2136
20 2185
21 2253
22 2296
23 2332
24 2334
25 2364
26 2400
27 2458
28 2517
29 2621
30 2661
31 2719
32 2774
33 2821
34 2858
35 2922
36 2962
37 3011
38 3037
39 3094
40 3144
41 3196
42 3403
43 3450
44 3468
45 3491
46 3535
47 3582
48 3624
49 3647
50 3699
51 3748
52 3782
53 3824
54 3891
55 3939
56 3969
57 4031
58 4084
59 4117
60 4152
61 4195
62 4238
63 4286
64 4316
65 4354
66 4392
67 4422
68 4469
69 4493
70 4519
71 4541
72 4575
73 4594
74 4616
75 4642
76 4674
77 4701
78 4730
79 4757
80 4776
81 4813
82 4824
83 4862
84 4906
85 5055
86 5062
87 5073
88 5089
89 5107
90 5116
91 5128
92 5148
93 5160
94 5165
95 5174
96 5181
97 5189
98 5203
99 5220
100 5229
101 5240
102 5244
103 5245
104 5258
105 5272
106 5292
107 5292
108 5296
109 5303
110 5321
111 5347
112 5348
113 5348
114 5349
115 5353
116 5358
117 5361
118 5365
119 5366
120 5376
121 5389
122 5390
123 5392
124 5396
125 5400
126 5464
127 5469
128 5476
129 5477
130 5484
131 5491
132 5505
133 5564
134 5626
135 5626
136 5630
137 5645
138 5652
139 5657
140 5657
